Spectroscopic Data At X=0, Y=0
Wavelength (nm)	Psi (65.00, 70.00, 75.00°)	Delta (65.00, 70.00, 75.00°)									Model	
300.349365	33.537201	122.923889	33.699574	122.957779	32.109020	106.761559	32.343822	106.902359	31.702517	85.348396	31.910482	85.914627	
301.942047	33.237026	123.208153	33.401890	123.210594	31.761375	106.968811	31.999249	107.100418	31.346001	85.435066	31.544306	85.986870	
303.534760	32.948158	123.449074	33.134426	123.439804	31.458445	107.176178	31.689209	107.278496	31.017799	85.576729	31.214603	86.047508	
305.127502	32.727352	123.753326	32.894093	123.655701	31.209639	107.357399	31.409719	107.447960	30.715271	85.675362	30.916494	86.107834	
306.720245	32.485504	123.930222	32.677620	123.865570	30.953072	107.560387	31.156757	107.616623	30.459122	85.732216	30.645269	86.175194	
308.312988	32.322620	124.184830	32.481953	124.074341	30.683947	107.772430	30.926647	107.789558	30.168692	85.859222	30.396755	86.254051	
309.905792	32.103962	124.362305	32.304375	124.285233	30.473022	107.933403	30.716181	107.969933	29.944550	86.014305	30.167404	86.346916	
311.498596	31.967302	124.647316	32.142548	124.500305	30.268789	108.156212	30.522646	108.159653	29.717220	86.112282	29.954273	86.455063	
313.091400	31.788307	124.872650	31.994463	124.720848	30.130884	108.453995	30.343740	108.359756	29.531013	86.243248	29.754902	86.578979	
314.684235	31.661779	125.027802	31.858414	124.947563	29.949234	108.688797	30.177530	108.570702	29.324961	86.412231	29.567261	86.718613	
316.277100	31.540192	125.366875	31.732924	125.180756	29.831934	108.869972	30.022366	108.792503	29.166380	86.517876	29.389652	86.873512	
317.869934	31.402437	125.600304	31.616774	125.420372	29.661076	109.088974	29.876907	109.024841	28.981333	86.744621	29.220730	87.042969	
319.462830	31.339819	125.929604	31.508942	125.666153	29.498777	109.328850	29.740047	109.267197	28.836138	87.007072	29.059395	87.226158	
321.055725	31.242958	126.191643	31.408606	125.917664	29.389034	109.700928	29.610916	109.518890	28.684576	87.181770	28.904814	87.422150	
322.648651	31.146511	126.442032	31.315128	126.174400	29.290833	109.984085	29.488848	109.779228	28.527617	87.444267	28.756371	87.630096	
324.241577	31.060394	126.679016	31.228031	126.435806	29.192123	110.319778	29.373365	110.047485	28.402153	87.589592	28.613636	87.849159	
325.834534	31.032476	126.981720	31.146973	126.701370	29.076067	110.566154	29.264139	110.323036	28.248722	87.908943	28.476332	88.078690	
327.427490	30.927423	127.314911	31.071745	126.970612	29.015173	110.840202	29.160980	110.605324	28.113506	88.183235	28.344322	88.318153	
329.020447	30.850700	127.612518	31.002249	127.243134	28.896008	111.178253	29.063828	110.893913	27.997272	88.478378	28.217587	88.567230	
330.613434	30.792091	127.903008	30.938574	127.518669	28.810450	111.526779	28.972809	111.188614	27.885172	88.731720	28.096281	88.825912	
332.206421	30.785051	128.238739	30.880943	127.797142	28.730614	111.853218	28.888199	111.489471	27.745026	89.130302	27.980688	89.094566	
333.799438	30.748741	128.488510	30.829342	128.078491	28.641399	112.158829	28.810001	111.796478	27.654657	89.390083	27.870827	89.373306	
335.392456	30.670546	128.771988	30.784004	128.362869	28.566916	112.457245	28.738485	112.109962	27.564505	89.761116	27.766951	89.662788	
336.985474	30.638124	129.021332	30.745197	128.650604	28.497936	112.820877	28.673948	112.430443	27.440529	89.998245	27.669333	89.963867	
338.578522	30.623686	129.330597	30.713734	128.942657	28.453146	113.094437	28.617252	112.759438	27.363714	90.312164	27.578722	90.278793	
340.171570	30.571815	129.751755	30.689650	129.239548	28.388895	113.504936	28.568420	113.097626	27.270905	90.620834	27.495102	90.608459	
341.764587	30.567244	130.029373	30.673256	129.542068	28.358965	113.873856	28.527781	113.446091	27.191235	91.000755	27.418726	90.954376	
343.357666	30.515713	130.345734	30.665356	129.851685	28.315247	114.221931	28.496159	113.806923	27.074493	91.340164	27.350266	91.319412	
344.950745	30.526850	130.572906	30.666756	130.170029	28.310368	114.513954	28.474375	114.182434	27.078470	91.831001	27.290377	91.706726	
346.543823	30.549589	130.992218	30.677681	130.497818	28.290495	114.841637	28.462685	114.573578	26.929150	92.115746	27.239269	92.117683	
348.136902	30.594488	131.435379	30.699787	130.837906	28.290066	115.456459	28.462795	114.984421	26.912842	92.753662	27.198364	92.557869	
349.730011	30.637243	131.662720	30.734793	131.193817	28.317373	115.831848	28.476467	115.419884	26.930189	93.118103	27.169069	93.033859	
351.323090	30.665714	132.067963	30.783566	131.568359	28.318054	116.359779	28.504564	115.883636	26.895144	93.815140	27.152016	93.550438	
352.916199	30.702959	132.560654	30.850460	131.974426	28.349762	116.963173	28.551216	116.392769	26.859728	94.181511	27.149933	94.128883	
354.509338	30.817097	132.992844	30.935257	132.420624	28.424961	117.507286	28.615730	116.957481	26.889225	95.018578	27.161255	94.780434	
356.102448	30.917219	133.536987	31.039148	132.927582	28.508432	118.082268	28.698223	117.603050	26.896814	95.727684	27.183800	95.533501	
357.695557	31.039858	134.058670	31.158375	133.521027	28.606590	118.965614	28.792915	118.359154	26.927898	96.708458	27.208773	96.418610	
359.288696	31.152281	134.845581	31.284111	134.216431	28.660749	119.896881	28.888994	119.241905	26.918980	97.663338	27.223343	97.449394	
360.881805	31.233885	135.655685	31.399700	135.044907	28.703535	120.906914	28.965538	120.284096	26.834507	98.768608	27.202011	98.653343	
362.474945	31.321726	136.576752	31.490192	135.986588	28.714138	121.916183	29.006847	121.458511	26.746618	100.059769	27.130327	99.995132	
364.068085	31.326426	137.606018	31.528534	137.043427	28.728973	123.270172	28.981342	122.760567	26.605568	101.526054	26.973862	101.455254	
365.661224	31.325590	138.697739	31.513037	138.162308	28.621855	124.629257	28.890072	124.127304	26.340376	102.923157	26.738684	102.965530	
367.254364	31.238684	139.783234	31.424385	139.308884	28.414457	125.973389	28.712011	125.511406	26.025288	104.410477	26.405184	104.459389	
368.847504	31.112938	140.996277	31.277121	140.441299	28.207684	127.321793	28.466091	126.866531	25.650009	105.872818	25.997524	105.891785	
370.440643	30.931061	142.062775	31.070866	141.519302	27.934870	128.704224	28.153830	128.141663	25.193024	107.413864	25.521887	107.199127	
372.033783	30.728014	143.116608	30.820219	142.523895	27.666082	129.895325	27.793224	129.316223	24.717510	108.579475	25.000145	108.362068	
373.626923	30.479179	143.960327	30.539463	143.445343	27.278271	131.012589	27.401602	130.380829	24.189121	109.557106	24.452841	109.374466	
375.220093	30.182928	144.848587	30.235857	144.263870	26.878447	131.902100	26.988844	131.310669	23.655058	110.502716	23.894239	110.207352	
376.813232	29.866457	145.599030	29.923506	145.008408	26.439058	132.814743	26.569910	132.145630	23.104118	111.249779	23.337440	110.914848	
378.406372	29.538576	146.188110	29.607574	145.659348	25.994661	133.440353	26.152372	132.860825	22.552107	111.861908	22.794312	111.468895	
379.999512	29.168839	146.816605	29.293222	146.244019	25.584307	134.085739	25.740738	133.491928	21.960276	112.275352	22.266562	111.914230	
381.592621	28.896694	147.343506	28.983000	146.770798	25.132265	134.652786	25.337626	134.049774	21.441612	112.589279	21.756371	112.264847	
383.185760	28.559305	147.793594	28.680922	147.230270	24.767437	135.179794	24.948568	134.522903	20.948036	112.603188	21.271608	112.510323	
384.778900	28.265120	148.193466	28.385891	147.645737	24.376211	135.570801	24.570808	134.940567	20.457458	112.816124	20.806175	112.684212	
386.372009	27.979643	148.571625	28.099579	148.017502	24.006031	135.805634	24.206394	135.303467	20.071003	113.000854	20.362476	112.789162	
387.965149	27.736195	148.854553	27.825178	148.342224	23.717070	136.223907	23.859404	135.608246	19.667685	112.942543	19.945580	112.825226	
389.558289	27.482044	149.175842	27.560493	148.634354	23.363012	136.434586	23.526297	135.872726	19.273060	112.928627	19.549572	112.811951	
391.151398	27.202263	149.364487	27.306107	148.896973	23.054174	136.627670	23.207581	136.101135	18.887949	112.922592	19.174553	112.755852	
392.744476	26.995157	149.574677	27.065817	149.127213	22.765781	136.858368	22.907957	136.291443	18.561184	112.853729	18.825909	112.660553	
394.337585	26.759380	149.835968	26.836475	149.336197	22.513584	137.046967	22.622936	136.456985	18.210091	112.694862	18.497076	112.539146	
395.930695	26.517515	149.960342	26.617916	149.527573	22.212992	137.179962	22.352060	136.602631	17.894199	112.517334	18.186905	112.398354	
397.523773	26.389540	150.229706	26.410664	149.703796	21.955473	137.188187	22.095758	136.732071	17.671911	112.460114	17.895321	112.244576	
399.116852	26.176811	150.425720	26.215290	149.867371	21.757311	137.337524	21.854504	136.849152	17.396486	112.211960	17.622250	112.084526	
400.709930	26.005665	150.519562	26.029144	150.023315	21.538828	137.530701	21.624802	136.959396	17.140173	112.118607	17.363144	111.921913	
402.303009	25.861996	150.760880	25.851553	150.173752	21.318020	137.693268	21.405687	137.065491	16.886974	111.954002	17.116549	111.759819	
403.896057	25.638378	150.793198	25.681778	150.320419	21.099014	137.661240	21.196148	137.169556	16.645420	111.771309	16.881035	111.600372	
405.489105	25.487759	150.935959	25.520437	150.464035	20.891859	137.870880	20.996838	137.273087	16.456614	111.700150	16.657019	111.447243	
407.082123	25.371761	151.219177	25.365236	150.606247	20.678837	137.880173	20.804928	137.377167	16.202927	111.510651	16.441296	111.298500	
408.675171	25.177305	151.317657	25.215456	150.747559	20.490944	137.972794	20.619534	137.482208	16.010448	111.250092	16.232824	111.153877	
410.268158	25.054619	151.357224	25.070543	150.888184	20.300053	138.142929	20.439976	137.588287	15.831792	111.038300	16.030838	111.012909	
411.861176	24.853874	151.509491	24.930014	151.028168	20.123524	138.233521	20.265676	137.695282	15.584277	110.895279	15.834710	110.874962	
413.454193	24.727753	151.646378	24.793869	151.167297	19.953461	138.242538	20.096645	137.802979	15.393825	110.754265	15.644438	110.740135	
415.047180	24.577765	151.666946	24.661604	151.305481	19.801586	138.389694	19.932297	137.911011	15.227294	110.527695	15.459427	110.607391	
416.640137	24.469725	151.867447	24.532614	151.442703	19.617977	138.496475	19.771914	138.019104	15.009456	110.317467	15.278947	110.475456	
418.233093	24.330301	152.006500	24.406679	151.578857	19.460770	138.463821	19.615248	138.126984	14.858986	110.234390	15.102757	110.343796	
419.826019	24.195597	152.104401	24.283627	151.713776	19.315992	138.634628	19.462103	138.234375	14.685639	109.947639	14.930665	110.211983	
421.419006	24.048998	152.196045	24.163286	151.847382	19.165316	138.716858	19.312286	138.341110	14.502876	109.798767	14.762486	110.079628	
423.011871	23.948872	152.364243	24.045542	151.979553	19.002539	138.810043	19.165665	138.446976	14.316704	109.625313	14.598087	109.946449	
424.604797	23.844872	152.560242	23.930264	152.110229	18.848034	138.946579	19.022091	138.551849	14.165504	109.499832	14.437325	109.812187	
426.197662	23.741127	152.611053	23.817533	152.239197	18.700426	139.013916	18.881674	138.655533	14.030093	109.299133	14.280315	109.676987	
427.790527	23.621630	152.718643	23.707159	152.366470	18.567871	139.135437	18.744179	138.757950	13.853314	109.275955	14.126822	109.540504	
429.383392	23.483084	152.826599	23.598944	152.492111	18.436459	139.113876	18.609377	138.859039	13.704066	108.825119	13.976600	109.402397	
430.976227	23.377092	152.942505	23.492813	152.616074	18.296600	139.297195	18.477180	138.958755	13.564989	108.780258	13.829558	109.262558	
432.569031	23.256081	153.000153	23.388702	152.738327	18.156141	139.363144	18.347513	139.057037	13.446679	108.820061	13.685619	109.120941	
434.161865	23.170948	153.170731	23.286552	152.858871	18.052979	139.441635	18.220306	139.153854	13.278932	108.396637	13.544701	108.977493	
435.754639	23.066132	153.333084	23.186304	152.977692	17.909592	139.633926	18.095488	139.249161	13.162780	108.284996	13.406727	108.832184	
437.347412	22.970129	153.437225	23.087902	153.094803	17.769133	139.626740	17.972994	139.342957	13.033003	108.038345	13.271624	108.684990	
438.940186	22.878538	153.555466	22.991304	153.210190	17.667669	139.737030	17.852768	139.435226	12.882227	107.922157	13.139328	108.535934	
440.532898	22.763811	153.624481	22.896467	153.323868	17.560265	139.818298	17.734760	139.525970	12.753047	107.750534	13.009775	108.385056	
442.125641	22.658434	153.765762	22.803343	153.435852	17.435074	139.811325	17.618914	139.615204	12.624303	107.595314	12.882898	108.232353	
443.718323	22.618357	153.819763	22.711889	153.546173	17.323929	139.951569	17.505173	139.702927	12.524485	107.397842	12.758633	108.077873	
445.310974	22.522760	153.924561	22.622070	153.654831	17.226236	140.050461	17.393492	139.789154	12.393764	107.215309	12.636920	107.921669	
446.903625	22.435860	154.028900	22.533848	153.761871	17.124500	139.962479	17.283829	139.873932	12.293952	107.058594	12.517702	107.763809	
448.496246	22.300976	154.120026	22.447186	153.867294	17.011841	140.147873	17.176128	139.957275	12.165092	106.745636	12.400915	107.604332	
450.088867	22.249727	154.230957	22.362047	153.971161	16.914219	140.214615	17.070353	140.039200	12.040391	106.612724	12.286506	107.443314	
451.681458	22.163370	154.296936	22.278402	154.073486	16.799738	140.248352	16.966457	140.119766	11.972904	106.561050	12.174416	107.280815	
453.273987	22.098101	154.356003	22.196220	154.174301	16.691032	140.311523	16.864407	140.198990	11.844703	106.395470	12.064595	107.116943	
454.866547	21.986202	154.516724	22.115469	154.273666	16.589855	140.340195	16.764154	140.276947	11.733811	106.091843	11.956985	106.951767	
456.459045	21.934193	154.574188	22.036121	154.371582	16.501806	140.461227	16.665665	140.353638	11.631777	105.910423	11.851538	106.785362	
458.051514	21.859522	154.634369	21.958141	154.468094	16.406000	140.586884	16.568899	140.429123	11.574554	105.768784	11.748195	106.617805	
459.643982	21.795532	154.763168	21.881504	154.563248	16.327824	140.655350	16.473814	140.503448	11.449894	105.590279	11.646904	106.449173	
461.236420	21.726295	154.825623	21.806179	154.657089	16.221954	140.642487	16.380377	140.576660	11.352731	105.328903	11.547618	106.279556	
462.828857	21.656029	154.896484	21.732128	154.749634	16.154230	140.733536	16.288538	140.648773	11.263658	105.262032	11.450274	106.108978	
464.421234	21.564796	154.958466	21.659336	154.840942	16.063679	140.719681	16.198275	140.719879	11.162905	105.040192	11.354834	105.937569	
466.013611	21.501974	155.081696	21.587954	154.930939	15.969548	140.774734	16.109760	140.789993	11.074084	104.630875	11.261445	105.766045	
467.605957	21.409163	155.160461	21.517782	155.019760	15.864575	140.902649	16.022758	140.859177	10.998696	104.633705	11.169868	105.593887	
469.198242	21.356588	155.230988	21.448793	155.107452	15.815769	141.066238	15.937233	140.927490	10.926284	104.378891	11.080051	105.421181	
470.790527	21.318552	155.348358	21.380955	155.194046	15.702141	140.955704	15.853136	140.994949	10.844186	104.179031	10.991941	105.247940	
472.382751	21.242657	155.427734	21.314245	155.279602	15.621029	141.125916	15.770445	141.061630	10.744562	104.146080	10.905497	105.074280	
473.975006	21.161901	155.502365	21.248632	155.364120	15.553740	141.156708	15.689117	141.127548	10.657342	103.809639	10.820666	104.900223	
475.567200	21.103029	155.626434	21.184092	155.447678	15.485052	141.236420	15.609119	141.192749	10.564799	103.745789	10.737407	104.725822	
477.159332	21.039736	155.677139	21.120605	155.530273	15.384908	141.223480	15.530430	141.257278	10.512229	103.475296	10.655681	104.551170	
478.751465	20.989428	155.739304	21.058153	155.611954	15.327181	141.254807	15.453016	141.321182	10.437863	103.334206	10.575447	104.376328	
480.343567	20.950541	155.868073	20.996964	155.692657	15.254748	141.408798	15.377148	141.384583	10.371542	103.061142	10.496922	104.202484	
481.935638	20.883484	155.932190	20.936750	155.772522	15.175717	141.456741	15.302485	141.447433	10.284053	102.953598	10.419795	104.028557	
483.527679	20.818588	155.989197	20.877491	155.851593	15.114235	141.535767	15.228996	141.509796	10.218440	102.800735	10.344024	103.854591	
485.119690	20.737482	156.055161	20.819159	155.929871	15.021833	141.574249	15.156648	141.571671	10.141634	102.613274	10.269569	103.680595	
486.711670	20.706131	156.136414	20.761726	156.007401	14.966466	141.667160	15.085408	141.633087	10.072679	102.503075	10.196390	103.506592	
488.303619	20.633144	156.184372	20.705179	156.084213	14.910066	141.726456	15.015256	141.694107	9.991432	102.150208	10.124454	103.332649	
489.895508	20.577917	156.280960	20.649700	156.160278	14.818367	141.756836	14.946402	141.754852	9.927579	101.918724	10.053922	103.159798	
491.487396	20.520199	156.318222	20.595163	156.235672	14.759393	141.812851	14.878692	141.815308	9.862766	101.745888	9.984651	102.987595	
493.079193	20.477983	156.433609	20.541447	156.310410	14.685498	141.780823	14.811985	141.875443	9.807638	101.689522	9.916512	102.815559	
494.671051	20.427011	156.468872	20.488520	156.384552	14.644405	141.871552	14.746247	141.935303	9.730538	101.484016	9.849466	102.643684	
496.262787	20.375042	156.540436	20.436371	156.458115	14.562635	141.929291	14.681458	141.994873	9.684429	101.218399	9.783488	102.471985	
497.854553	20.319256	156.616623	20.385096	156.531082	14.498612	141.953278	14.617725	142.054291	9.625916	101.132286	9.718649	102.301125	
499.446228	20.256056	156.690430	20.334776	156.603470	14.437079	142.103180	14.555141	142.113647	9.536339	101.038788	9.655005	102.131668	
501.037903	20.193785	156.760544	20.285166	156.675339	14.361376	142.088745	14.493423	142.172806	9.479272	100.824265	9.592324	101.962433	
502.629486	20.166235	156.791458	20.236248	156.746719	14.325032	142.133026	14.432547	142.231781	9.424045	100.454903	9.530581	101.793419	
504.221100	20.130972	156.883286	20.188004	156.817612	14.270813	142.235916	14.372489	142.290588	9.362425	100.263084	9.469748	101.624619	
505.812653	20.080212	156.958237	20.140650	156.888016	14.214446	142.314438	14.313498	142.349442	9.320685	100.203667	9.409998	101.457382	
507.404144	20.018879	156.990814	20.094055	156.957962	14.138839	142.277161	14.255418	142.408264	9.254456	100.002625	9.351201	101.291084	
508.995605	19.968962	157.064575	20.048069	157.027496	14.114946	142.411911	14.198078	142.466949	9.208055	99.951645	9.293225	101.124962	
510.587067	19.930439	157.121872	20.002676	157.096603	14.017610	142.390152	14.141459	142.525513	9.149403	99.650696	9.236047	100.958984	
512.178406	19.865080	157.198715	19.958023	157.165283	13.969903	142.478928	14.085724	142.584122	9.096147	99.340103	9.179775	100.794136	
513.769775	19.856726	157.220428	19.914143	157.233582	13.934360	142.499161	14.030910	142.642838	9.041532	99.347847	9.124423	100.630737	
515.361084	19.793722	157.317444	19.870802	157.301498	13.871835	142.506958	13.976752	142.701447	8.978889	99.052055	9.069795	100.467453	
516.952332	19.744453	157.368393	19.827986	157.369034	13.817427	142.662628	13.923232	142.759964	8.921202	98.906418	9.015872	100.304260	
518.543579	19.729259	157.447952	19.785868	157.436218	13.751713	142.699585	13.870541	142.818588	8.881504	98.781433	8.962779	100.142326	
520.134766	19.670357	157.482269	19.744438	157.503052	13.720450	142.760712	13.818670	142.877335	8.825520	98.531143	8.910499	99.981697	
521.725952	19.635662	157.572021	19.703480	157.569550	13.662507	142.748398	13.767374	142.935989	8.777091	98.504402	8.858858	99.821068	
523.317017	19.582323	157.671753	19.662981	157.635696	13.594386	142.841202	13.716636	142.994537	8.736636	98.230118	8.807840	99.660408	
524.908081	19.553499	157.734146	19.623249	157.701538	13.552582	142.847855	13.666800	143.053360	8.660589	97.987167	8.757668	99.501808	
526.499084	19.514774	157.716461	19.584015	157.767044	13.489690	142.898590	13.617566	143.112183	8.640718	97.880905	8.708130	99.343597	
528.090027	19.461473	157.816437	19.545198	157.832245	13.453774	143.020157	13.568840	143.170898	8.578641	97.588257	8.659164	99.185287	
529.680969	19.420181	157.885452	19.506920	157.897125	13.404489	143.034882	13.520759	143.229675	8.540968	97.412880	8.610853	99.027748	
531.271851	19.390650	157.937378	19.469284	157.961716	13.346869	143.045853	13.473434	143.288651	8.485274	97.349762	8.563261	98.871750	
532.862671	19.350708	158.068008	19.432020	158.025986	13.314228	143.056351	13.426568	143.347519	8.450233	97.128494	8.516191	98.715546	
534.453491	19.322741	158.058914	19.395138	158.089966	13.263111	143.209976	13.380168	143.406281	8.386029	96.998543	8.469646	98.559212	
536.044189	19.280561	158.119690	19.358984	158.153671	13.224732	143.186554	13.334620	143.465378	8.373760	96.776680	8.423862	98.405243	
537.634888	19.246241	158.174240	19.323164	158.217056	13.183781	143.270126	13.289484	143.524353	8.320199	96.600220	8.378555	98.250938	
539.225525	19.214548	158.242798	19.287674	158.280167	13.130228	143.333893	13.244754	143.583206	8.276458	96.442657	8.333723	98.096298	
540.816101	19.172815	158.263046	19.252846	158.342987	13.087422	143.396942	13.200801	143.642334	8.234197	96.356796	8.289587	97.943771	
542.406677	19.147257	158.360855	19.218367	158.405518	13.039407	143.373444	13.157274	143.701370	8.189058	96.095589	8.245927	97.791153	
543.997192	19.118317	158.418488	19.184181	158.467773	13.005272	143.445908	13.114114	143.760269	8.152383	95.954666	8.202703	97.638084	
545.587585	19.071041	158.477432	19.150616	158.529739	12.938916	143.511414	13.071679	143.819412	8.111609	95.758087	8.160130	97.486992	
547.178040	19.048700	158.582626	19.117386	158.591431	12.902953	143.543793	13.029656	143.878479	8.060472	95.489975	8.118011	97.335861	
548.768372	18.998587	158.574203	19.084423	158.652832	12.870048	143.637024	12.987967	143.937378	8.020957	95.509415	8.076300	97.184204	
550.358643	18.956591	158.624725	19.052076	158.713959	12.815825	143.634460	12.946999	143.996552	7.997572	95.169464	8.035220	97.034668	
551.948914	18.923933	158.684082	19.020023	158.774811	12.799431	143.728195	12.906393	144.055603	7.946424	95.119514	7.994557	96.884911	
553.539124	18.902077	158.731522	18.988228	158.835373	12.739961	143.806625	12.866112	144.114487	7.908116	94.916328	7.954285	96.734688	
555.129272	18.849033	158.790512	18.957045	158.895676	12.691671	143.776398	12.826545	144.173660	7.882602	94.689651	7.914629	96.586723	
556.719360	18.830927	158.903320	18.926085	158.955688	12.678390	143.829102	12.787260	144.232635	7.842164	94.565475	7.875331	96.438103	
558.309387	18.808580	158.943817	18.895451	159.015442	12.629652	143.931015	12.748373	144.291550	7.789406	94.281479	7.836458	96.289650	
559.899353	18.777912	158.984756	18.865313	159.074905	12.555929	143.932434	12.710072	144.350616	7.755974	94.130684	7.798114	96.142731	
561.489258	18.732765	158.996704	18.835369	159.134109	12.543041	143.981430	12.672022	144.409470	7.707503	94.072792	7.760104	95.995049	
563.079163	18.700268	159.070908	18.805849	159.193024	12.509838	144.078415	12.634474	144.468399	7.677614	93.733543	7.722567	95.848396	
564.668945	18.666275	159.147491	18.776682	159.251678	12.476933	144.143646	12.597352	144.527298	7.642932	93.496269	7.685458	95.702293	
566.258728	18.650023	159.234741	18.747688	159.310059	12.418509	144.171066	12.560456	144.585999	7.612132	93.430290	7.648661	95.555344	
567.848450	18.612379	159.222198	18.719244	159.368179	12.387682	144.180420	12.524205	144.644913	7.573375	93.304893	7.612407	95.410583	
569.438110	18.592817	159.301910	18.690977	159.426025	12.344522	144.183502	12.488183	144.703613	7.528907	93.020477	7.576462	95.265076	
571.027710	18.567522	159.343201	18.663023	159.483597	12.300073	144.271866	12.452539	144.762268	7.502998	92.983673	7.540906	95.119926	
572.617249	18.518364	159.364960	18.635458	159.540909	12.276841	144.304260	12.417361	144.820969	7.481294	92.636086	7.505785	94.975822	
574.206665	18.495527	159.467194	18.608032	159.597946	12.263936	144.455246	12.382366	144.879425	7.451466	92.491257	7.470941	94.830711	
575.796082	18.487879	159.497467	18.581095	159.654724	12.215714	144.465591	12.347950	144.938049	7.414511	92.491608	7.436584	94.687553	
577.385498	18.450819	159.567245	18.554335	159.711243	12.182223	144.507065	12.313757	144.996490	7.382919	92.159622	7.402523	94.543762	
578.974731	18.409134	159.626083	18.527866	159.767487	12.139402	144.507446	12.279921	145.054871	7.350992	92.245590	7.368825	94.400360	
580.564026	18.396439	159.724319	18.501745	159.823471	12.106170	144.551743	12.246502	145.113266	7.321936	92.028458	7.335520	94.257835	
582.153198	18.371962	159.689270	18.475735	159.879196	12.079684	144.647659	12.213234	145.171387	7.281201	91.879356	7.302465	94.114212	
583.742310	18.352072	159.794800	18.450230	159.934662	12.042938	144.659241	12.180557	145.229721	7.245100	91.549660	7.269889	93.972862	
585.331421	18.291523	159.819305	18.424818	159.989868	12.006612	144.714142	12.148014	145.287781	7.213690	91.226700	7.237550	93.830338	
586.920410	18.284739	159.900940	18.399761	160.044815	11.980831	144.820862	12.115895	145.345871	7.183271	91.187286	7.205595	93.688896	
588.509338	18.257631	159.920258	18.374935	160.099503	11.925556	144.913269	12.084062	145.403839	7.160131	91.021706	7.173954	93.547501	
590.098206	18.239141	159.982208	18.350317	160.153931	11.914248	144.941620	12.052486	145.461685	7.127777	90.888290	7.142606	93.405975	
591.687012	18.214146	160.022064	18.326054	160.208099	11.883535	144.973801	12.021336	145.519577	7.107486	90.584587	7.111636	93.265640	
593.275757	18.200747	160.104111	18.301867	160.262039	11.840804	145.011261	11.990295	145.577179	7.077993	90.586868	7.080883	93.124069	
594.864441	18.137821	160.133316	18.278139	160.315704	11.829489	145.132156	11.959798	145.634949	7.055161	90.358475	7.050561	92.984695	
596.453064	18.128679	160.195648	18.254469	160.369125	11.775553	145.055191	11.929389	145.692413	7.026323	90.216255	7.020442	92.843964	
598.041626	18.103024	160.199478	18.231173	160.422287	11.741798	145.121033	11.899424	145.749969	7.000966	90.103531	6.990698	92.704720	
599.630127	18.077799	160.282547	18.208019	160.475204	11.744231	145.200424	11.869643	145.807312	6.964796	89.920334	6.961202	92.564941	
601.218567	18.070917	160.295944	18.185137	160.527878	11.695480	145.212631	11.840191	145.864624	6.934938	89.732277	6.932020	92.425789	
602.806946	18.051281	160.348846	18.162476	160.580292	11.645185	145.189117	11.811011	145.921844	6.910315	89.458221	6.903123	92.286842	
604.395203	18.026592	160.397614	18.139994	160.632462	11.624132	145.261917	11.782057	145.978897	6.878513	89.483414	6.874487	92.147758	
605.983459	18.010218	160.488312	18.117807	160.684402	11.585521	145.394791	11.753458	146.035965	6.845639	89.251923	6.846172	92.009628	
607.571594	17.976055	160.499329	18.095728	160.736084	11.584889	145.503220	11.725004	146.092804	6.828684	89.139099	6.818077	91.870735	
609.159668	17.931978	160.576904	18.074003	160.787521	11.530165	145.410248	11.696969	146.149704	6.802080	89.019295	6.790327	91.733391	
610.747681	17.908142	160.587128	18.052317	160.838730	11.499296	145.517685	11.669004	146.206314	6.791450	88.721321	6.762757	91.594704	
612.335632	17.898720	160.668564	18.031034	160.889679	11.488418	145.627731	11.641513	146.263046	6.759055	88.856964	6.735555	91.458084	
613.923523	17.892429	160.724976	18.009758	160.940414	11.458167	145.586441	11.614051	146.319443	6.725790	88.325935	6.708510	91.319832	
615.511353	17.862942	160.759369	17.988880	160.990891	11.444631	145.695679	11.587060	146.375977	6.705286	88.268661	6.681828	91.183693	
617.099121	17.819618	160.742584	17.968018	161.041138	11.380443	145.684494	11.560109	146.432190	6.679540	88.199982	6.655305	91.046043	
618.686768	17.819740	160.846725	17.947519	161.091141	11.377321	145.766663	11.533587	146.488480	6.651045	88.019180	6.629120	90.910225	
620.274414	17.800268	160.873245	17.927059	161.140930	11.354713	145.875458	11.507133	146.544510	6.627837	87.886795	6.603106	90.773155	
621.861938	17.772526	160.921783	17.906929	161.190460	11.314425	145.875168	11.481071	146.600571	6.606320	87.633949	6.577406	90.637657	
623.449341	17.740549	160.903214	17.886856	161.239777	11.294521	145.942627	11.455093	146.656387	6.589066	87.500130	6.551884	90.501106	
625.036743	17.725607	161.029388	17.867092	161.288849	11.252914	145.959656	11.429484	146.712234	6.540828	87.343048	6.526661	90.365997	
626.624084	17.695560	161.039810	17.847393	161.337692	11.236498	145.949387	11.403970	146.767838	6.535217	87.243881	6.501616	90.229942	
628.211304	17.701136	161.142181	17.827988	161.386307	11.218681	146.077881	11.378807	146.823456	6.510782	87.069344	6.476860	90.095222	
629.798462	17.666132	161.196014	17.808645	161.434708	11.181879	146.048019	11.353736	146.878830	6.488276	86.870476	6.452278	89.959587	
631.385620	17.636251	161.185440	17.789597	161.482864	11.191368	146.175690	11.329015	146.934235	6.469400	86.528961	6.427979	89.825348	
632.972595	17.615829	161.230820	17.770601	161.530807	11.138019	146.203262	11.304374	146.989380	6.431127	86.673645	6.403848	89.690109	
634.559570	17.596699	161.286346	17.751900	161.578522	11.098837	146.164124	11.280085	147.044571	6.432447	86.579826	6.379996	89.556328	
636.146423	17.585686	161.289780	17.733232	161.626007	11.077864	146.201141	11.255855	147.099472	6.396602	86.362022	6.356301	89.421410	
637.733215	17.561811	161.371979	17.714878	161.673279	11.047242	146.339401	11.231995	147.154449	6.377083	86.214638	6.332889	89.288170	
639.319946	17.531733	161.412796	17.696531	161.720322	11.028702	146.361908	11.208164	147.209106	6.345587	85.951042	6.309618	89.153542	
640.906616	17.538902	161.480560	17.678513	161.767151	11.010640	146.412735	11.184721	147.263855	6.331018	85.677582	6.286634	89.020813	
642.493164	17.504316	161.516342	17.660467	161.813766	10.978645	146.483109	11.161271	147.318253	6.317170	85.841660	6.263774	88.886391	
644.079651	17.490532	161.510834	17.642784	161.860153	10.943145	146.447433	11.138244	147.372787	6.296916	85.552834	6.241211	88.754257	
645.666016	17.484070	161.618439	17.625074	161.906326	10.959326	146.597549	11.115208	147.426987	6.273156	85.471870	6.218771	88.620453	
647.252319	17.463295	161.630386	17.607679	161.952286	10.915255	146.566895	11.092544	147.481247	6.253838	85.274620	6.196602	88.488510	
648.838623	17.439722	161.682648	17.590298	161.998032	10.896086	146.634995	11.069916	147.535248	6.224586	84.981377	6.174570	88.355339	
650.424744	17.416630	161.697220	17.573179	162.043564	10.893229	146.795227	11.047600	147.589233	6.204844	85.066528	6.152784	88.223526	
652.010864	17.418159	161.792206	17.556124	162.088882	10.823977	146.693436	11.025375	147.643021	6.190038	84.685562	6.131155	88.091034	
653.596863	17.371367	161.814453	17.539268	162.134003	10.828253	146.849442	11.003395	147.696732	6.169768	84.619118	6.109741	87.959312	
655.182800	17.344759	161.910065	17.522537	162.178894	10.791241	146.869064	10.981569	147.750305	6.152771	84.555428	6.088505	87.827545	
656.768677	17.334492	161.987793	17.505934	162.223602	10.753065	146.953278	10.959908	147.803757	6.137118	84.143387	6.067452	87.695831	
658.354370	17.309061	162.014664	17.489510	162.268082	10.752087	147.014236	10.938467	147.857101	6.118205	84.037209	6.046600	87.564728	
659.940063	17.320210	162.062653	17.473146	162.312363	10.727531	147.021820	10.917112	147.910248	6.096290	83.975761	6.025898	87.432961	
661.525696	17.292427	161.990295	17.457037	162.356430	10.706616	146.964478	10.896061	147.963409	6.078722	83.734291	6.005424	87.302666	
663.111206	17.275196	162.049942	17.440910	162.400314	10.686918	147.074341	10.875008	148.016266	6.059494	83.814270	5.985065	87.170876	
664.696655	17.273586	162.068802	17.425102	162.443970	10.674350	147.066956	10.854330	148.069214	6.029067	83.749046	5.964960	87.041298	
666.281982	17.235723	162.098724	17.409275	162.487442	10.667801	147.200912	10.833649	148.121872	6.024630	83.448486	5.944967	86.910248	
667.867249	17.230474	162.188553	17.393688	162.530701	10.634031	147.190765	10.813254	148.174515	5.998942	83.153526	5.925190	86.780586	
669.452393	17.230343	162.212463	17.378164	162.573776	10.605557	147.210251	10.792949	148.226959	5.983785	83.181831	5.905558	86.650398	
671.037476	17.217503	162.234955	17.362785	162.616638	10.588055	147.298721	10.772822	148.279312	5.982741	82.795738	5.886100	86.520569	
672.622498	17.180569	162.299255	17.347559	162.659302	10.578177	147.336426	10.752887	148.331558	5.954093	82.869270	5.866820	86.391243	
674.207397	17.154066	162.340591	17.332378	162.701797	10.551413	147.372086	10.733016	148.383591	5.938585	82.617828	5.847673	86.261192	
675.792236	17.170938	162.409866	17.317446	162.744064	10.530089	147.380920	10.713443	148.435654	5.918249	82.384529	5.828738	86.132744	
677.376953	17.134193	162.386337	17.302496	162.786163	10.516754	147.446045	10.693868	148.487411	5.895204	82.372787	5.809911	86.002922	
678.961609	17.115005	162.401627	17.287806	162.828049	10.504867	147.473328	10.674600	148.539215	5.885314	82.140373	5.791296	85.874855	
680.546204	17.115602	162.494232	17.273144	162.869751	10.486070	147.608627	10.655380	148.590790	5.875227	82.307030	5.772805	85.745941	
682.130676	17.102587	162.539963	17.258627	162.911255	10.431776	147.547791	10.636341	148.642273	5.846762	82.038536	5.754480	85.617531	
683.715027	17.081158	162.606262	17.244251	162.952576	10.441523	147.722900	10.617475	148.693649	5.832307	81.777855	5.736318	85.489578	
685.299377	17.080086	162.583527	17.229898	162.993713	10.416451	147.704987	10.598653	148.744812	5.818724	81.709900	5.718275	85.360779	
686.883545	17.057390	162.628128	17.215801	163.034653	10.368478	147.697281	10.580132	148.795990	5.804430	81.475616	5.700435	85.233780	
688.467651	17.043520	162.639893	17.201689	163.075409	10.362131	147.755356	10.561610	148.846909	5.793554	81.238205	5.682697	85.105484	
690.051697	17.033117	162.756592	17.187786	163.115982	10.375341	147.844910	10.543341	148.897797	5.772621	81.176682	5.665143	84.978531	
691.635620	16.989908	162.766113	17.173950	163.156372	10.333872	147.811111	10.525162	148.948532	5.754043	81.077072	5.647720	84.851265	
693.219482	16.996128	162.806015	17.160191	163.196579	10.305106	147.868423	10.507085	148.999084	5.738404	80.967125	5.630430	84.723801	
694.803223	16.970181	162.813370	17.146626	163.236588	10.318213	147.998123	10.489239	149.049622	5.732202	80.708260	5.613313	84.597527	
696.386841	16.968779	162.841614	17.133043	163.276443	10.295750	148.049652	10.471394	149.099884	5.704355	80.571648	5.596295	84.470016	
697.970459	16.949600	162.900360	17.119698	163.316086	10.243128	148.025330	10.453826	149.150177	5.694685	80.528801	5.579463	84.344223	
699.553894	16.946701	162.952530	17.106384	163.355576	10.243775	148.123291	10.436310	149.200256	5.685850	80.249535	5.562744	84.217758	
701.137329	16.924894	162.984131	17.093163	163.394882	10.231797	148.175964	10.418913	149.250198	5.661965	80.064110	5.546158	84.091362	
702.720581	16.915127	163.021988	17.080116	163.433990	10.207522	148.206879	10.401728	149.300095	5.656060	79.970978	5.529734	83.966034	
704.303772	16.885578	163.050705	17.067057	163.472961	10.185734	148.192200	10.384542	149.349731	5.628729	79.896538	5.513404	83.839523	
705.886841	16.861704	163.043640	17.054224	163.511719	10.181503	148.292526	10.367625	149.399399	5.624807	79.761635	5.497251	83.714714	
707.469849	16.873661	163.112030	17.041420	163.550323	10.148705	148.241501	10.350758	149.448853	5.599528	79.695496	5.481206	83.589279	
709.052734	16.843142	163.118317	17.028690	163.588745	10.129054	148.324982	10.333986	149.498154	5.592554	79.372833	5.465283	83.463730	
710.635498	16.837889	163.173187	17.016144	163.626984	10.113647	148.363235	10.317436	149.547424	5.581343	79.257248	5.449518	83.339432	
712.218201	16.822670	163.238373	17.003586	163.665085	10.127844	148.580521	10.300887	149.596451	5.563364	79.411781	5.433846	83.214012	
713.800842	16.803732	163.280701	16.991215	163.702988	10.098139	148.492783	10.284561	149.645462	5.551832	79.081253	5.418329	83.089912	
715.383301	16.813679	163.292191	16.978907	163.740723	10.083541	148.546371	10.268319	149.694305	5.547080	78.780312	5.402927	82.965614	
716.965698	16.770939	163.315704	16.966619	163.778305	10.066821	148.562256	10.252118	149.742935	5.519018	79.113632	5.387628	82.840652	
718.548035	16.794136	163.363541	16.954563	163.815689	10.038198	148.656281	10.236188	149.791611	5.497780	78.937813	5.372492	82.717583	
720.130249	16.759884	163.375168	16.942495	163.852936	10.033624	148.693069	10.220260	149.840042	5.495790	78.650398	5.357448	82.593445	
721.712341	16.715197	163.471466	16.930546	163.890015	9.986219	148.687363	10.204477	149.888367	5.475740	78.619888	5.342532	82.469856	
723.294312	16.730963	163.430847	16.918720	163.926910	9.977058	148.662964	10.188847	149.936615	5.457281	78.401634	5.327744	82.346878	
724.876221	16.735147	163.514435	16.906881	163.963669	9.969296	148.769547	10.173218	149.984619	5.441681	78.218765	5.313046	82.222855	
726.458069	16.712467	163.536972	16.895250	164.000229	9.967627	148.914612	10.157831	150.032639	5.435608	78.108322	5.298498	82.100502	
728.039734	16.686459	163.608734	16.883652	164.036652	9.946950	148.908066	10.142498	150.080475	5.422459	77.797188	5.284050	81.977692	
729.621338	16.671373	163.637222	16.872078	164.072922	9.935908	148.914520	10.127205	150.128113	5.401980	77.654610	5.269700	81.854301	
731.202820	16.667025	163.633835	16.860720	164.109009	9.921416	148.991028	10.112167	150.175781	5.405734	77.265472	5.255499	81.732773	
732.784241	16.665493	163.683151	16.849352	164.144943	9.895082	149.025543	10.097132	150.223206	5.386448	77.269791	5.241384	81.610252	
734.365479	16.638653	163.715866	16.838076	164.180725	9.867266	148.963760	10.082212	150.270523	5.382724	77.273537	5.227382	81.488037	
735.946655	16.663277	163.768951	16.826939	164.216339	9.848213	149.027100	10.067462	150.317795	5.363081	77.189293	5.213506	81.366760	
737.527710	16.649076	163.790009	16.815792	164.251816	9.851384	149.112320	10.052715	150.364822	5.366494	77.014282	5.199714	81.244514	
739.108765	16.596666	163.776749	16.804796	164.287109	9.824536	149.130646	10.038148	150.411804	5.331328	77.168518	5.186048	81.123360	
740.689575	16.620119	163.888199	16.793880	164.322266	9.818765	149.224152	10.023684	150.458679	5.325072	76.573395	5.172488	81.002411	
742.270386	16.608316	163.859116	16.782955	164.357269	9.800792	149.175858	10.009223	150.505310	5.315218	76.632668	5.159011	80.880524	
743.850952	16.573322	163.902527	16.772230	164.392105	9.773633	149.244370	9.994996	150.551971	5.311358	76.715729	5.145670	80.760391	
745.431519	16.590719	163.963684	16.761532	164.426804	9.749503	149.215622	9.980814	150.598450	5.296797	76.329849	5.132420	80.639832	
747.011963	16.531521	163.966751	16.750830	164.461365	9.783167	149.463715	9.966640	150.644714	5.278840	76.359879	5.119252	80.518410	
748.592285	16.546728	163.992889	16.740351	164.495743	9.750772	149.401672	9.952728	150.691010	5.275664	75.892418	5.106223	80.399117	
750.172485	16.551540	164.029831	16.729864	164.529984	9.738798	149.437973	9.938821	150.737091	5.259454	76.170120	5.093273	80.278938	
751.752625	16.523272	164.061432	16.719404	164.564087	9.736248	149.479385	9.924955	150.783005	5.238648	75.962646	5.080411	80.158333	
753.332642	16.542746	164.114059	16.709137	164.598022	9.712293	149.523987	9.911318	150.828934	5.237939	75.737350	5.067677	80.039505	
754.912476	16.540344	164.111862	16.698862	164.631821	9.694494	149.575760	9.897683	150.874649	5.223002	75.538048	5.055021	79.919807	
756.492310	16.483780	164.182129	16.688639	164.665482	9.673018	149.543198	9.884118	150.920212	5.212413	75.827942	5.042457	79.800026	
758.071960	16.467293	164.199768	16.678583	164.698975	9.627841	149.608047	9.870751	150.965759	5.192470	75.124985	5.030011	79.681717	
759.651489	16.449728	164.207565	16.668518	164.732330	9.634686	149.645081	9.857389	151.011108	5.180285	75.279228	5.017641	79.562576	
761.230957	16.457338	164.275925	16.658516	164.765564	9.616205	149.685410	9.844109	151.056320	5.182114	75.214180	5.005364	79.443520	
762.810303	16.475134	164.311615	16.648659	164.798630	9.609125	149.736847	9.831000	151.101486	5.158765	75.322296	4.993197	79.325668	
764.389526	16.441147	164.322418	16.638794	164.831558	9.609348	149.841965	9.817896	151.146454	5.146855	75.287804	4.981106	79.207001	
765.968628	16.425678	164.328384	16.629000	164.864349	9.595678	149.926666	9.804882	151.191299	5.140978	75.141830	4.969106	79.088562	
767.547607	16.409613	164.378311	16.619349	164.896988	9.586626	149.906097	9.792040	151.236115	5.125387	74.859444	4.957213	78.971367	
769.126526	16.404137	164.460312	16.609692	164.929504	9.546778	149.863007	9.779202	151.280731	5.141248	74.623116	4.945394	78.853371	
770.705261	16.405365	164.431992	16.600100	164.961884	9.569082	149.947540	9.766448	151.325226	5.118337	74.201897	4.933664	78.735542	
772.283936	16.380482	164.476440	16.590645	164.994110	9.544562	150.002411	9.753859	151.369675	5.123887	73.796455	4.922036	78.618919	
773.862427	16.356520	164.458359	16.581182	165.026199	9.510496	149.968735	9.741275	151.413925	5.080725	74.099037	4.910481	78.501526	
775.440857	16.365932	164.536285	16.571775	165.058167	9.495998	150.075272	9.728762	151.458054	5.087016	73.897095	4.899012	78.384186	
777.019165	16.376284	164.558350	16.562517	165.089981	9.475580	150.105225	9.716426	151.502151	5.071142	73.783577	4.887643	78.268219	
778.597351	16.366272	164.581772	16.553253	165.121674	9.468912	150.090454	9.704095	151.546051	5.058203	73.899071	4.876347	78.151512	
780.175415	16.353771	164.652420	16.544024	165.153229	9.459764	150.154129	9.691813	151.589798	5.061205	73.573448	4.865129	78.034607	
781.753357	16.345074	164.665436	16.534954	165.184631	9.452010	150.194168	9.679722	151.633545	5.042205	73.386070	4.854012	77.919289	
783.331177	16.328011	164.705353	16.525881	165.215912	9.457687	150.289902	9.667636	151.677094	5.041552	73.269043	4.842967	77.803238	
784.908936	16.307810	164.731720	16.516813	165.247086	9.450022	150.380356	9.655569	151.720459	5.021119	73.395760	4.831993	77.686653	
786.486511	16.303230	164.734787	16.507938	165.278091	9.419696	150.389816	9.643726	151.763855	5.010505	73.235825	4.821123	77.572098	
788.063965	16.273254	164.749481	16.499058	165.308975	9.427748	150.432785	9.631888	151.807068	5.000490	73.153107	4.810322	77.456848	
789.641357	16.282553	164.793747	16.490171	165.339752	9.411388	150.465042	9.620054	151.850098	5.006487	72.507904	4.799590	77.340881	
791.218567	16.278925	164.839218	16.481461	165.370377	9.386497	150.614700	9.608428	151.893127	4.996446	72.557785	4.788956	77.226776	
792.795715	16.268190	164.876541	16.472767	165.400879	9.379595	150.523346	9.596829	151.936005	4.985922	72.528839	4.778393	77.112282	
794.372681	16.247492	164.887115	16.464067	165.431259	9.330119	150.469437	9.585236	151.978699	4.980784	72.314590	4.767898	76.997108	
795.949585	16.247370	164.971634	16.455498	165.461502	9.358294	150.635529	9.573797	152.021347	4.969233	71.912758	4.757491	76.883179	
797.526245	16.223059	164.976242	16.446987	165.491608	9.345250	150.612122	9.562435	152.063889	4.949931	72.051346	4.747159	76.769493	
799.102905	16.214054	165.003799	16.438473	165.521622	9.336660	150.732925	9.551077	152.106232	4.950300	71.887543	4.736895	76.655128	
800.679382	16.230026	165.054916	16.430037	165.551483	9.323984	150.798370	9.539819	152.148499	4.922879	72.120071	4.726708	76.541328	
802.255798	16.218685	165.073654	16.421709	165.581223	9.320419	150.767166	9.528690	152.190720	4.928026	71.903625	4.716602	76.428482	
803.832031	16.189724	165.085022	16.413376	165.610840	9.282958	150.769653	9.517567	152.232742	4.890444	72.289261	4.706562	76.314995	
805.408142	16.163471	165.017090	16.405064	165.640350	9.282403	150.852036	9.506476	152.274628	4.906151	71.409012	4.696590	76.201241	
806.984192	16.162750	165.142944	16.396914	165.669724	9.260018	150.865967	9.495576	152.316513	4.903052	71.292107	4.686704	76.089241	
808.560059	16.168591	165.178421	16.388758	165.698975	9.287781	150.986694	9.484679	152.358215	4.873076	71.695808	4.676882	75.976616	
810.135803	16.140072	165.158463	16.380600	165.728119	9.233724	150.948822	9.473788	152.399750	4.866025	71.591133	4.667124	75.863373	
811.711426	16.161045	165.209900	16.372585	165.757126	9.228792	150.918289	9.463070	152.441269	4.869059	71.239532	4.657447	75.751701	
813.286926	16.134686	165.230347	16.364607	165.786011	9.204186	150.880905	9.452399	152.482651	4.870529	70.827560	4.647838	75.639984	
814.862305	16.137030	165.239059	16.356623	165.814789	9.239069	151.178574	9.441733	152.523865	4.859222	71.025146	4.638290	75.527672	
816.437561	16.114437	165.309158	16.348713	165.843445	9.192821	151.041046	9.431158	152.564987	4.853332	70.479706	4.628814	75.415878	
818.012634	16.084740	165.291306	16.340908	165.871979	9.201917	151.214783	9.420711	152.606064	4.834112	70.563484	4.619412	75.305107	
819.587585	16.116720	165.356415	16.333099	165.900406	9.207901	151.178848	9.410268	152.646973	4.819128	70.685600	4.610071	75.193756	
821.162476	16.112846	165.374786	16.325287	165.928726	9.154158	151.233856	9.399829	152.687698	4.814259	70.652138	4.600790	75.081825	
822.737183	16.099403	165.335220	16.317648	165.956894	9.131832	151.117905	9.389594	152.728455	4.824583	70.054291	4.591588	74.971939	
824.311829	16.070021	165.426056	16.310009	165.984970	9.184678	151.325256	9.379367	152.769043	4.826983	69.375084	4.582447	74.861534	
825.886230	16.098585	165.451309	16.302364	166.012939	9.146173	151.389053	9.369145	152.809479	4.800110	70.106415	4.573366	74.750580	
827.460632	16.097704	165.504349	16.294809	166.040787	9.158341	151.402328	9.359031	152.849838	4.794859	69.867950	4.564352	74.640411	
829.034790	16.073387	165.460037	16.287340	166.068512	9.121284	151.381348	9.349022	152.890121	4.792608	69.966484	4.555405	74.531044	
830.608887	16.076324	165.548141	16.279867	166.096130	9.145061	151.474243	9.339017	152.930252	4.769205	69.940277	4.546517	74.421127	
832.182800	16.099554	165.661896	16.272392	166.123657	9.088943	151.510925	9.329018	152.970215	4.781775	69.749115	4.537687	74.310677	
833.756653	16.043760	165.613678	16.265083	166.151031	9.131880	151.694641	9.319213	153.010193	4.760636	69.191765	4.528929	74.202232	
835.330261	16.037127	165.619247	16.257774	166.178314	9.098019	151.505341	9.309418	153.050018	4.760174	69.396423	4.520229	74.093323	
836.903809	16.039690	165.661591	16.250462	166.205505	9.081762	151.711899	9.299626	153.089691	4.734025	69.228836	4.511587	73.983887	
838.477234	15.997932	165.665375	16.243216	166.232574	9.065397	151.670303	9.289919	153.129272	4.728868	69.475601	4.503006	73.874992	
840.050476	15.997253	165.676437	16.236071	166.259506	9.061090	151.676788	9.280333	153.168793	4.710110	69.071602	4.494489	73.767151	
841.623657	15.996308	165.698532	16.228922	166.286362	9.052286	151.758514	9.270750	153.208160	4.734273	68.198433	4.486028	73.658798	
843.196594	15.992782	165.747360	16.221771	166.313110	9.034134	151.768478	9.261173	153.247375	4.726485	68.513931	4.477623	73.549950	
844.769531	15.969912	165.787766	16.214748	166.339737	9.002569	151.736694	9.251748	153.286575	4.704421	68.726379	4.469282	73.442596	
846.342163	15.971084	165.765030	16.207760	166.366257	8.975194	151.706711	9.242370	153.325653	4.697868	68.358513	4.460998	73.335320	
847.914856	15.991740	165.826416	16.200769	166.392685	9.026971	151.809662	9.232996	153.364594	4.691561	68.738785	4.452768	73.227547	
849.487183	15.961710	165.796021	16.193792	166.419022	8.976949	151.867111	9.223647	153.403381	4.694667	68.196281	4.444594	73.119576	
851.059570	15.978426	165.829514	16.186962	166.445206	9.002137	151.978317	9.214469	153.442169	4.673394	68.337402	4.436482	73.013390	
852.631714	15.948792	165.930557	16.180128	166.471313	8.977924	151.999557	9.205296	153.480804	4.685406	68.069679	4.428424	72.906731	
854.203796	15.944922	165.938019	16.173290	166.497330	8.971595	151.984818	9.196127	153.519302	4.651178	68.004654	4.420419	72.799606	
855.775696	15.953708	165.978409	16.166515	166.523224	8.965661	152.122635	9.187034	153.557709	4.671271	67.379990	4.412469	72.692993	
857.347473	15.902633	165.959930	16.159838	166.549011	8.914721	151.989502	9.178059	153.596069	4.645205	67.994064	4.404577	72.587471	
858.919067	15.873597	165.964539	16.153156	166.574707	8.944071	152.109741	9.169088	153.634277	4.643814	67.746460	4.396738	72.481506	
860.490540	15.958728	166.065430	16.146473	166.600311	8.928502	152.235245	9.160123	153.672333	4.617095	67.546257	4.388949	72.375092	
862.061829	15.882132	166.028198	16.139885	166.625809	8.931251	152.055191	9.151270	153.710342	4.629429	67.182259	4.381217	72.269722	
863.632996	15.886213	166.075302	16.133356	166.651184	8.899512	152.204895	9.142492	153.748276	4.619446	67.376579	4.373538	72.164886	
865.204102	15.892271	166.124435	16.126825	166.676483	8.938083	152.288879	9.133719	153.786072	4.624415	67.031151	4.365909	72.059616	
866.775024	15.885492	166.104080	16.120291	166.701675	8.845669	152.149429	9.124951	153.823700	4.627054	67.220581	4.358331	71.953911	
868.345825	15.880948	166.187103	16.113876	166.726776	8.869182	152.225342	9.116323	153.861328	4.592490	67.232285	4.350807	71.849670	
869.916382	15.856336	166.138229	16.107494	166.751755	8.887775	152.375595	9.107740	153.898834	4.616244	66.726982	4.343334	71.745575	
871.486816	15.866426	166.165527	16.101110	166.776657	8.876096	152.423172	9.099163	153.936203	4.591413	66.699135	4.335910	71.641060	
873.057251	15.861378	166.244019	16.094725	166.801468	8.860924	152.458572	9.090589	153.973434	4.563444	67.292740	4.328536	71.536125	
874.627319	15.853528	166.233078	16.088474	166.826157	8.875084	152.506989	9.082173	154.010651	4.576369	66.685455	4.321213	71.432938	
876.197449	15.804890	166.198608	16.082237	166.850769	8.829218	152.470276	9.073783	154.047760	4.581609	66.446228	4.313939	71.329613	
877.767273	15.842930	166.294434	16.076000	166.875275	8.818046	152.533112	9.065397	154.084717	4.560999	65.948906	4.306714	71.225906	
879.337036	15.878125	166.266830	16.069759	166.899704	8.834308	152.548981	9.057015	154.121536	4.559374	66.225517	4.299537	71.121796	
880.906616	15.834801	166.273148	16.063662	166.924011	8.819194	152.685410	9.048800	154.158356	4.537933	66.345535	4.292408	71.019554	
882.476074	15.834572	166.373932	16.057570	166.948242	8.850665	152.661972	9.040599	154.195053	4.555113	66.079590	4.285327	70.917068	
884.045410	15.801994	166.397629	16.051476	166.972382	8.815158	152.662628	9.032402	154.231613	4.539135	66.031517	4.278293	70.814201	
885.614563	15.817173	166.393188	16.045380	166.996429	8.805816	152.706558	9.024210	154.268036	4.542307	65.398376	4.271307	70.710953	
887.183594	15.792027	166.412292	16.039423	167.020370	8.769859	152.622360	9.016181	154.304474	4.527251	65.548866	4.264366	70.609566	
888.752441	15.849297	166.506500	16.033474	167.044220	8.759857	152.769653	9.008167	154.340775	4.516513	65.964470	4.257472	70.507965	
890.321167	15.818468	166.535110	16.027523	167.067978	8.744258	152.692307	9.000157	154.376938	4.521749	65.440239	4.250623	70.405991	
891.889771	15.803209	166.544662	16.021570	167.091675	8.700349	152.610931	8.992152	154.412964	4.495369	66.005074	4.243821	70.303650	
893.458130	15.774924	166.563492	16.015739	167.115234	8.752504	152.838791	8.984293	154.448990	4.526920	65.125931	4.237062	70.202965	
895.026367	15.765297	166.478119	16.009926	167.138718	8.773544	152.921783	8.976459	154.484894	4.505079	65.263046	4.230349	70.102203	
896.594543	15.725061	166.502609	16.004110	167.162125	8.701862	152.857849	8.968627	154.520676	4.486712	65.230453	4.223680	70.001083	
898.162476	15.759048	166.591125	15.998294	167.185455	8.727052	152.990295	8.960801	154.556320	4.475147	65.198273	4.217057	69.899612	
899.730286	15.752328	166.638397	15.992585	167.208664	8.710173	153.017609	8.953103	154.591949	4.480723	64.900475	4.210474	69.799576	
901.297974	15.771013	166.602722	15.986912	167.231796	8.721605	153.039627	8.945451	154.627472	4.460322	64.650421	4.203936	69.699776	
902.865417	15.714804	166.676117	15.981236	167.254852	8.691301	153.009705	8.937802	154.662872	4.460213	65.101021	4.197440	69.599640	
904.432800	15.777805	166.689896	15.975557	167.277817	8.659955	152.971375	8.930158	154.698135	4.459977	64.612679	4.190989	69.499161	
906.000000	15.732208	166.726318	15.969957	167.300690	8.683859	153.131531	8.922607	154.733353	4.454572	64.679344	4.184578	69.399635	
907.567017	15.742559	166.779724	15.964416	167.323456	8.638248	153.075394	8.915128	154.768509	4.431032	64.594635	4.178208	69.300751	
909.133911	15.709420	166.762955	15.958872	167.346161	8.668766	153.214218	8.907653	154.803528	4.453391	64.234634	4.171882	69.201546	
910.700684	15.727290	166.728607	15.953327	167.368790	8.656317	153.292053	8.900183	154.838425	4.450469	64.188896	4.165597	69.102013	
912.267212	15.699798	166.841553	15.947825	167.391312	8.701757	153.554184	8.892767	154.873230	4.472453	63.572094	4.159353	69.002892	
913.833618	15.731071	166.830765	15.942417	167.413742	8.618991	153.275604	8.885463	154.908005	4.421529	64.475319	4.153147	68.905014	
915.399902	15.710226	166.811508	15.937007	167.436111	8.610061	153.250732	8.878162	154.942673	4.456817	63.253551	4.146982	68.806816	
916.966003	15.623877	166.814545	15.931596	167.458389	8.650331	153.394745	8.870866	154.977203	4.415233	63.519447	4.140859	68.708305	
918.531921	15.663988	166.829987	15.926184	167.480591	8.595104	153.313095	8.863576	155.011597	4.416687	63.670319	4.134777	68.609520	
920.097778	15.669586	166.823853	15.920905	167.502686	8.568321	153.289825	8.856440	155.046021	4.405428	63.419910	4.128728	68.512619	
921.663391	15.631841	166.909164	15.915625	167.524704	8.561605	153.337051	8.849308	155.080307	4.431758	63.270020	4.122721	68.415421	
923.228821	15.655190	166.952240	15.910342	167.546661	8.594630	153.488968	8.842181	155.114471	4.406853	63.577030	4.116754	68.317932	
924.794128	15.606642	166.984695	15.905059	167.568527	8.589213	153.371994	8.835058	155.148529	4.361961	64.128181	4.110827	68.220146	
926.359253	15.636058	166.968246	15.899859	167.590302	8.563960	153.458267	8.828035	155.182526	4.396082	63.293278	4.104935	68.123474	
927.924194	15.624317	166.941650	15.894709	167.612000	8.572872	153.568893	8.821073	155.216461	4.397262	62.756634	4.099079	68.027351	
929.489075	15.652156	167.100800	15.889557	167.633621	8.567516	153.617798	8.814115	155.250290	4.370618	63.452770	4.093262	67.930939	
931.053711	15.742496	167.130661	15.884403	167.655167	8.538054	153.537582	8.807160	155.283981	4.376859	62.966202	4.087485	67.834251	
932.618286	15.627113	167.065735	15.879272	167.676636	8.545433	153.750641	8.800237	155.317581	4.364012	62.607338	4.081745	67.737671	
934.182617	15.665706	167.101242	15.874245	167.697998	8.519685	153.535172	8.793436	155.351166	4.351711	62.962898	4.076035	67.642570	
935.746765	15.654820	167.065506	15.869217	167.719299	8.550952	153.749969	8.786639	155.384628	4.392130	62.250893	4.070364	67.547195	
937.310852	15.641444	167.102890	15.864187	167.740524	8.550170	153.822021	8.779846	155.417984	4.351238	63.220455	4.064732	67.451553	
938.874634	15.618989	167.203598	15.859157	167.761688	8.587838	153.926956	8.773058	155.451202	4.343846	62.511597	4.059139	67.355644	
940.438354	15.583381	167.170395	15.854212	167.782745	8.495316	153.922348	8.766372	155.484406	4.347772	62.995853	4.053575	67.260933	
942.001831	15.599624	167.161362	15.849311	167.803726	8.523119	154.012024	8.759740	155.517532	4.290801	63.007793	4.048044	67.166702	
943.565247	15.674592	167.266159	15.844408	167.824646	8.462242	153.801239	8.753111	155.550552	4.344572	62.041557	4.042551	67.072212	
945.128418	15.634810	167.386566	15.839504	167.845490	8.494847	153.897415	8.746487	155.583450	4.388543	61.004364	4.037095	66.977463	
946.691406	15.522103	167.131439	15.834609	167.866257	8.480396	153.976486	8.739878	155.616226	4.297869	61.918316	4.031676	66.882637	
948.254272	15.554442	167.310333	15.829825	167.886932	8.455743	154.156204	8.733399	155.649017	4.293867	63.019070	4.026282	66.789444	
949.817017	15.599545	167.221375	15.825041	167.907532	8.426843	153.945175	8.726925	155.681686	4.303979	62.521255	4.020925	66.696007	
951.379517	15.555517	167.294876	15.820255	167.928070	8.416697	153.973633	8.720454	155.714249	4.295857	62.085407	4.015604	66.602333	
952.941895	15.546977	167.285431	15.815469	167.948547	8.461647	153.887695	8.713987	155.746689	4.313952	61.502659	4.010319	66.508408	
954.504089	15.542821	167.370468	15.810734	167.968933	8.405157	154.083267	8.707585	155.779068	4.308312	61.883110	4.005064	66.415154	
956.066101	15.567050	167.367050	15.806073	167.989227	8.402319	154.106842	8.701269	155.811417	4.324366	61.133743	3.999837	66.322906	
957.627930	15.566231	167.420792	15.801411	168.009476	8.346391	153.935974	8.694958	155.843658	4.333149	61.063965	3.994645	66.230438	
959.189636	15.542358	167.347137	15.796747	168.029633	8.420938	154.164581	8.688650	155.875778	4.305335	61.390408	3.989488	66.137726	
960.751160	15.564877	167.405045	15.792083	168.049744	8.429182	154.233047	8.682346	155.907791	4.264171	61.739834	3.984367	66.044800	
962.312500	15.511287	167.505035	15.787499	168.069763	8.420418	154.239365	8.676139	155.939774	4.264632	61.357151	3.979270	65.953026	
963.873657	15.565631	167.496307	15.782952	168.089706	8.372109	154.276794	8.669977	155.971680	4.267066	61.191055	3.974204	65.861664	
965.434692	15.552409	167.550522	15.778403	168.109573	8.422446	154.453751	8.663818	156.003479	4.254116	61.275986	3.969171	65.770073	
966.995483	15.518221	167.483841	15.773854	168.129395	8.359374	154.236557	8.657664	156.035156	4.270911	60.776443	3.964174	65.678276	
968.556152	15.543124	167.591339	15.769304	168.149139	8.323555	154.124481	8.651514	156.066742	4.252605	60.576546	3.959210	65.586266	
970.116577	15.498253	167.508575	15.764860	168.168793	8.430141	154.438339	8.645487	156.098328	4.302033	60.081799	3.954266	65.495850	
971.676941	15.516049	167.562729	15.760429	168.188385	8.320425	154.317459	8.639480	156.129807	4.268412	59.994404	3.949353	65.405472	
973.237122	15.499329	167.569672	15.755998	168.207901	8.384932	154.449234	8.633477	156.161179	4.271477	59.892128	3.944474	65.314896	
974.797058	15.516078	167.626801	15.751566	168.227356	8.375573	154.627136	8.627479	156.192459	4.261126	59.881794	3.939628	65.224121	
976.356812	15.539936	167.670517	15.747133	168.246765	8.328006	154.421875	8.621484	156.223618	4.231782	60.164028	3.934816	65.133141	
977.916382	15.487259	167.642914	15.742815	168.266068	8.440754	154.704697	8.615623	156.254791	4.248413	59.793716	3.930019	65.043930	
979.475891	15.498344	167.677368	15.738498	168.285309	8.329360	154.392288	8.609766	156.285858	4.230876	59.866898	3.925255	64.954552	
981.035156	15.473681	167.661774	15.734179	168.304489	8.290333	154.403595	8.603914	156.316833	4.223491	60.830780	3.920523	64.864975	
982.594238	15.445646	167.728287	15.729860	168.323608	8.227997	154.389618	8.598066	156.347687	4.250654	59.243851	3.915823	64.775215	
984.153137	15.478252	167.731964	15.725542	168.342667	8.312320	154.467682	8.592224	156.378448	4.199996	60.194500	3.911156	64.685287	
985.711792	15.458816	167.824921	15.721337	168.361633	8.335320	154.824692	8.586513	156.409210	4.214974	59.498123	3.906502	64.597122	
987.270386	15.477149	167.809616	15.717131	168.380539	8.380816	154.878098	8.580805	156.439865	4.249409	58.861546	3.901880	64.508766	
988.828796	15.404040	167.815811	15.712924	168.399384	8.388836	154.871765	8.575101	156.470428	4.226934	59.491577	3.897290	64.420235	
990.387024	15.385863	167.783844	15.708716	168.418167	8.365598	154.864075	8.569400	156.500885	4.226646	59.053463	3.892731	64.331512	
991.945007	15.387838	167.800797	15.704509	168.436890	8.264340	154.856384	8.563704	156.531235	4.208049	59.015060	3.888203	64.242622	
993.502808	15.489864	167.920853	15.700409	168.455521	8.283919	154.867706	8.558134	156.561600	4.213098	58.746132	3.883688	64.155434	
995.060425	15.432474	167.872879	15.696314	168.474106	8.221145	154.696426	8.552572	156.591858	4.206542	59.068321	3.879202	64.068146	
996.617981	15.427092	167.875778	15.692217	168.492615	8.281837	154.967102	8.547014	156.622025	4.200060	59.709171	3.874747	63.980679	
998.175293	15.461516	167.947113	15.688120	168.511078	8.179043	154.545929	8.541460	156.652084	4.180523	59.265213	3.870323	63.893047	
999.732300	15.463344	167.989517	15.684022	168.529480	8.267133	155.007401	8.535910	156.682053	4.150923	59.565800	3.865930	63.805248	