Spectroscopic Data At X=0, Y=0
Wavelength (nm)	Psi (65.00, 70.00, 75.00°)	Delta (65.00, 70.00, 75.00°)									Model	
300.349365	33.501347	122.883232	33.712799	122.949585	32.131031	106.660141	32.358959	106.896812	31.692133	85.157356	31.926346	85.914474	
301.942047	33.203369	123.204865	33.414417	123.195480	31.775335	106.792297	32.014050	107.086952	31.347178	85.263481	31.560444	85.978683	
303.534760	32.938469	123.449104	33.146210	123.418121	31.488216	107.091385	31.703611	107.257462	30.997036	85.556633	31.230953	86.031586	
305.127502	32.740700	123.708282	32.905087	123.627769	31.185211	107.246552	31.423677	107.419670	30.694784	85.512222	30.933002	86.084450	
306.720245	32.483971	123.875542	32.687801	123.831703	30.931364	107.536949	31.170231	107.581375	30.426834	85.658714	30.661890	86.144608	
308.312988	32.298840	124.104767	32.491302	124.034821	30.677729	107.680687	30.939602	107.747643	30.159740	85.785622	30.413450	86.216515	
309.905792	32.094372	124.321960	32.312878	124.240311	30.507092	107.893082	30.728596	107.921608	29.943550	85.948265	30.184139	86.302658	
311.498596	31.920656	124.584686	32.150204	124.450249	30.300816	108.086891	30.534504	108.105164	29.723032	86.045601	29.971022	86.404312	
313.091400	31.807537	124.800423	32.001270	124.665886	30.104206	108.295570	30.355028	108.299362	29.518816	86.176270	29.771639	86.521950	
314.684235	31.690983	125.102448	31.864378	124.887939	29.944952	108.555054	30.188240	108.504639	29.333910	86.299454	29.583967	86.655510	
316.277100	31.544592	125.381538	31.738050	125.116692	29.836254	108.817566	30.032492	108.720993	29.147533	86.521057	29.406313	86.804535	
317.869934	31.428738	125.642715	31.621078	125.352074	29.683275	109.029892	29.886450	108.948112	28.986362	86.641609	29.237328	86.968323	
319.462830	31.369068	125.890358	31.512432	125.593834	29.507626	109.328560	29.749006	109.185463	28.842638	86.900742	29.075918	87.146034	
321.055725	31.224903	126.091202	31.411301	125.841522	29.399271	109.529045	29.619295	109.432365	28.649761	87.083923	28.921251	87.336739	
322.648651	31.138880	126.339928	31.317043	126.094627	29.269093	109.866165	29.496651	109.688110	28.541920	87.288963	28.772713	87.539574	
324.241577	31.042641	126.671043	31.229185	126.352585	29.180481	110.079155	29.380598	109.951981	28.387091	87.554138	28.629873	87.753708	
325.834534	30.999241	127.000687	31.147385	126.614883	29.076351	110.374245	29.270809	110.223328	28.240393	87.821472	28.492458	87.978477	
327.427490	30.940462	127.209656	31.071436	126.881020	29.003242	110.746231	29.167097	110.501595	28.129190	88.155708	28.360331	88.213348	
329.020447	30.860825	127.511581	31.001240	127.150604	28.872059	111.151016	29.069397	110.786354	27.996140	88.440598	28.233471	88.457993	
330.613434	30.803568	127.877586	30.936886	127.423363	28.800272	111.409988	28.977844	111.077393	27.891474	88.682129	28.112036	88.712410	
332.206421	30.778381	128.189819	30.878597	127.699211	28.701164	111.742218	28.892708	111.374763	27.775120	89.048874	27.996309	88.976929	
333.799438	30.726892	128.458466	30.826363	127.978073	28.637484	112.076103	28.813997	111.678436	27.672201	89.291611	27.886309	89.251701	
335.392456	30.668915	128.697937	30.780415	128.260117	28.569956	112.406425	28.741980	111.988747	27.557926	89.587799	27.782290	89.537346	
336.985474	30.635185	129.015213	30.741022	128.545639	28.524996	112.683319	28.676952	112.306206	27.424578	89.931023	27.684523	89.834724	
338.578522	30.609711	129.282394	30.708996	128.835602	28.416008	113.111595	28.619780	112.632324	27.374756	90.138054	27.593763	90.146072	
340.171570	30.574068	129.672821	30.684376	129.130524	28.383089	113.407318	28.570488	112.967781	27.285629	90.570457	27.509991	90.472290	
341.764587	30.545238	130.062866	30.667471	129.431198	28.338156	113.698006	28.529400	113.313652	27.171827	90.911034	27.433458	90.814880	
343.357666	30.559439	130.380203	30.659090	129.739075	28.301119	114.146027	28.497345	113.672012	27.089710	91.315834	27.364840	91.176704	
344.950745	30.527454	130.519028	30.660034	130.055801	28.293911	114.586945	28.475145	114.045189	27.058329	91.586029	27.304790	91.560898	
346.543823	30.570267	130.970520	30.670536	130.382065	28.282032	114.821419	28.463057	114.434120	26.904203	92.041817	27.253521	91.968849	
348.136902	30.583654	131.183517	30.692245	130.720703	28.323769	115.493904	28.462788	114.842865	26.916548	92.599380	27.212452	92.406113	
349.730011	30.587282	131.698654	30.726892	131.075287	28.281902	115.706596	28.476097	115.276344	26.917118	93.120277	27.182993	92.879272	
351.323090	30.636721	132.061447	30.775339	131.448593	28.287260	116.281517	28.503853	115.738235	26.917374	93.663986	27.165773	93.393089	
352.916199	30.726830	132.482971	30.841949	131.853516	28.341543	116.798866	28.550186	116.245613	26.871614	94.160820	27.163521	93.968842	
354.509338	30.803438	132.872269	30.926508	132.298676	28.414892	117.435036	28.614408	116.808685	26.890026	94.859886	27.174675	94.617737	
356.102448	30.903502	133.416916	31.030209	132.804718	28.502190	118.050903	28.696636	117.452736	26.900414	95.638298	27.197052	95.368172	
357.695557	31.007147	134.018265	31.149302	133.397369	28.571907	118.768738	28.791094	118.207451	26.934160	96.526108	27.221865	96.250656	
359.288696	31.108782	134.758545	31.274954	134.092148	28.639431	119.737724	28.886967	119.088943	26.913630	97.516052	27.236286	97.278809	
360.881805	31.252117	135.637283	31.390507	134.920212	28.690722	120.812256	28.963335	120.130043	26.842354	98.679451	27.214832	98.480095	
362.474945	31.282402	136.479019	31.480997	135.861679	28.733755	121.902138	29.004492	121.303520	26.769882	100.007660	27.143057	99.819214	
364.068085	31.325693	137.579712	31.519354	136.918549	28.694471	123.125786	28.978851	122.604805	26.584572	101.382278	26.986547	101.276688	
365.661224	31.324118	138.668121	31.503878	138.037628	28.618704	124.514664	28.887459	123.970932	26.326088	102.839142	26.751368	102.784386	
367.254364	31.241158	139.737671	31.415232	139.184631	28.437880	125.896675	28.709284	125.354591	26.022802	104.282486	26.417915	104.275803	
368.847504	31.127491	140.954620	31.267962	140.317581	28.203230	127.266144	28.463253	126.709419	25.636469	105.846397	26.010336	105.705910	
370.440643	30.975260	142.035782	31.061674	141.396271	27.969761	128.516373	28.150877	127.984390	25.191483	107.204315	25.534803	107.011177	
372.033783	30.750134	143.051910	30.810974	142.401642	27.610374	129.697769	27.790152	129.158936	24.688393	108.437798	25.013180	108.172264	
373.626923	30.476622	143.897278	30.530144	143.323929	27.254303	130.952560	27.398403	130.223633	24.162937	109.409401	24.465990	109.183044	
375.220093	30.173365	144.852661	30.226435	144.143356	26.887403	131.816238	26.985506	131.153671	23.621376	110.399101	23.907494	110.014557	
376.813232	29.863438	145.532318	29.913975	144.888840	26.430403	132.691238	26.566427	131.988922	23.085350	111.185638	23.350784	110.720879	
378.406372	29.522030	146.195679	29.597912	145.540726	25.954870	133.480118	26.148731	132.704468	22.546377	111.710342	22.807720	111.273964	
379.999512	29.179441	146.749939	29.283422	146.126389	25.556705	134.094589	25.736933	133.336014	21.952339	112.167351	22.280014	111.718521	
381.592621	28.857826	147.258392	28.973055	146.654205	25.160057	134.587372	25.333647	133.894363	21.422279	112.479004	21.769848	112.068512	
383.185760	28.540155	147.796799	28.670820	147.114700	24.702766	135.059082	24.944407	134.368057	20.924494	112.669060	21.285082	112.313522	
384.778900	28.228634	148.038300	28.375629	147.531219	24.346346	135.467682	24.566460	134.786346	20.426319	112.711555	20.819624	112.487083	
386.372009	27.983450	148.578308	28.089151	147.904068	23.978586	135.784088	24.201847	135.149918	20.027485	112.844788	20.375879	112.591827	
387.965149	27.700075	148.840607	27.814577	148.229858	23.654591	136.044693	23.854654	135.455383	19.595396	112.822060	19.958916	112.627800	
389.558289	27.442400	149.082825	27.549717	148.523071	23.343620	136.342896	23.521341	135.720612	19.252615	112.827713	19.562822	112.614532	
391.151398	27.220907	149.373459	27.295151	148.786774	23.023371	136.497253	23.202412	135.949799	18.883286	112.748947	19.187702	112.558533	
392.744476	26.979635	149.481186	27.054680	149.018082	22.725313	136.785828	22.902571	136.140884	18.524757	112.574692	18.838938	112.463394	
394.337585	26.785315	149.748810	26.825157	149.228149	22.476696	136.950989	22.617332	136.307236	18.194876	112.565506	18.509972	112.342216	
395.930695	26.564178	149.955399	26.606421	149.420578	22.188410	137.029129	22.346237	136.453690	17.878469	112.343575	18.199657	112.201698	
397.523773	26.373690	150.087906	26.398994	149.597855	21.947927	137.151443	22.089720	136.583969	17.627644	112.258316	17.907917	112.048241	
399.116852	26.141407	150.320938	26.203451	149.762482	21.721560	137.315475	21.848251	136.701889	17.389498	112.045525	17.634684	111.888542	
400.709930	25.986652	150.547424	26.017141	149.919449	21.493042	137.394226	21.618341	136.812988	17.112736	111.946205	17.375410	111.726311	
402.303009	25.835829	150.638702	25.839394	150.070938	21.276915	137.479309	21.399019	136.919968	16.862234	111.746918	17.128641	111.564629	
403.896057	25.644464	150.792938	25.669470	150.218628	21.092115	137.599670	21.189281	137.024918	16.608166	111.603119	16.892952	111.405617	
405.489105	25.444942	150.926483	25.507990	150.363266	20.850010	137.791794	20.989777	137.129333	16.393005	111.480789	16.668755	111.252937	
407.082123	25.297775	151.075272	25.352655	150.506516	20.660318	137.857285	20.797682	137.234329	16.203417	111.310081	16.452850	111.104675	
408.675171	25.128561	151.148087	25.202753	150.648865	20.489241	137.953003	20.612104	137.340317	15.980350	111.086380	16.244196	110.960548	
410.268158	25.031437	151.381165	25.057722	150.790527	20.312496	138.024200	20.432371	137.447342	15.753762	110.913956	16.042027	110.820107	
411.861176	24.879114	151.506973	24.917084	150.931564	20.064501	138.039932	20.257902	137.555313	15.587952	110.713806	15.845712	110.682709	
413.454193	24.693005	151.593201	24.780836	151.071747	19.927876	138.245743	20.088707	137.663986	15.386204	110.505020	15.655252	110.548447	
415.047180	24.584341	151.705353	24.648476	151.210983	19.787270	138.370270	19.924198	137.773041	15.204234	110.404999	15.470055	110.416290	
416.640137	24.433018	151.837814	24.519396	151.349274	19.589998	138.403870	19.763660	137.882156	15.019029	110.251755	15.289388	110.284966	
418.233093	24.331928	151.981689	24.393375	151.486481	19.454098	138.430344	19.606844	137.991058	14.839052	110.044746	15.113008	110.153938	
419.826019	24.176058	152.077744	24.270243	151.622482	19.280462	138.536911	19.453552	138.099518	14.629769	109.730492	14.940727	110.022781	
421.419006	24.060259	152.218384	24.149830	151.757156	19.111935	138.573639	19.303595	138.207321	14.472382	109.433693	14.772358	109.891106	
423.011871	23.936960	152.310715	24.032015	151.890411	18.933044	138.740555	19.156836	138.314285	14.285733	109.527237	14.607770	109.758629	
424.604797	23.814322	152.424500	23.916670	152.022156	18.816957	138.790817	19.013126	138.420258	14.124326	109.361855	14.446816	109.625076	
426.197662	23.707348	152.553787	23.803879	152.152206	18.669586	138.910019	18.872576	138.525040	13.989919	109.097183	14.289617	109.490608	
427.790527	23.586992	152.622742	23.693447	152.280579	18.525303	139.001801	18.734955	138.628586	13.833753	108.990639	14.135931	109.354874	
429.383392	23.498035	152.831223	23.585176	152.407288	18.385923	139.156464	18.600027	138.730804	13.692261	108.824135	13.985518	109.217529	
430.976227	23.382854	152.885986	23.478994	152.532333	18.297482	139.151260	18.467709	138.831665	13.538253	108.505211	13.838286	109.078468	
432.569031	23.252394	153.004059	23.374838	152.655670	18.083576	139.318085	18.337925	138.931107	13.417203	108.452438	13.694156	108.937645	
434.161865	23.153631	153.133987	23.272642	152.777313	17.987886	139.356781	18.210602	139.029068	13.267406	108.333633	13.553046	108.795006	
435.754639	23.063759	153.333847	23.172354	152.897217	17.871695	139.444153	18.085670	139.125549	13.117681	108.077293	13.414882	108.650505	
437.347412	22.966125	153.358994	23.073914	153.015396	17.734360	139.479782	17.963064	139.220520	12.978015	107.766617	13.279588	108.504143	
438.940186	22.856056	153.500916	22.977280	153.131866	17.605492	139.652725	17.842733	139.313980	12.858476	107.695259	13.147101	108.355934	
440.532898	22.753971	153.627975	22.882408	153.246628	17.510540	139.738403	17.724621	139.405914	12.725001	107.473358	13.017359	108.205894	
442.125641	22.669065	153.713608	22.789253	153.359695	17.401125	139.753113	17.608669	139.496338	12.607588	107.188316	12.890291	108.054054	
443.718323	22.579769	153.825516	22.697771	153.471069	17.284428	139.830460	17.494829	139.585251	12.476557	107.103622	12.765837	107.900444	
445.310974	22.488331	153.845078	22.607925	153.580811	17.206835	139.917450	17.383051	139.672684	12.358285	106.918434	12.643935	107.745110	
446.903625	22.397028	153.931442	22.519680	153.688904	17.070116	139.985001	17.273291	139.758652	12.253449	106.708069	12.524529	107.588120	
448.496246	22.294325	154.078308	22.432995	153.795395	16.972258	139.999588	17.165499	139.843185	12.149024	106.627449	12.407556	107.429527	
450.088867	22.225601	154.196426	22.347837	153.900314	16.883196	140.124237	17.059631	139.926331	12.035272	106.436882	12.292958	107.269394	
451.681458	22.140182	154.289413	22.264174	154.003677	16.781897	140.204666	16.955647	140.008087	11.909124	106.170944	12.180683	107.107788	
453.273987	22.067322	154.314468	22.181976	154.105545	16.667917	140.228622	16.853508	140.088531	11.805840	105.999306	12.070678	106.944809	
454.866547	21.979406	154.460709	22.101210	154.205933	16.564632	140.348755	16.753172	140.167679	11.699694	105.847870	11.962883	106.780533	
456.459045	21.897097	154.509293	22.021849	154.304886	16.442940	140.370712	16.654600	140.245575	11.634975	105.741455	11.857252	106.615021	
458.051514	21.829121	154.623535	21.943859	154.402420	16.355501	140.441162	16.557753	140.322266	11.514977	105.538857	11.753727	106.448364	
459.643982	21.769981	154.746033	21.867210	154.498596	16.280420	140.519745	16.462589	140.397797	11.433194	105.326767	11.652256	106.280632	
461.236420	21.689201	154.843933	21.791878	154.593445	16.198084	140.695374	16.369076	140.472198	11.325123	104.979050	11.552789	106.111908	
462.828857	21.620625	154.874481	21.717821	154.686996	16.112902	140.653687	16.277164	140.545517	11.228538	104.836090	11.455267	105.942230	
464.421234	21.554274	154.968307	21.645023	154.779297	16.029140	140.667603	16.186827	140.617813	11.140015	104.687691	11.359649	105.771721	
466.013611	21.470270	155.038956	21.573637	154.870285	15.923220	140.741241	16.098242	140.689117	11.048680	104.482742	11.266084	105.601082	
467.605957	21.393997	155.073730	21.503464	154.960083	15.830002	140.710281	16.011171	140.759491	10.972747	104.350777	11.174332	105.429817	
469.198242	21.366894	155.225998	21.434475	155.048752	15.748361	140.872177	15.925577	140.828979	10.906199	104.127991	11.084342	105.257996	
470.790527	21.252100	155.259064	21.366636	155.136322	15.654500	140.882935	15.841415	140.897629	10.808575	103.837669	10.996059	105.085640	
472.382751	21.210352	155.432510	21.299929	155.222824	15.603404	140.994461	15.758661	140.965469	10.733735	103.750130	10.909444	104.912857	
473.975006	21.149893	155.470398	21.234320	155.308304	15.517492	141.085419	15.677272	141.032562	10.640237	103.613991	10.824445	104.739677	
475.567200	21.085180	155.557938	21.169783	155.392792	15.419319	141.089615	15.597214	141.098923	10.584399	103.391411	10.741017	104.566147	
477.159332	21.030266	155.619080	21.106302	155.476334	15.369591	141.158188	15.518465	141.164627	10.487720	103.188652	10.659124	104.392372	
478.751465	20.974255	155.767212	21.043856	155.558945	15.287098	141.238541	15.440995	141.229675	10.431367	102.966133	10.578727	104.218391	
480.343567	20.935114	155.736267	20.982676	155.640564	15.217446	141.293686	15.365071	141.294220	10.332771	102.685768	10.500039	104.045395	
481.935638	20.849506	155.835434	20.922472	155.721329	15.121424	141.329941	15.290356	141.358231	10.238859	102.581528	10.422750	103.872322	
483.527679	20.776247	155.926865	20.863222	155.801300	15.080301	141.422836	15.216816	141.421722	10.184299	102.439705	10.346819	103.699196	
485.119690	20.729692	156.021362	20.804901	155.880463	14.982036	141.439957	15.144418	141.484726	10.110301	102.144257	10.272206	103.526039	
486.711670	20.675720	156.054993	20.747480	155.958893	14.929129	141.595810	15.073131	141.547272	10.039729	102.136276	10.198870	103.352875	
488.303619	20.608133	156.138260	20.690947	156.036575	14.859206	141.613693	15.002931	141.609406	9.974003	101.917717	10.126780	103.179756	
489.895508	20.556208	156.238525	20.635485	156.113510	14.773040	141.580231	14.934032	141.671265	9.908275	101.728592	10.056093	103.007729	
491.487396	20.512762	156.268173	20.580961	156.189743	14.711175	141.667282	14.866280	141.732834	9.846391	101.476410	9.986670	102.836334	
493.079193	20.464981	156.384064	20.527262	156.265335	14.667507	141.680511	14.799531	141.794067	9.781739	101.165283	9.918382	102.665108	
494.671051	20.412577	156.447372	20.474354	156.340332	14.594607	141.772369	14.733753	141.855011	9.717513	101.162712	9.851189	102.494034	
496.262787	20.362366	156.512955	20.422222	156.414719	14.535687	141.778580	14.668925	141.915695	9.654863	100.825638	9.785064	102.323135	
497.854553	20.321829	156.581284	20.370966	156.488510	14.471811	141.861420	14.605156	141.976196	9.603800	100.675514	9.720079	102.153053	
499.446228	20.253412	156.611740	20.320667	156.561707	14.397199	141.884979	14.542537	142.036621	9.529935	100.643997	9.656292	101.984383	
501.037903	20.182522	156.700668	20.271078	156.634399	14.355310	142.000885	14.480784	142.096848	9.464035	100.405602	9.593471	101.815918	
502.629486	20.155239	156.822693	20.222183	156.706573	14.291452	142.078308	14.419875	142.156876	9.405494	100.208931	9.531589	101.647667	
504.221100	20.101715	156.820374	20.173962	156.778259	14.221746	142.080551	14.359787	142.216736	9.337915	99.984962	9.470617	101.479622	
505.812653	20.090134	156.923386	20.126633	156.849442	14.161176	142.100159	14.300766	142.276642	9.300055	99.711334	9.410730	101.313141	
507.404144	20.002491	157.022919	20.080061	156.920166	14.107044	142.200760	14.242658	142.336502	9.224534	99.599258	9.351799	101.147583	
508.995605	19.944977	157.004349	20.034101	156.990448	14.053255	142.216492	14.185292	142.396225	9.179599	99.330406	9.293691	100.982193	
510.587067	19.914537	157.128983	19.988735	157.060318	13.992482	142.254944	14.128648	142.455826	9.127456	99.342979	9.236382	100.816956	
512.178406	19.882429	157.132950	19.944109	157.129761	13.926929	142.341095	14.072889	142.515442	9.068224	99.046898	9.179980	100.652824	
513.769775	19.825983	157.258286	19.900257	157.198792	13.882007	142.400055	14.018053	142.575165	9.010566	98.837563	9.124500	100.490143	
515.361084	19.798489	157.297714	19.856945	157.267441	13.835567	142.437332	13.963874	142.634796	8.977315	98.708900	9.069746	100.327568	
516.952332	19.733820	157.357346	19.814159	157.335709	13.774200	142.483124	13.910333	142.694305	8.911926	98.542259	9.015698	100.165077	
518.543579	19.699078	157.406052	19.772070	157.403610	13.737211	142.547165	13.857624	142.753937	8.860847	98.361488	8.962483	100.003838	
520.134766	19.655996	157.495361	19.730671	157.471161	13.671057	142.595367	13.805736	142.813660	8.798920	98.055962	8.910082	99.843895	
521.725952	19.634209	157.541748	19.689745	157.538361	13.607863	142.667221	13.754423	142.873291	8.762493	97.893860	8.858321	99.683952	
523.317017	19.587561	157.623764	19.649279	157.605209	13.548576	142.701019	13.703671	142.932831	8.718784	97.780579	8.807185	99.523964	
524.908081	19.524170	157.687729	19.609579	157.671722	13.500485	142.744461	13.653822	142.992615	8.669284	97.577667	8.756896	99.366028	
526.499084	19.485651	157.750519	19.570379	157.737915	13.453643	142.798187	13.604575	143.052399	8.618067	97.367325	8.707244	99.208481	
528.090027	19.443966	157.736633	19.531597	157.803787	13.420448	142.839920	13.555838	143.112076	8.550983	97.167488	8.658165	99.050819	
529.680969	19.436468	157.872833	19.493353	157.869339	13.355284	142.838181	13.507746	143.171799	8.515719	96.937302	8.609742	98.893921	
531.271851	19.360245	157.900558	19.455751	157.934586	13.307195	142.962646	13.460413	143.231705	8.477097	96.953049	8.562040	98.738571	
532.862671	19.351240	158.006805	19.418524	157.999527	13.259723	142.927582	13.413538	143.291504	8.423387	96.697975	8.514861	98.582993	
534.453491	19.298658	157.997223	19.381678	158.064148	13.232931	143.056870	13.367131	143.351212	8.384835	96.456421	8.468208	98.427292	
536.044189	19.242889	158.070038	19.345560	158.128479	13.177337	143.020096	13.321577	143.411224	8.352571	96.362206	8.422318	98.273933	
537.634888	19.211058	158.100128	19.309778	158.192505	13.132607	143.071091	13.276437	143.471115	8.308995	96.152161	8.376908	98.120247	
539.225525	19.192528	158.161880	19.274324	158.256241	13.087863	143.203064	13.231702	143.530869	8.257730	95.867889	8.331972	97.966217	
540.816101	19.159786	158.219727	19.239534	158.319672	13.050014	143.234116	13.187746	143.590897	8.230382	95.696449	8.287735	97.814278	
542.406677	19.116533	158.325150	19.205093	158.382828	12.995890	143.333679	13.144217	143.650848	8.178276	95.666710	8.243975	97.662254	
543.997192	19.084513	158.326630	19.170948	158.445679	12.943102	143.300186	13.101055	143.710632	8.133027	95.505341	8.200652	97.509773	
545.587585	19.039200	158.432861	19.137421	158.508240	12.920439	143.446350	13.058620	143.770660	8.095818	95.338203	8.157981	97.359261	
547.178040	18.993647	158.421036	19.104231	158.570526	12.883703	143.553070	13.016599	143.830597	8.060475	95.131355	8.115767	97.208702	
548.768372	18.988682	158.572403	19.071308	158.632507	12.818658	143.476242	12.974910	143.890366	8.016248	94.917068	8.073960	97.057610	
550.358643	18.935177	158.575455	19.039001	158.694214	12.789228	143.476700	12.933944	143.950409	7.973283	94.786453	8.032788	96.908638	
551.948914	18.930374	158.684189	19.006989	158.755646	12.746078	143.634613	12.893342	144.010315	7.943821	94.652977	7.992033	96.759430	
553.539124	18.875107	158.649734	18.975235	158.816772	12.702497	143.616531	12.853064	144.070053	7.901938	94.313911	7.951670	96.609756	
555.129272	18.855082	158.759003	18.944094	158.877640	12.650798	143.668762	12.813502	144.130066	7.860738	94.138817	7.911923	96.462334	
556.719360	18.817554	158.799210	18.913174	158.938202	12.609825	143.718353	12.774222	144.189896	7.822564	94.056976	7.872538	96.314247	
558.309387	18.790190	158.872589	18.882582	158.998505	12.573444	143.794540	12.735341	144.249649	7.774993	93.819832	7.833578	96.166321	
559.899353	18.760561	158.939743	18.852486	159.058517	12.556319	143.894287	12.697047	144.309540	7.748161	93.533005	7.795147	96.019928	
561.489258	18.713539	158.985565	18.822586	159.118256	12.499365	143.884232	12.659004	144.369217	7.715113	93.526978	7.757053	95.872749	
563.079163	18.698313	159.037033	18.793106	159.177704	12.461083	143.967148	12.621465	144.428955	7.662919	93.112175	7.719433	95.726608	
564.668945	18.656404	159.111282	18.763981	159.236877	12.423111	143.969482	12.584352	144.488663	7.635134	93.158455	7.682241	95.581009	
566.258728	18.627531	159.181824	18.735031	159.295792	12.392705	144.129608	12.547465	144.548157	7.608479	93.096748	7.645363	95.434555	
567.848450	18.583708	159.199448	18.706629	159.354416	12.369650	144.113922	12.511224	144.607864	7.571400	92.973541	7.609030	95.290291	
569.438110	18.577820	159.256973	18.678406	159.412766	12.290662	144.088699	12.475213	144.667358	7.541325	92.562904	7.573006	95.145264	
571.027710	18.524027	159.319977	18.650496	159.470840	12.259207	144.204834	12.439580	144.726807	7.507375	92.271019	7.537373	95.000595	
572.617249	18.496790	159.338623	18.622972	159.528641	12.245577	144.169296	12.404413	144.786285	7.468535	92.279617	7.502174	94.856956	
574.206665	18.494959	159.406616	18.595591	159.586182	12.199610	144.259979	12.369431	144.845520	7.441011	92.008385	7.467254	94.712318	
575.796082	18.455433	159.418320	18.568697	159.643433	12.168143	144.262848	12.335028	144.904907	7.397660	91.975525	7.432824	94.569618	
577.385498	18.413008	159.478470	18.541979	159.700439	12.145596	144.425308	12.300848	144.964111	7.378947	91.797745	7.398689	94.426277	
578.974731	18.394329	159.547501	18.515554	159.757156	12.090522	144.418762	12.267026	145.023239	7.341421	91.521309	7.364919	94.283325	
580.564026	18.386139	159.649506	18.489479	159.813614	12.064009	144.447708	12.233622	145.082382	7.309047	91.454605	7.331543	94.141243	
582.153198	18.341402	159.656357	18.463512	159.869797	12.035689	144.520813	12.200368	145.141266	7.280952	91.240433	7.298417	93.998055	
583.742310	18.326571	159.743256	18.438049	159.925720	11.985693	144.543335	12.167707	145.200333	7.241796	91.113983	7.265772	93.857132	
585.331421	18.259518	159.778381	18.412682	159.981384	11.932855	144.607132	12.135180	145.259125	7.216362	90.982872	7.233365	93.715034	
586.920410	18.260883	159.829361	18.387671	160.036774	11.930846	144.734741	12.103078	145.317932	7.183008	90.740143	7.201343	93.574013	
588.509338	18.262562	159.902328	18.362888	160.091904	11.894751	144.749344	12.071261	145.376633	7.148549	90.658287	7.169635	93.433029	
590.098206	18.217945	159.929214	18.338314	160.146790	11.842702	144.765701	12.039702	145.435196	7.135320	90.149223	7.138222	93.291901	
591.687012	18.190807	159.969666	18.314095	160.201385	11.816854	144.761353	12.008569	145.493790	7.093483	90.148262	7.107188	93.151970	
593.275757	18.147137	160.041977	18.289951	160.255753	11.805252	144.944244	11.977548	145.552109	7.083882	90.071495	7.076371	93.010796	
594.864441	18.152546	160.094574	18.266270	160.309845	11.778642	144.933929	11.947068	145.610580	7.045938	89.879601	7.045987	92.871811	
596.453064	18.102158	160.122223	18.242643	160.363678	11.741247	144.981216	11.916677	145.668732	7.017218	89.648148	7.015806	92.731468	
598.041626	18.066942	160.214737	18.219391	160.417267	11.704103	144.991013	11.886731	145.726974	6.978250	89.619820	6.986002	92.592606	
599.630127	18.074968	160.240891	18.196281	160.470596	11.670677	145.063522	11.856971	145.785004	6.954696	89.294701	6.956446	92.453194	
601.218567	18.035561	160.254532	18.173443	160.523666	11.642694	145.076843	11.827538	145.843002	6.928834	89.192398	6.927205	92.314407	
602.806946	18.009550	160.293518	18.150826	160.576492	11.612703	145.151138	11.798379	145.900879	6.910789	88.934502	6.898250	92.175827	
604.395203	17.976538	160.338409	18.128387	160.629059	11.583087	145.181854	11.769444	145.958603	6.892406	88.890419	6.869557	92.037094	
605.983459	17.957336	160.405640	18.106245	160.681381	11.550961	145.287827	11.740867	146.016327	6.852128	88.726143	6.841186	91.899323	
607.571594	17.937569	160.482010	18.084209	160.733459	11.538454	145.281906	11.712434	146.073822	6.826590	88.687592	6.813035	91.760773	
609.159668	17.920444	160.512878	18.062529	160.785278	11.497190	145.340210	11.684421	146.131378	6.803895	88.473900	6.785231	91.623764	
610.747681	17.933983	160.604568	18.040888	160.836868	11.465437	145.392532	11.656477	146.188629	6.782780	88.324150	6.757607	91.485420	
612.335632	17.876295	160.616638	18.019648	160.888199	11.448071	145.500198	11.629007	146.246002	6.757854	88.249649	6.730351	91.349129	
613.923523	17.829817	160.644089	17.998415	160.939301	11.406219	145.458481	11.601567	146.303040	6.728610	88.026093	6.703255	91.211197	
615.511353	17.829859	160.697037	17.977581	160.990143	11.368112	145.554230	11.574599	146.360199	6.696913	87.830093	6.676521	91.075378	
617.099121	17.800669	160.743927	17.956762	161.040756	11.338724	145.533539	11.547671	146.417038	6.667812	87.578423	6.649948	90.938049	
618.686768	17.790562	160.815262	17.936308	161.091110	11.327538	145.649200	11.521173	146.473969	6.651999	87.494705	6.623713	90.802536	
620.274414	17.776260	160.870010	17.915892	161.141251	11.302297	145.681030	11.494741	146.530594	6.623202	87.435417	6.597649	90.665771	
621.861938	17.764801	160.842987	17.895803	161.191132	11.285966	145.796616	11.468702	146.587280	6.596596	87.170143	6.571902	90.530571	
623.449341	17.737146	160.895432	17.875774	161.240799	11.255034	145.818954	11.442749	146.643692	6.570720	86.808617	6.546331	90.394318	
625.036743	17.712845	160.966965	17.856054	161.290207	11.233962	145.822189	11.417165	146.700150	6.554720	86.822540	6.521062	90.259499	
626.624084	17.690432	161.002182	17.836397	161.339401	11.207993	145.825165	11.391674	146.756332	6.528375	86.544250	6.495971	90.123726	
628.211304	17.688980	161.096909	17.817036	161.388351	11.146569	145.810486	11.366534	146.812546	6.509939	86.563866	6.471169	89.989288	
629.798462	17.652164	161.121704	17.797735	161.437073	11.138350	145.978699	11.341488	146.868515	6.485425	86.089302	6.446543	89.853928	
631.385620	17.631296	161.127319	17.778730	161.485565	11.102701	145.956253	11.316792	146.924500	6.473914	86.358109	6.422201	89.719955	
632.972595	17.610918	161.233337	17.759777	161.533829	11.077574	146.012421	11.292176	146.980225	6.443863	86.087227	6.398026	89.584984	
634.559570	17.593369	161.237183	17.741117	161.581863	11.071455	146.072388	11.267912	147.035980	6.416554	85.771408	6.374132	89.451469	
636.146423	17.569761	161.280487	17.722494	161.629669	11.035445	146.183304	11.243708	147.091461	6.402758	85.813400	6.350394	89.316803	
637.733215	17.518595	161.287308	17.704182	161.677246	10.994288	146.177048	11.219872	147.146988	6.365563	85.620041	6.326941	89.183807	
639.319946	17.525812	161.386383	17.685877	161.724609	10.972373	146.277328	11.196068	147.202209	6.370388	85.260986	6.303629	89.049431	
640.906616	17.523855	161.444901	17.667900	161.771729	10.973588	146.301956	11.172650	147.257507	6.337941	85.155693	6.280606	88.916946	
642.493164	17.469074	161.442001	17.649897	161.818665	10.936921	146.359909	11.149225	147.312469	6.311991	84.968231	6.257706	88.782768	
644.079651	17.472366	161.519806	17.632256	161.865341	10.924228	146.352692	11.126225	147.367538	6.296273	84.726593	6.235105	88.650864	
645.666016	17.465014	161.565765	17.614588	161.911819	10.877740	146.348587	11.103215	147.422272	6.259342	84.978798	6.212626	88.517288	
647.252319	17.438171	161.599884	17.597235	161.958054	10.855307	146.463531	11.080577	147.477081	6.257915	84.494698	6.190420	88.385567	
648.838623	17.439302	161.626022	17.579895	162.004105	10.852392	146.548630	11.057976	147.531601	6.240489	84.383560	6.168352	88.252617	
650.424744	17.396599	161.656479	17.562817	162.049911	10.817177	146.509567	11.035686	147.586121	6.215790	84.250038	6.146530	88.121025	
652.010864	17.369270	161.735779	17.545803	162.095520	10.802172	146.647522	11.013488	147.640427	6.201283	84.090874	6.124865	87.988739	
653.596863	17.358330	161.768143	17.528990	162.140915	10.764392	146.610352	10.991534	147.694656	6.172142	83.898422	6.103415	87.857224	
655.182800	17.348415	161.862045	17.512297	162.186096	10.743592	146.727921	10.969735	147.748749	6.158169	83.628082	6.082146	87.725662	
656.768677	17.298910	161.977432	17.495735	162.231064	10.715115	146.828415	10.948102	147.802704	6.139004	83.510788	6.061058	87.594147	
658.354370	17.296354	161.960236	17.479353	162.275803	10.701888	146.859085	10.926687	147.856567	6.127468	83.545410	6.040173	87.463234	
659.940063	17.277416	161.950424	17.463030	162.320358	10.689957	146.914490	10.905359	147.910202	6.091946	83.334297	6.019438	87.331665	
661.525696	17.269978	161.986786	17.446960	162.364685	10.674742	146.926392	10.884336	147.963867	6.082723	83.175072	5.998932	87.201553	
663.111206	17.257143	162.023819	17.430874	162.408829	10.633409	146.847031	10.863309	148.017212	6.061799	83.182823	5.978542	87.069946	
664.696655	17.254683	162.031738	17.415106	162.452744	10.611731	146.923798	10.842659	148.070648	6.036952	82.829597	5.958405	86.940552	
666.281982	17.234648	162.043869	17.399319	162.496475	10.603327	147.024139	10.822005	148.123779	6.028482	82.781067	5.938381	86.809677	
667.867249	17.220375	162.122772	17.383772	162.539993	10.577498	146.997879	10.801638	148.176910	5.993765	82.539124	5.918575	86.680183	
669.452393	17.198351	162.149094	17.368288	162.583313	10.556852	147.173004	10.781361	148.229843	5.998976	82.477272	5.898913	86.550163	
671.037476	17.182503	162.201324	17.352947	162.626419	10.528102	147.121872	10.761261	148.282669	5.969315	82.479927	5.879426	86.420494	
672.622498	17.176455	162.245667	17.337763	162.669327	10.521956	147.217575	10.741353	148.335388	5.960036	82.062233	5.860117	86.291328	
674.207397	17.148912	162.277664	17.322618	162.712051	10.484797	147.215622	10.721510	148.387878	5.939716	81.863152	5.840942	86.161438	
675.792236	17.137836	162.356430	17.307726	162.754562	10.495967	147.344284	10.701964	148.440399	5.926711	81.983025	5.821980	86.033142	
677.376953	17.115196	162.340164	17.292814	162.796890	10.461760	147.422379	10.682417	148.492630	5.913773	81.676567	5.803126	85.903465	
678.961609	17.077581	162.384598	17.278164	162.839005	10.438539	147.296432	10.663177	148.544876	5.884382	81.603737	5.784485	85.775543	
680.546204	17.097380	162.424271	17.263540	162.880951	10.428768	147.442429	10.643986	148.596909	5.871671	81.474129	5.765967	85.646767	
682.130676	17.083752	162.516464	17.249063	162.922684	10.404391	147.520340	10.624974	148.648834	5.850314	81.413803	5.747617	85.518501	
683.715027	17.049072	162.506332	17.234724	162.964218	10.376194	147.498047	10.606135	148.700653	5.839746	81.161476	5.729430	85.390678	
685.299377	17.027754	162.545868	17.220411	163.005585	10.365449	147.516907	10.587342	148.752243	5.822064	81.003967	5.711362	85.262009	
686.883545	17.018517	162.622208	17.206352	163.046738	10.324313	147.578079	10.568851	148.803864	5.803348	80.887810	5.693499	85.135139	
688.467651	17.006104	162.604294	17.192276	163.087723	10.330914	147.640778	10.550356	148.855209	5.795349	80.783813	5.675737	85.006966	
690.051697	16.984175	162.647827	17.178411	163.128494	10.300430	147.700592	10.532114	148.906525	5.758765	80.727966	5.658160	84.880135	
691.635620	16.970770	162.688507	17.164614	163.169098	10.300039	147.792221	10.513964	148.957672	5.755773	80.439110	5.640714	84.752983	
693.219482	16.981321	162.781784	17.150890	163.209518	10.291078	147.849854	10.495914	149.008667	5.746570	80.458405	5.623401	84.625633	
694.803223	16.964409	162.775253	17.137362	163.249741	10.260730	147.847427	10.478097	149.059601	5.735034	80.062225	5.606262	84.499466	
696.386841	16.913115	162.787613	17.123817	163.289795	10.221052	147.861786	10.460279	149.110291	5.712097	80.003014	5.589223	84.372070	
697.970459	16.921942	162.854034	17.110508	163.329651	10.202823	147.879318	10.442740	149.160980	5.693742	79.925606	5.572369	84.246376	
699.553894	16.897760	162.871536	17.097231	163.369324	10.198524	147.935440	10.425252	149.211472	5.683722	79.830864	5.555629	84.120018	
701.137329	16.912798	162.965637	17.084045	163.408829	10.165977	147.961044	10.407884	149.261810	5.672448	79.571495	5.539024	83.993721	
702.720581	16.874086	162.967102	17.071037	163.448135	10.159476	148.006195	10.390726	149.312119	5.657839	79.497620	5.522579	83.868484	
704.303772	16.857376	162.960831	17.058014	163.487289	10.126813	148.001282	10.373569	149.362152	5.655731	79.131271	5.506230	83.742065	
705.886841	16.867939	163.040985	17.045216	163.526245	10.109677	148.071106	10.356681	149.412201	5.613429	79.159668	5.490058	83.617348	
707.469849	16.850475	163.070374	17.032448	163.565033	10.117974	148.180511	10.339841	149.462051	5.605518	78.922585	5.473994	83.491997	
709.052734	16.824331	163.111435	17.019754	163.603653	10.102716	148.239075	10.323098	149.511734	5.598459	79.096970	5.458053	83.366531	
710.635498	16.799644	163.129196	17.007244	163.642075	10.067666	148.275452	10.306576	149.561386	5.576104	78.558289	5.442270	83.242317	
712.218201	16.827892	163.189484	16.994720	163.680344	10.054838	148.367371	10.290054	149.610794	5.551476	78.486115	5.426580	83.116974	
713.800842	16.776131	163.192566	16.982386	163.718430	10.017463	148.347076	10.273757	149.660187	5.558040	78.211441	5.411046	82.992943	
715.383301	16.806618	163.320358	16.970112	163.756348	10.037776	148.488861	10.257544	149.709396	5.559605	77.914070	5.395627	82.868713	
716.965698	16.779972	163.308365	16.957861	163.794113	10.019355	148.469055	10.241371	149.758408	5.528993	78.001801	5.380311	82.743828	
718.548035	16.731789	163.308472	16.945837	163.831680	9.983191	148.443512	10.225469	149.807434	5.524923	78.219749	5.365160	82.620819	
720.130249	16.758732	163.372681	16.933805	163.869095	9.965733	148.546188	10.209568	149.856232	5.493449	77.946564	5.350100	82.496750	
721.712341	16.713793	163.402634	16.921890	163.906326	9.966061	148.582809	10.193814	149.904922	5.490211	77.854584	5.335168	82.373215	
723.294312	16.717922	163.380814	16.910097	163.943390	9.931081	148.567703	10.178211	149.953522	5.473609	77.538445	5.320366	82.250290	
724.876221	16.707392	163.441223	16.898294	163.980316	9.924001	148.616409	10.162610	150.001892	5.456753	77.708588	5.305653	82.126320	
726.458069	16.697922	163.471588	16.886696	164.017044	9.899209	148.677399	10.147252	150.050262	5.448722	77.683479	5.291090	82.004021	
728.039734	16.678638	163.502014	16.875132	164.053635	9.885986	148.852081	10.131947	150.098434	5.446286	77.035667	5.276628	81.881264	
729.621338	16.661318	163.575882	16.863590	164.090057	9.906247	148.859497	10.116682	150.146423	5.415596	77.183884	5.262264	81.757919	
731.202820	16.686111	163.632950	16.852266	164.126297	9.871037	148.801331	10.101671	150.194427	5.412059	76.720856	5.248050	81.636436	
732.784241	16.668844	163.687424	16.840931	164.162399	9.834588	148.850357	10.086664	150.242203	5.396495	76.880630	5.233922	81.513962	
734.365479	16.624165	163.719498	16.829689	164.198334	9.810572	148.802612	10.071773	150.289856	5.389097	76.349442	5.219907	81.391785	
735.946655	16.630993	163.690353	16.818584	164.234100	9.821445	148.890747	10.057050	150.337448	5.377489	76.547661	5.206018	81.270546	
737.527710	16.639076	163.754776	16.807472	164.269714	9.806856	148.967819	10.042331	150.384811	5.366762	76.403168	5.192214	81.148338	
739.108765	16.641266	163.748428	16.796509	164.305176	9.746487	148.884567	10.027791	150.432129	5.347169	76.566261	5.178536	81.027206	
740.689575	16.579910	163.802277	16.785625	164.340469	9.742835	148.938980	10.013354	150.479324	5.327953	76.226257	5.164965	80.906288	
742.270386	16.569141	163.807236	16.774733	164.375626	9.754361	149.143753	9.998921	150.526291	5.326357	76.044357	5.151477	80.784431	
743.850952	16.535147	163.798157	16.764038	164.410599	9.732309	149.132385	9.984722	150.573257	5.310823	75.901367	5.138125	80.664322	
745.431519	16.535475	163.888535	16.753372	164.445435	9.743933	149.278015	9.970569	150.620056	5.305440	75.578026	5.124864	80.543793	
747.011963	16.550585	163.932175	16.742702	164.480133	9.715648	149.206589	9.956422	150.666626	5.292122	75.761276	5.111686	80.422394	
748.592285	16.542084	163.974274	16.732256	164.514648	9.682541	149.209061	9.942537	150.713242	5.279422	75.734062	5.098646	80.303116	
750.172485	16.542013	164.020447	16.721800	164.549026	9.677251	149.303757	9.928657	150.759628	5.272935	75.306480	5.085687	80.182953	
751.752625	16.499218	164.014221	16.711372	164.583267	9.644808	149.253937	9.914819	150.805862	5.264900	74.914993	5.072816	80.062363	
753.332642	16.528038	164.072693	16.701136	164.617340	9.630404	149.288803	9.901209	150.852081	5.240715	75.110046	5.060072	79.943550	
754.912476	16.503647	164.155518	16.690893	164.651276	9.635353	149.392838	9.887602	150.898087	5.238568	75.012527	5.047407	79.823860	
756.492310	16.462263	164.108444	16.680700	164.685059	9.637750	149.524841	9.874063	150.943954	5.218289	74.531700	5.034834	79.704086	
758.071960	16.468082	164.183685	16.670673	164.718689	9.593046	149.492493	9.860724	150.989807	5.229171	74.173363	5.022379	79.585793	
759.651489	16.438038	164.202454	16.660641	164.752182	9.593064	149.541229	9.847390	151.035431	5.189654	74.585953	5.010002	79.466652	
761.230957	16.429331	164.164642	16.650669	164.785522	9.561458	149.480515	9.834135	151.080948	5.187675	74.489815	4.997717	79.347595	
762.810303	16.446003	164.278015	16.640842	164.818710	9.574334	149.653946	9.821054	151.126404	5.196008	74.297859	4.985542	79.229752	
764.389526	16.422728	164.309937	16.631008	164.851776	9.543895	149.674850	9.807977	151.171646	5.170055	74.139275	4.973444	79.111084	
765.968628	16.407602	164.315826	16.621243	164.884689	9.556081	149.704376	9.794990	151.216782	5.158112	73.843712	4.961436	78.992638	
767.547607	16.407763	164.372620	16.611622	164.917450	9.520047	149.662537	9.782175	151.261871	5.163612	73.634529	4.949536	78.875435	
769.126526	16.387402	164.398956	16.601995	164.950089	9.504549	149.800629	9.769364	151.306778	5.119832	73.972923	4.937711	78.757431	
770.705261	16.372852	164.406830	16.592432	164.982574	9.524088	149.990875	9.756636	151.351532	5.142048	73.348808	4.925974	78.639603	
772.283936	16.372980	164.414902	16.583006	165.014908	9.485953	149.850464	9.744074	151.396255	5.120968	73.531967	4.914340	78.522964	
773.862427	16.369373	164.448792	16.573574	165.047119	9.483418	149.934235	9.731516	151.440781	5.121147	73.128685	4.902780	78.405556	
775.440857	16.350750	164.498474	16.564196	165.079208	9.453114	149.874710	9.719029	151.485168	5.099266	73.097183	4.891304	78.288200	
777.019165	16.332836	164.518051	16.554968	165.111130	9.443293	149.970352	9.706721	151.529541	5.115505	72.646851	4.879930	78.172226	
778.597351	16.328524	164.557449	16.545732	165.142929	9.404648	150.034180	9.694417	151.573700	5.085081	72.814919	4.868628	78.055496	
780.175415	16.326712	164.577988	16.536530	165.174591	9.426017	150.093842	9.682160	151.617722	5.060895	73.274071	4.857405	77.938568	
781.753357	16.333675	164.595261	16.527491	165.206100	9.390610	150.003662	9.670096	151.661713	5.065161	72.712631	4.846284	77.823235	
783.331177	16.322636	164.634064	16.518444	165.237503	9.395391	150.063080	9.658036	151.705521	5.060317	72.634697	4.835233	77.707169	
784.908936	16.275711	164.663651	16.509405	165.268768	9.409773	150.209610	9.645995	151.749146	5.045280	72.418762	4.824255	77.590553	
786.486511	16.283802	164.755905	16.500559	165.299881	9.383206	150.273529	9.634179	151.792801	5.028162	72.522552	4.813381	77.475975	
788.063965	16.275108	164.741562	16.491707	165.330872	9.374360	150.314697	9.622367	151.836258	5.020623	72.048531	4.802576	77.360695	
789.641357	16.269550	164.753433	16.482847	165.361740	9.360602	150.301788	9.610559	151.879532	5.030087	71.923973	4.791840	77.244705	
791.218567	16.242708	164.770950	16.474165	165.392471	9.325453	150.363541	9.598958	151.922821	4.993107	72.281830	4.781202	77.130569	
792.795715	16.231081	164.812180	16.465498	165.423065	9.310961	150.296021	9.587385	151.965927	5.006991	71.634796	4.770636	77.016045	
794.372681	16.263414	164.862350	16.456825	165.453552	9.292985	150.357315	9.575818	152.008865	4.982737	71.540459	4.760137	76.900841	
795.949585	16.215061	164.861526	16.448284	165.483887	9.280690	150.278198	9.564405	152.051758	4.985579	71.356575	4.749727	76.786880	
797.526245	16.239222	164.986252	16.439800	165.514099	9.275968	150.433319	9.553069	152.094528	4.954898	71.736755	4.739393	76.673149	
799.102905	16.247107	164.924698	16.431313	165.544189	9.253092	150.489578	9.541737	152.137115	4.967836	71.081879	4.729125	76.558754	
800.679382	16.215775	165.061081	16.422905	165.574158	9.289196	150.724045	9.530504	152.179611	4.952689	71.281311	4.718936	76.444916	
802.255798	16.220835	164.994797	16.414602	165.603973	9.251961	150.508224	9.519401	152.222061	4.931966	71.106544	4.708828	76.332031	
803.832031	16.208834	164.955597	16.406296	165.633698	9.255361	150.640213	9.508303	152.264313	4.924499	71.151581	4.698786	76.218506	
805.408142	16.187927	165.038788	16.398012	165.663300	9.217870	150.644119	9.497238	152.306427	4.928948	70.874649	4.688812	76.104706	
806.984192	16.184870	165.091156	16.389887	165.692749	9.208674	150.765671	9.486362	152.348526	4.918718	71.110909	4.678925	75.992661	
808.560059	16.171310	165.136887	16.381758	165.722092	9.208185	150.750244	9.475492	152.390457	4.905801	70.652596	4.669101	75.879997	
810.135803	16.148737	165.175705	16.373625	165.751312	9.188938	150.847336	9.464625	152.432205	4.888110	70.663788	4.659341	75.766708	
811.711426	16.140560	165.223007	16.365637	165.780411	9.164030	150.861404	9.453932	152.473953	4.906717	69.870461	4.649663	75.654991	
813.286926	16.133823	165.141098	16.357685	165.809372	9.180294	150.963638	9.443287	152.515549	4.868659	70.570374	4.640053	75.543228	
814.862305	16.153261	165.259918	16.349728	165.838242	9.180148	150.919937	9.432646	152.556976	4.868926	70.121033	4.630505	75.430862	
816.437561	16.112658	165.312195	16.341843	165.866989	9.180622	151.058075	9.422095	152.598328	4.847238	70.064545	4.621027	75.319023	
818.012634	16.106495	165.276199	16.334063	165.895599	9.141179	150.991699	9.411672	152.639603	4.850444	70.262566	4.611625	75.208199	
819.587585	16.086977	165.292313	16.326279	165.924103	9.113367	150.976883	9.401254	152.680710	4.839129	69.885147	4.602283	75.096802	
821.162476	16.089693	165.299469	16.318491	165.952499	9.117107	151.056030	9.390840	152.721664	4.834661	69.673607	4.593002	74.984810	
822.737183	16.071184	165.351120	16.310877	165.980743	9.088118	150.947083	9.380630	152.762619	4.839030	69.560936	4.583800	74.874870	
824.311829	16.070911	165.324951	16.303263	166.008896	9.090602	151.128052	9.370427	152.803421	4.821859	69.244713	4.574659	74.764412	
825.886230	16.044111	165.373276	16.295645	166.036942	9.093930	151.181015	9.360230	152.844040	4.811906	69.278358	4.565578	74.653397	
827.460632	16.080631	165.478561	16.288113	166.064865	9.058072	151.054581	9.350140	152.884598	4.808553	69.175812	4.556564	74.543175	
829.034790	16.056103	165.501968	16.280668	166.092651	9.094282	151.330734	9.340155	152.925095	4.800009	69.073402	4.547618	74.433754	
830.608887	16.063814	165.502060	16.273220	166.120361	9.038538	151.211975	9.330174	152.965408	4.783738	69.159271	4.538731	74.323784	
832.182800	16.061069	165.537979	16.265770	166.147949	9.044493	151.288757	9.320199	153.005569	4.785441	68.998093	4.529902	74.213264	
833.756653	16.028917	165.503174	16.258484	166.175400	9.026265	151.289627	9.310418	153.045746	4.781879	68.488541	4.521145	74.104767	
835.330261	16.061583	165.605850	16.251200	166.202759	9.050914	151.508316	9.300647	153.085770	4.761887	68.870911	4.512446	73.995796	
836.903809	16.035114	165.622025	16.243910	166.230011	8.996913	151.288086	9.290880	153.125610	4.770626	68.384842	4.503805	73.886292	
838.477234	16.038399	165.695938	16.236689	166.257141	8.973022	151.365768	9.281197	153.165390	4.759043	68.565201	4.495225	73.777336	
840.050476	15.986997	165.650681	16.229568	166.284164	9.009453	151.528763	9.271634	153.205093	4.728788	68.276146	4.486710	73.669434	
841.623657	15.959911	165.676956	16.222443	166.311081	8.976182	151.491516	9.262075	153.244659	4.744978	68.127441	4.478251	73.561012	
843.196594	15.973524	165.668152	16.215315	166.337891	8.946517	151.446365	9.252522	153.284058	4.717651	68.307358	4.469847	73.452095	
844.769531	15.997132	165.740662	16.208317	166.364578	8.934802	151.492813	9.243120	153.323441	4.709302	68.069550	4.461508	73.344673	
846.342163	15.948833	165.778244	16.201351	166.391174	8.974904	151.832794	9.233766	153.362686	4.712756	67.929008	4.453226	73.237335	
847.914856	15.920606	165.800644	16.194382	166.417664	8.948298	151.683762	9.224415	153.401794	4.713720	67.658005	4.444999	73.129494	
849.487183	15.972888	165.804489	16.187429	166.444046	8.936497	151.748337	9.215090	153.440765	4.705028	67.326538	4.436827	73.021454	
851.059570	15.980927	165.828842	16.180620	166.470306	8.921165	151.914825	9.205935	153.479736	4.688453	67.840294	4.428718	72.915199	
852.631714	15.944608	165.845856	16.173809	166.496475	8.885689	151.674652	9.196785	153.518539	4.694523	67.499420	4.420662	72.808472	
854.203796	15.935999	165.887268	16.166996	166.522537	8.870028	151.843842	9.187639	153.557205	4.676444	67.136711	4.412659	72.701279	
855.775696	15.905519	165.928223	16.160242	166.548508	8.920079	151.994003	9.178569	153.595779	4.682843	66.923782	4.404713	72.594589	
857.347473	15.884615	165.910629	16.153585	166.574341	8.887613	152.002991	9.169617	153.634308	4.646092	67.238594	4.396823	72.488998	
858.919067	15.909376	165.970657	16.146929	166.600098	8.874579	151.981400	9.160669	153.672684	4.676948	66.864876	4.388987	72.382965	
860.490540	15.938457	166.044998	16.140268	166.625763	8.870394	152.009537	9.151727	153.710907	4.663462	66.684624	4.381202	72.276466	
862.061829	15.860601	165.989517	16.133701	166.651306	8.852144	151.908569	9.142897	153.749084	4.651031	66.731880	4.373472	72.171028	
863.632996	15.871115	166.039444	16.127193	166.676743	8.862938	152.010818	9.134142	153.787186	4.671460	66.140892	4.365797	72.066116	
865.204102	15.908100	166.031845	16.120684	166.702087	8.856478	152.075806	9.125391	153.825134	4.658323	66.247902	4.358171	71.960770	
866.775024	15.902505	166.012634	16.114172	166.727341	8.786129	151.979141	9.116646	153.862930	4.637383	66.279167	4.350597	71.854988	
868.345825	15.853448	166.085907	16.107779	166.752487	8.780897	152.072571	9.108040	153.900711	4.630411	66.306831	4.343077	71.750679	
869.916382	15.912456	166.137344	16.101419	166.777527	8.839287	152.297440	9.099480	153.938370	4.629193	66.049385	4.335607	71.646500	
871.486816	15.876983	166.175735	16.095057	166.802475	8.823599	152.384781	9.090924	153.975891	4.599591	66.376030	4.328187	71.541916	
873.057251	15.846933	166.206284	16.088692	166.827347	8.788659	152.325928	9.082373	154.013275	4.614059	65.427078	4.320817	71.436897	
874.627319	15.834715	166.155792	16.082462	166.852081	8.807454	152.326614	9.073980	154.050644	4.601527	65.696907	4.313498	71.333633	
876.197449	15.847941	166.265427	16.076246	166.876740	8.758105	152.330856	9.065611	154.087906	4.595525	65.812500	4.306229	71.230240	
877.767273	15.858209	166.295288	16.070030	166.901306	8.777417	152.371857	9.057247	154.125000	4.586787	65.110435	4.299007	71.126450	
879.337036	15.777145	166.275238	16.063810	166.925781	8.780593	152.513779	9.048888	154.161972	4.580516	65.290504	4.291835	71.022255	
880.906616	15.829642	166.269775	16.057732	166.950134	8.735288	152.294983	9.040694	154.198944	4.578733	64.822136	4.284711	70.919930	
882.476074	15.820160	166.246841	16.051662	166.974396	8.762753	152.465408	9.032515	154.235794	4.567846	65.718040	4.277635	70.817375	
884.045410	15.787188	166.327530	16.045588	166.998581	8.702643	152.353729	9.024340	154.272491	4.563978	64.923012	4.270605	70.714424	
885.614563	15.801442	166.370255	16.039513	167.022690	8.753481	152.569229	9.016170	154.309067	4.563179	65.260201	4.263624	70.611092	
887.183594	15.821895	166.419266	16.033577	167.046661	8.697898	152.434464	9.008162	154.345627	4.539337	65.702583	4.256688	70.509628	
888.752441	15.755790	166.361252	16.027647	167.070557	8.725063	152.620468	9.000170	154.382065	4.542439	64.631454	4.249798	70.407944	
890.321167	15.748162	166.402359	16.021717	167.094376	8.724753	152.750443	8.992182	154.418381	4.540871	64.847649	4.242955	70.305893	
891.889771	15.847707	166.468781	16.015783	167.118103	8.717737	152.682602	8.984198	154.454544	4.551480	64.588173	4.236157	70.203468	
893.458130	15.779599	166.488174	16.009974	167.141708	8.672974	152.637451	8.976360	154.490707	4.526645	64.876427	4.229404	70.102699	
895.026367	15.795390	166.494568	16.004181	167.165237	8.674022	152.612488	8.968546	154.526749	4.535944	64.267723	4.222696	70.001854	
896.594543	15.771492	166.532288	15.998384	167.188690	8.656501	152.708572	8.960736	154.562653	4.540691	63.783848	4.216033	69.900650	
898.162476	15.752261	166.541779	15.992587	167.212051	8.615108	152.527740	8.952931	154.598434	4.478368	64.963493	4.209415	69.799095	
899.730286	15.755411	166.515732	15.986898	167.235306	8.647558	152.882736	8.945255	154.634186	4.485430	64.480003	4.202838	69.698975	
901.297974	15.721900	166.550827	15.981243	167.258469	8.575184	152.751663	8.937623	154.669846	4.495469	64.210915	4.196305	69.599091	
902.865417	15.745678	166.606812	15.975587	167.281555	8.603585	152.877090	8.929996	154.705368	4.494419	63.895351	4.189816	69.498871	
904.432800	15.724671	166.645065	15.969928	167.304565	8.640027	152.971161	8.922372	154.740768	4.456559	64.118523	4.183370	69.398308	
906.000000	15.703066	166.635208	15.964347	167.327469	8.643570	153.076584	8.914842	154.776108	4.462396	63.572723	4.176965	69.298698	
907.567017	15.652633	166.639297	15.958824	167.350281	8.604899	153.022629	8.907384	154.811386	4.483861	63.372498	4.170601	69.199738	
909.133911	15.742777	166.754211	15.953300	167.373016	8.619593	153.099640	8.899929	154.846527	4.457411	63.727089	4.164280	69.100441	
910.700684	15.780836	166.787079	15.947773	167.395676	8.575126	152.968750	8.892479	154.881546	4.458755	63.614304	4.158002	69.000824	
912.267212	15.717016	166.709869	15.942290	167.418243	8.610382	153.228119	8.885084	154.916473	4.453058	63.739281	4.151764	68.901619	
913.833618	15.747374	166.802780	15.936901	167.440720	8.577023	153.075165	8.877800	154.951370	4.451196	63.607010	4.145564	68.803650	
915.399902	15.696531	166.766815	15.931510	167.463104	8.553354	153.158035	8.870520	154.986145	4.443665	63.095451	4.139405	68.705368	
916.966003	15.660492	166.830093	15.926117	167.485428	8.578464	153.341492	8.863244	155.020798	4.431630	63.393314	4.133288	68.606781	
918.531921	15.660781	166.797272	15.920724	167.507660	8.562453	153.316696	8.855974	155.055328	4.450493	62.951015	4.127213	68.507904	
920.097778	15.692685	166.824707	15.915462	167.529785	8.444560	152.881989	8.848858	155.089859	4.449195	63.096821	4.121171	68.410919	
921.663391	15.668934	166.908691	15.910200	167.551849	8.539917	153.347610	8.841747	155.124252	4.430351	62.550861	4.115170	68.313637	
923.228821	15.626424	166.857117	15.904937	167.573822	8.547948	153.385986	8.834640	155.158539	4.462458	61.946712	4.109210	68.216064	
924.794128	15.665340	166.961166	15.899671	167.595734	8.538588	153.458939	8.827537	155.192703	4.448020	62.245846	4.103290	68.118187	
926.359253	15.649462	166.952591	15.894489	167.617538	8.528432	153.399384	8.820534	155.226822	4.425643	62.067722	4.097404	68.021431	
927.924194	15.595282	166.966202	15.889357	167.639252	8.524998	153.595825	8.813591	155.260864	4.392120	62.770428	4.091555	67.925224	
929.489075	15.615114	166.995758	15.884222	167.660904	8.500365	153.525452	8.806652	155.294785	4.417998	61.944431	4.085745	67.828728	
931.053711	15.679149	167.040558	15.879086	167.682480	8.497015	153.547241	8.799718	155.328598	4.402941	61.724308	4.079975	67.731949	
932.618286	15.657557	166.996124	15.873973	167.703979	8.465059	153.500580	8.792814	155.362305	4.383062	62.702080	4.074242	67.635284	
934.182617	15.565417	167.017929	15.868963	167.725372	8.499481	153.607254	8.786033	155.395996	4.402118	61.749832	4.068540	67.540092	
935.746765	15.673599	167.121338	15.863953	167.746704	8.486316	153.617584	8.779255	155.429565	4.390395	61.864582	4.062876	67.444633	
937.310852	15.660266	167.204697	15.858940	167.767960	8.452261	153.584305	8.772482	155.463013	4.385621	61.452759	4.057250	67.348900	
938.874634	15.528170	167.095596	15.853927	167.789139	8.441182	153.544586	8.765713	155.496338	4.378379	61.676788	4.051664	67.252914	
940.438354	15.638440	167.206772	15.848999	167.810226	8.416335	153.612457	8.759046	155.529648	4.414145	60.871555	4.046107	67.158112	
942.001831	15.700671	167.211823	15.844115	167.831238	8.462272	153.756561	8.752433	155.562866	4.363082	61.285126	4.040585	67.063797	
943.565247	15.605654	167.221252	15.839230	167.852173	8.427100	153.767944	8.745823	155.595978	4.363364	61.183693	4.035099	66.969215	
945.128418	15.507244	167.120728	15.834343	167.873047	8.372808	153.773010	8.739218	155.628983	4.362740	61.638950	4.029650	66.874390	
946.691406	15.542503	167.269165	15.829464	167.893845	8.357903	153.692276	8.732628	155.661865	4.350164	60.929832	4.024239	66.779472	
948.254272	15.489993	167.154495	15.824697	167.914536	8.375998	153.673096	8.726168	155.694748	4.327679	61.465843	4.018852	66.686195	
949.817017	15.544591	167.265030	15.819930	167.935165	8.400138	153.783508	8.719712	155.727509	4.342974	60.960453	4.013503	66.592667	
951.379517	15.592026	167.250824	15.815161	167.955719	8.331476	153.874649	8.713261	155.760162	4.294952	61.992790	4.008189	66.498909	
952.941895	15.609891	167.369537	15.810390	167.976212	8.379414	153.715210	8.706813	155.792694	4.351422	60.330322	4.002913	66.404900	
954.504089	15.551250	167.337357	15.805673	167.996628	8.379690	153.968811	8.700429	155.825180	4.356872	60.554859	3.997665	66.311562	
956.066101	15.574312	167.317047	15.801027	168.016953	8.365659	153.947708	8.694132	155.857620	4.286475	61.390381	3.992445	66.219231	
957.627930	15.483651	167.277328	15.796382	168.037216	8.369768	154.016647	8.687840	155.889938	4.332953	60.449783	3.987261	66.126671	
959.189636	15.543471	167.342682	15.791735	168.057404	8.343766	154.003616	8.681550	155.922150	4.282028	61.135563	3.982112	66.033882	
960.751160	15.575008	167.452866	15.787086	168.077530	8.315822	154.006531	8.675264	155.954254	4.288423	60.800762	3.976999	65.940857	
962.312500	15.608803	167.466873	15.782518	168.097565	8.381698	154.048019	8.669075	155.986328	4.305718	60.562317	3.971910	65.848999	
963.873657	15.549297	167.501358	15.777987	168.117523	8.279224	153.965927	8.662931	156.018311	4.317766	60.219963	3.966852	65.757553	
965.434692	15.613735	167.546432	15.773455	168.137421	8.375997	154.171448	8.656791	156.050201	4.317108	60.154045	3.961828	65.665886	
966.995483	15.540069	167.487579	15.768921	168.157257	8.364764	154.190475	8.650655	156.081970	4.313365	60.179512	3.956838	65.573997	
968.556152	15.464443	167.494629	15.764387	168.177017	8.358431	154.160873	8.644523	156.113647	4.275553	60.325188	3.951883	65.481903	
970.116577	15.506454	167.631393	15.759958	168.196686	8.347655	154.315247	8.638514	156.145294	4.281972	59.823200	3.946947	65.391396	
971.676941	15.485995	167.515900	15.755543	168.216293	8.336288	154.279861	8.632524	156.176865	4.307304	59.304146	3.942042	65.300941	
973.237122	15.555831	167.580902	15.751127	168.235840	8.250336	154.078735	8.626540	156.208328	4.251664	60.075657	3.937171	65.210281	
974.797058	15.467252	167.542358	15.746711	168.255310	8.313890	154.398911	8.620559	156.239685	4.271266	59.338554	3.932334	65.119415	
976.356812	15.533101	167.610748	15.742293	168.274734	8.278565	154.302002	8.614582	156.270935	4.224896	60.104107	3.927530	65.028351	
977.916382	15.498854	167.628494	15.737990	168.294052	8.358490	154.796326	8.608738	156.302185	4.287235	58.612431	3.922741	64.939064	
979.475891	15.474622	167.565445	15.733687	168.313309	8.235808	154.354584	8.602900	156.333328	4.261921	59.510086	3.917985	64.849594	
981.035156	15.493032	167.647476	15.729384	168.332504	8.383893	154.826279	8.597065	156.364365	4.260752	59.030102	3.913261	64.759941	
982.594238	15.401214	167.636215	15.725080	168.351639	8.396560	154.814987	8.591234	156.395309	4.247983	58.845787	3.908571	64.670090	
984.153137	15.507027	167.695755	15.720778	168.370712	8.221133	154.455093	8.585410	156.426132	4.267041	58.934162	3.903912	64.580086	
985.711792	15.471170	167.762985	15.716588	168.389694	8.228095	154.596466	8.579716	156.456970	4.253784	59.165672	3.899267	64.491837	
987.270386	15.466267	167.747635	15.712397	168.408615	8.242070	154.550049	8.574025	156.487717	4.249798	58.578037	3.894653	64.403404	
988.828796	15.482995	167.784454	15.708204	168.427475	8.337920	154.956360	8.568338	156.518341	4.254348	58.440773	3.890071	64.314781	
990.387024	15.437858	167.634720	15.704012	168.446274	8.194218	154.426193	8.562655	156.548874	4.271751	58.283916	3.885521	64.225983	
991.945007	15.420886	167.773087	15.699818	168.465012	8.244347	154.863342	8.556976	156.579300	4.217534	58.999531	3.881002	64.137001	
993.502808	15.313596	167.687317	15.695733	168.483658	8.243962	154.720505	8.551423	156.609726	4.224001	58.782475	3.876495	64.049736	
995.060425	15.448975	167.770721	15.691652	168.502258	8.199778	154.712448	8.545878	156.640060	4.228583	57.905628	3.872018	63.962368	
996.617981	15.500601	167.888947	15.687570	168.520782	8.261976	154.750443	8.540338	156.670303	4.283329	57.846607	3.867572	63.874821	
998.175293	15.450225	167.829712	15.683487	168.539246	8.241228	154.677353	8.534800	156.700439	4.244860	58.043949	3.863157	63.787106	
999.732300	15.333864	167.849869	15.679403	168.557663	8.175051	154.589294	8.529266	156.730469	4.183036	58.818466	3.858772	63.699226	