Spectroscopic Data At X=0, Y=0
Wavelength (nm)	Psi (65.00, 70.00, 75.00°)	Delta (65.00, 70.00, 75.00°)									Model	
300.349365	33.853100	118.383392	33.994221	118.255882	32.776501	101.682487	32.945408	101.738258	32.746986	80.589661	32.890182	80.905602	
301.942047	33.572948	118.647568	33.701218	118.544128	32.432526	101.902519	32.610802	101.972595	32.367599	80.774086	32.541294	81.024483	
303.534760	33.302143	118.958862	33.438000	118.809021	32.164143	102.163666	32.309383	102.187645	32.101231	80.826790	32.226295	81.131874	
305.127502	33.045864	119.170052	33.201450	119.060570	31.909044	102.516724	32.037285	102.394157	31.739973	81.098007	31.940666	81.238113	
306.720245	32.848862	119.404495	32.988319	119.305832	31.640041	102.674797	31.790611	102.599480	31.500624	81.189781	31.680040	81.349930	
308.312988	32.662533	119.723312	32.795570	119.549545	31.397858	102.799149	31.565815	102.808380	31.263872	81.298889	31.440550	81.471390	
309.905792	32.475365	120.004555	32.620506	119.794792	31.171173	103.043243	31.359802	103.023788	31.034313	81.422943	31.218899	81.604805	
311.498596	32.327339	120.202011	32.460823	120.043556	30.973976	103.228020	31.169964	103.247459	30.844913	81.495354	31.012354	81.751343	
313.091400	32.147228	120.447365	32.314537	120.297050	30.788113	103.519608	30.994083	103.480362	30.641844	81.713051	30.818626	81.911446	
314.684235	32.033703	120.710358	32.179966	120.555939	30.630163	103.729362	30.830305	103.722900	30.451797	81.888817	30.635832	82.085068	
316.277100	31.924114	120.992722	32.055660	120.820488	30.498550	104.077667	30.677046	103.975060	30.303091	82.071037	30.462393	82.271820	
317.869934	31.789267	121.242569	31.940424	121.090637	30.362076	104.358810	30.533026	104.236519	30.122171	82.270309	30.297050	82.471062	
319.462830	31.685432	121.513901	31.833252	121.366135	30.191565	104.532661	30.397182	104.506798	29.937895	82.443703	30.138786	82.682053	
321.055725	31.626156	121.882614	31.733347	121.646553	30.093159	104.787430	30.268690	104.785240	29.801796	82.664413	29.986830	82.903969	
322.648651	31.504068	122.102791	31.640087	121.931404	29.970459	105.124718	30.146915	105.071205	29.681799	82.953659	29.840605	83.136040	
324.241577	31.414371	122.353508	31.553007	122.220169	29.880844	105.542007	30.031404	105.364014	29.554140	83.194511	29.699718	83.377533	
325.834534	31.355484	122.739815	31.471779	122.512360	29.742105	105.768639	29.921850	105.663101	29.415392	83.404205	29.563913	83.627869	
327.427490	31.276947	123.010086	31.396202	122.807526	29.676628	106.090332	29.818079	105.967957	29.270584	83.701660	29.433071	83.886597	
329.020447	31.223763	123.357849	31.326189	123.105309	29.589952	106.431343	29.720037	106.278206	29.167843	83.985901	29.307175	84.153442	
330.613434	31.144678	123.645142	31.261827	123.405495	29.470711	106.654045	29.627857	106.593704	29.049871	84.339058	29.186380	84.428444	
332.206421	31.100462	124.000259	31.203342	123.708023	29.392090	107.117134	29.541805	106.914551	28.923092	84.664749	29.070959	84.711967	
333.799438	31.070131	124.362946	31.150723	124.012878	29.328953	107.459648	29.461891	107.240753	28.793402	85.040100	28.960932	85.004166	
335.392456	31.016312	124.576103	31.104197	124.320244	29.257746	107.784439	29.388376	107.572693	28.678202	85.335983	28.856543	85.305664	
336.985474	30.978027	124.874794	31.064032	124.630470	29.171015	108.065620	29.321548	107.910896	28.581852	85.537491	28.758051	85.617310	
338.578522	30.957546	125.193504	31.031019	124.944557	29.110270	108.444649	29.262238	108.256882	28.527161	85.886040	28.666170	85.941216	
340.171570	30.892136	125.474121	31.005194	125.263054	29.062248	108.741562	29.210466	108.611336	28.415625	86.177811	28.580883	86.278252	
341.764587	30.880213	125.949417	30.986862	125.586746	29.016703	109.143227	29.166546	108.975342	28.345575	86.607536	28.502426	86.629860	
343.357666	30.865368	126.191589	30.976807	125.917130	28.947086	109.568771	29.131268	109.350967	28.243832	86.949844	28.431437	86.998749	
344.950745	30.870270	126.551933	30.975807	126.255867	28.949688	109.889870	29.105413	109.740486	28.174519	87.440666	28.368528	87.387886	
346.543823	30.914812	126.976044	30.984089	126.603676	28.952188	110.454895	29.089231	110.144867	28.101210	87.632027	28.313902	87.798599	
348.136902	30.901726	127.213127	31.003262	126.963425	28.973768	110.898125	29.084352	110.568100	28.041882	88.208832	28.268890	88.236130	
349.730011	30.930292	127.634987	31.034996	127.338669	28.934612	111.247025	29.092451	111.014999	28.063251	88.712387	28.234810	88.706665	
351.323090	30.949213	128.012222	31.080132	127.732178	28.939936	111.816826	29.114349	111.489174	28.024441	89.170311	28.212246	89.214722	
352.916199	31.034620	128.575668	31.142870	128.156784	28.965075	112.213974	29.153931	112.007202	27.974762	89.803833	28.203714	89.780174	
354.509338	31.107584	128.998489	31.222940	128.620895	29.037828	112.810577	29.210459	112.578896	27.997683	90.454872	28.207682	90.413513	
356.102448	31.185604	129.482910	31.321377	129.144806	29.121994	113.512589	29.283863	113.228554	28.015474	91.212036	28.221939	91.141228	
357.695557	31.279678	130.171066	31.434320	129.753571	29.216330	114.242996	29.368319	113.984535	28.027891	92.024277	28.237961	91.991631	
359.288696	31.395287	130.813080	31.552996	130.462128	29.236084	115.123985	29.453213	114.862007	27.987686	92.967667	28.243406	92.977295	
360.881805	31.472698	131.697281	31.660816	131.300491	29.283863	116.123283	29.517967	115.891846	27.949419	94.059372	28.213762	94.123344	
362.474945	31.555540	132.630875	31.743219	132.248840	29.313589	117.305641	29.547495	117.047546	27.868639	95.365532	28.135254	95.396622	
364.068085	31.584726	133.635849	31.773537	133.308411	29.234035	118.458748	29.511051	118.323654	27.695482	96.672829	27.974951	96.777977	
365.661224	31.530678	134.703781	31.750429	134.427216	29.138613	119.731064	29.410009	119.659828	27.444368	98.040634	27.738722	98.203743	
367.254364	31.474934	135.838226	31.655010	135.571045	28.992252	121.181389	29.224115	121.009590	27.139071	99.411766	27.407963	99.610771	
368.847504	31.356604	137.009750	31.501802	136.699265	28.735697	122.434250	28.971992	122.328896	26.734549	100.690582	27.005781	100.957123	
370.440643	31.160089	138.031708	31.290609	137.772247	28.527969	123.770599	28.655399	123.568245	26.310772	101.940208	26.538332	102.183044	
372.033783	30.942839	139.083786	31.035896	138.771622	28.131721	124.966949	28.291964	124.708199	25.821991	103.118118	26.026623	103.270691	
373.626923	30.689232	140.005157	30.751793	139.688126	27.803267	126.069145	27.898647	125.740082	25.326042	104.236038	25.490404	104.214745	
375.220093	30.397594	140.888138	30.445589	140.502380	27.402987	126.908638	27.485331	126.640083	24.821726	104.995827	24.943661	104.988640	
376.813232	30.064186	141.620956	30.131033	141.243210	26.959301	127.637199	27.066328	127.447227	24.221287	105.733223	24.398708	105.643333	
378.406372	29.757723	142.309540	29.813389	141.891357	26.557137	128.462814	26.649342	128.137726	23.686043	106.256889	23.867310	106.153488	
379.999512	29.434376	142.849457	29.497593	142.473892	26.111326	129.122101	26.238522	128.746231	23.141302	106.666550	23.350906	106.561005	
381.592621	29.136768	143.349243	29.186132	142.999130	25.732553	129.624100	25.836393	129.283325	22.615166	106.956268	22.851603	106.879265	
383.185760	28.794535	143.853516	28.883080	143.457901	25.273329	130.095093	25.448557	129.738281	22.141087	107.090981	22.377190	107.099411	
384.778900	28.457003	144.206558	28.587198	143.873108	24.894094	130.526291	25.072077	130.139236	21.689247	107.254219	21.921597	107.252480	
386.372009	28.197174	144.599182	28.300163	144.245163	24.556229	130.826645	24.709002	130.487076	21.259970	107.369011	21.487209	107.341385	
387.965149	27.936594	144.886719	28.025187	144.570862	24.192940	131.095947	24.363420	130.778870	20.866478	107.346550	21.079000	107.366890	
389.558289	27.681421	145.182007	27.760002	144.864410	23.907921	131.266449	24.031712	131.031723	20.501163	107.283295	20.691147	107.346931	
391.151398	27.444242	145.454514	27.505178	145.128876	23.599825	131.474442	23.714363	131.249817	20.135296	107.290428	20.323738	107.287788	
392.744476	27.230755	145.683212	27.264519	145.361649	23.311789	131.707001	23.416050	131.431671	19.809010	107.189903	19.982012	107.193527	
394.337585	27.004709	145.924728	27.034830	145.573578	23.041212	131.877472	23.132244	131.589890	19.473892	107.062622	19.659533	107.075920	
395.930695	26.780432	146.142792	26.815928	145.768280	22.772793	132.119522	22.862465	131.729263	19.212000	106.929810	19.355158	106.941216	
397.523773	26.568029	146.254196	26.608324	145.948242	22.562057	132.210251	22.607117	131.853470	18.905714	106.773125	19.068787	106.795464	
399.116852	26.414040	146.450623	26.412571	146.115997	22.297878	132.251068	22.366636	131.966339	18.687342	106.729355	18.800320	106.644974	
400.709930	26.203960	146.615982	26.226007	146.276367	22.061865	132.449448	22.137537	132.072998	18.425625	106.506668	18.545328	106.492828	
402.303009	26.016426	146.786957	26.047949	146.431473	21.884481	132.579498	21.918850	132.176010	18.159679	106.351044	18.302385	106.341782	
403.896057	25.849457	146.929047	25.877655	146.582993	21.643637	132.609207	21.709566	132.277374	17.954609	106.284538	18.070103	106.193710	
405.489105	25.700552	147.035477	25.715738	146.731689	21.457020	132.714279	21.510319	132.378647	17.715511	106.125961	17.848864	106.052071	
407.082123	25.527512	147.166718	25.559906	146.879089	21.244505	132.787872	21.318317	132.480667	17.509956	106.132980	17.635584	105.914810	
408.675171	25.409491	147.367386	25.409445	147.025681	21.055681	132.928558	21.132685	132.583771	17.305407	105.860420	17.429256	105.781586	
410.268158	25.254059	147.478165	25.263805	147.171631	20.879959	133.032074	20.952759	132.687988	17.097717	105.621307	17.229149	105.651932	
411.861176	25.076731	147.636642	25.122505	147.317001	20.680405	133.147400	20.777975	132.793198	16.878099	105.529617	17.034660	105.525223	
413.454193	24.972242	147.813782	24.985550	147.461563	20.512447	133.194534	20.608347	132.899170	16.684502	105.337456	16.845797	105.401573	
415.047180	24.817205	147.937881	24.852446	147.605225	20.335699	133.309341	20.443304	133.005569	16.516230	105.270538	16.661993	105.279976	
416.640137	24.687370	148.132217	24.722584	147.747940	20.169436	133.359024	20.282146	133.112045	16.342936	105.050903	16.482550	105.159225	
418.233093	24.539444	148.161377	24.595755	147.889572	20.019901	133.498901	20.124632	133.218307	16.166800	104.898735	16.307243	105.038811	
419.826019	24.404535	148.364304	24.471786	148.030014	19.859396	133.621857	19.970575	133.324127	15.963548	104.842178	16.135893	104.918350	
421.419006	24.295918	148.468002	24.350513	148.169128	19.720360	133.617386	19.819790	133.429291	15.777922	104.691643	15.968322	104.797485	
423.011871	24.189363	148.606888	24.231819	148.306808	19.545378	133.872650	19.672146	133.533630	15.624740	104.572052	15.804411	104.675964	
424.604797	24.066769	148.779297	24.115578	148.443008	19.406221	133.889420	19.527504	133.637009	15.459337	104.485184	15.644022	104.553543	
426.197662	23.935167	148.910065	24.001875	148.577530	19.277908	134.005096	19.385973	133.739258	15.301250	104.250664	15.487272	104.430405	
427.790527	23.820774	148.968048	23.890520	148.710373	19.156151	134.137772	19.247328	133.840286	15.161357	104.074127	15.333934	104.306213	
429.383392	23.726566	149.150192	23.781315	148.841568	19.002575	134.288742	19.111341	133.940063	15.034934	103.947533	15.183775	104.180649	
430.976227	23.602245	149.312012	23.674187	148.971100	18.873636	134.261765	18.977930	134.038483	14.859000	103.710503	15.036709	104.053619	
432.569031	23.492319	149.334793	23.569078	149.098938	18.723928	134.338791	18.847023	134.135529	14.736401	103.629662	14.892661	103.925095	
434.161865	23.380671	149.527435	23.465925	149.225067	18.550116	134.473312	18.718548	134.231155	14.585653	103.555374	14.751555	103.795029	
435.754639	23.280581	149.628235	23.364672	149.349487	18.474785	134.523514	18.592442	134.325348	14.444575	103.324760	14.613319	103.663399	
437.347412	23.195478	149.706589	23.265263	149.472198	18.355337	134.655609	18.468637	134.418076	14.310948	103.187813	14.477881	103.530197	
438.940186	23.068567	149.831909	23.167658	149.593216	18.205748	134.698349	18.347086	134.509354	14.157414	103.034843	14.345182	103.395454	
440.532898	22.995676	149.949127	23.071814	149.712524	18.104322	134.851624	18.227736	134.599152	14.046610	102.838066	14.215160	103.259201	
442.125641	22.924809	150.078308	22.977682	149.830154	17.991777	134.801697	18.110529	134.687515	13.922768	102.667427	14.087749	103.121460	
443.718323	22.798840	150.186234	22.885223	149.946121	17.873199	134.974945	17.995417	134.774445	13.803411	102.513741	13.962891	102.982254	
445.310974	22.722355	150.296494	22.794401	150.060455	17.761168	135.062012	17.882353	134.859955	13.666485	102.396843	13.840524	102.841660	
446.903625	22.627855	150.393829	22.705179	150.173172	17.653400	135.140518	17.771292	134.944077	13.569063	102.261757	13.720596	102.699730	
448.496246	22.565279	150.486557	22.617517	150.284302	17.560202	135.243622	17.662188	135.026840	13.455258	102.063507	13.603045	102.556503	
450.088867	22.473572	150.627686	22.531387	150.393890	17.429762	135.250397	17.554998	135.108276	13.353973	101.996773	13.487818	102.412064	
451.681458	22.395990	150.754013	22.446751	150.501938	17.341135	135.413803	17.449680	135.188416	13.233669	101.812111	13.374860	102.266472	
453.273987	22.303871	150.819794	22.363583	150.608490	17.220493	135.420807	17.346199	135.267319	13.128880	101.538918	13.264121	102.119812	
454.866547	22.234892	150.895920	22.281847	150.713608	17.122807	135.396255	17.244509	135.345001	13.011012	101.586563	13.155544	101.972160	
456.459045	22.157219	151.059540	22.201519	150.817291	17.025227	135.563828	17.144579	135.421509	12.921360	101.397148	13.049083	101.823578	
458.051514	22.079655	151.098663	22.122566	150.919601	16.951084	135.632477	17.046362	135.496902	12.810588	101.292694	12.944681	101.674149	
459.643982	21.992279	151.246185	22.044958	151.020569	16.870392	135.775009	16.949823	135.571198	12.717038	101.039597	12.842288	101.523933	
461.236420	21.929716	151.294128	21.968668	151.120224	16.741468	135.819534	16.854927	135.644470	12.617334	100.920349	12.741856	101.373016	
462.828857	21.839247	151.400391	21.893658	151.218613	16.674482	135.819366	16.761625	135.716736	12.551670	100.712364	12.643326	101.221428	
464.421234	21.782202	151.516724	21.819908	151.315781	16.579163	135.951599	16.669895	135.788040	12.436567	100.691917	12.546659	101.069275	
466.013611	21.713112	151.598328	21.747574	151.411652	16.508280	135.976990	16.579906	135.858490	12.343930	100.296127	12.451996	100.917221	
467.605957	21.641003	151.669373	21.676458	151.506378	16.409649	136.011734	16.491428	135.928085	12.255505	100.445679	12.359107	100.764801	
469.198242	21.575426	151.789444	21.606529	151.599976	16.321463	136.125290	16.404423	135.996872	12.179482	100.204460	12.267942	100.612053	
470.790527	21.498846	151.820328	21.537754	151.692505	16.229872	136.172897	16.318844	136.064911	12.073071	99.892075	12.178447	100.459023	
472.382751	21.444494	151.944351	21.470112	151.783997	16.168495	136.360962	16.234667	136.132217	12.007257	99.855263	12.090583	100.305786	
473.975006	21.366377	152.083679	21.403574	151.874481	16.059460	136.306076	16.151850	136.198837	11.913158	99.739105	12.004299	100.152374	
475.567200	21.296915	152.168015	21.338112	151.964005	16.021832	136.399475	16.070362	136.264816	11.825557	99.432320	11.919554	99.998825	
477.159332	21.251579	152.250671	21.273708	152.052582	15.914750	136.407303	15.990178	136.330200	11.753253	99.350479	11.836309	99.845230	
478.751465	21.182598	152.336212	21.210344	152.140259	15.840940	136.581131	15.911269	136.395020	11.678956	99.210960	11.754528	99.691635	
480.343567	21.133312	152.480774	21.148247	152.226990	15.782634	136.556564	15.833900	136.459457	11.608367	99.004196	11.674415	99.539131	
481.935638	21.053923	152.483322	21.087133	152.312897	15.700969	136.587845	15.757735	136.523422	11.505446	98.782112	11.595670	99.386726	
483.527679	21.013208	152.628937	21.026978	152.398010	15.614796	136.733505	15.682742	136.586929	11.436240	98.772476	11.518254	99.234436	
485.119690	20.944613	152.615173	20.967751	152.482346	15.564906	136.806961	15.608889	136.650040	11.357467	98.567917	11.442127	99.082283	
486.711670	20.911066	152.748291	20.909430	152.565948	15.484591	136.772919	15.536142	136.712738	11.277968	98.472984	11.367251	98.930283	
488.303619	20.828106	152.814346	20.851999	152.648849	15.418408	136.977325	15.464481	136.775101	11.224503	98.300529	11.293593	98.778473	
489.895508	20.792816	152.934860	20.795643	152.731003	15.336241	136.938721	15.394115	136.837280	11.162056	98.269394	11.221307	98.627831	
491.487396	20.739235	153.006256	20.740231	152.812500	15.286230	136.994308	15.324891	136.899231	11.086063	98.028427	11.150254	98.477905	
493.079193	20.666483	153.041824	20.685642	152.893372	15.186082	137.054230	15.256669	136.960938	11.023658	97.825691	11.080313	98.328270	
494.671051	20.615414	153.142975	20.631851	152.973633	15.136415	137.096252	15.189415	137.022400	10.934840	97.659546	11.011443	98.178925	
496.262787	20.570461	153.119293	20.578842	153.053314	15.067618	137.248474	15.123108	137.083633	10.871635	97.495720	10.943621	98.029869	
497.854553	20.514530	153.317856	20.526709	153.132431	15.011122	137.269791	15.057857	137.144775	10.810218	97.405479	10.876912	97.881691	
499.446228	20.475641	153.303497	20.475536	153.210983	14.956071	137.235550	14.993751	137.205948	10.766309	97.230934	10.811373	97.734932	
501.037903	20.420082	153.444107	20.425077	153.289017	14.908837	137.410202	14.930509	137.266953	10.699274	97.002167	10.746779	97.588478	
502.629486	20.370359	153.492279	20.375317	153.366562	14.839434	137.439362	14.868110	137.327820	10.617179	97.011673	10.683106	97.442337	
504.221100	20.312263	153.566635	20.326231	153.443634	14.757145	137.468048	14.806529	137.388550	10.584095	96.877190	10.620328	97.296509	
505.812653	20.280201	153.632858	20.278042	153.520218	14.708320	137.528900	14.746012	137.449402	10.514156	96.704765	10.558607	97.152206	
507.404144	20.227472	153.732620	20.230616	153.596375	14.663559	137.613373	14.686403	137.510284	10.443402	96.541115	10.497822	97.008865	
508.995605	20.193563	153.767136	20.183804	153.672089	14.577949	137.565094	14.627538	137.571075	10.381083	96.419159	10.437843	96.865776	
510.587067	20.127834	153.874649	20.137587	153.747375	14.543720	137.708328	14.569392	137.631760	10.326664	96.204834	10.378650	96.722923	
512.178406	20.090113	153.926163	20.092113	153.822266	14.469337	137.680450	14.512130	137.692535	10.272659	96.137169	10.320345	96.581184	
513.769775	20.052532	154.030090	20.047419	153.896774	14.423233	137.795609	14.455786	137.753494	10.220289	95.866173	10.262940	96.440857	
515.361084	19.992802	154.099701	20.003267	153.970901	14.377767	137.909195	14.400099	137.814377	10.159652	95.721794	10.206250	96.300713	
516.952332	19.958271	154.124863	19.959644	154.044647	14.302767	137.915466	14.345052	137.875183	10.102303	95.569832	10.150255	96.160751	
518.543579	19.920935	154.238647	19.916721	154.118042	14.261116	138.023071	14.290833	137.936157	10.044497	95.415276	10.095074	96.022003	
520.134766	19.873432	154.291641	19.874493	154.191086	14.183684	137.987640	14.237432	137.997299	9.994909	95.474091	10.040690	95.884514	
521.725952	19.834095	154.404953	19.832741	154.263794	14.163827	138.167221	14.184608	138.058365	9.953860	95.280640	9.986938	95.747108	
523.317017	19.801746	154.418320	19.791452	154.336151	14.100741	138.171188	14.132345	138.119370	9.891583	95.070702	9.933801	95.609756	
524.908081	19.759239	154.504761	19.750933	154.408203	14.035980	138.189682	14.080983	138.180695	9.840275	94.895966	9.881492	95.474335	
526.499084	19.715174	154.578613	19.710917	154.479919	13.987930	138.245148	14.030222	138.242035	9.793109	94.716301	9.829809	95.339340	
528.090027	19.676350	154.655777	19.671322	154.551315	13.943609	138.304535	13.979974	138.303299	9.735651	94.769890	9.778693	95.204323	
529.680969	19.631748	154.671967	19.632271	154.622406	13.895281	138.413208	13.930370	138.364670	9.689574	94.506035	9.728222	95.070076	
531.271851	19.587721	154.785980	19.593863	154.693207	13.841080	138.490860	13.881523	138.426270	9.639202	94.283684	9.678457	94.937286	
532.862671	19.544462	154.885010	19.555834	154.763687	13.793975	138.358292	13.833138	138.487778	9.588733	94.184723	9.629210	94.804375	
534.453491	19.509848	154.878952	19.518190	154.833847	13.738972	138.594986	13.785223	138.549194	9.540549	94.054688	9.580484	94.671425	
536.044189	19.489056	154.942093	19.481279	154.903748	13.724715	138.583725	13.738157	138.611023	9.502492	93.901436	9.532504	94.540649	
537.634888	19.445713	155.050095	19.444706	154.973343	13.656844	138.708145	13.691507	138.672745	9.465658	93.830948	9.485000	94.409645	
539.225525	19.401608	155.103745	19.408466	155.042618	13.609349	138.742691	13.645268	138.734329	9.403332	93.667427	9.437965	94.278404	
540.816101	19.363525	155.143723	19.372894	155.111633	13.572729	138.792130	13.599805	138.796265	9.368249	93.537956	9.391617	94.149109	
542.406677	19.330561	155.252457	19.337675	155.180344	13.537229	138.904205	13.554772	138.858124	9.317948	93.377144	9.345740	94.019798	
543.997192	19.307819	155.262268	19.302755	155.248749	13.485262	138.902802	13.510111	138.919830	9.272751	93.084633	9.300300	93.890160	
545.587585	19.267796	155.374863	19.268457	155.316895	13.404990	138.880615	13.466174	138.981857	9.231337	93.056831	9.255498	93.762321	
547.178040	19.220224	155.436172	19.234503	155.384735	13.385105	139.001526	13.422655	139.043808	9.180049	93.077194	9.211149	93.634521	
548.768372	19.206833	155.471985	19.200817	155.452286	13.325944	139.006088	13.379473	139.105606	9.145298	92.747223	9.167207	93.506310	
550.358643	19.152954	155.531082	19.167751	155.519562	13.305796	139.113617	13.337012	139.167725	9.107626	92.610031	9.123887	93.380043	
551.948914	19.118338	155.549652	19.134983	155.586548	13.257595	139.107681	13.294920	139.229736	9.062150	92.553734	9.080982	93.253632	
553.539124	19.108912	155.704056	19.102482	155.653244	13.214845	139.170761	13.253157	139.291595	9.012154	92.453247	9.038468	93.126869	
555.129272	19.066828	155.774231	19.070593	155.719681	13.178831	139.299484	13.212108	139.353806	8.985044	92.107246	8.996561	93.002159	
556.719360	19.012383	155.828293	19.038931	155.785812	13.129725	139.318497	13.171347	139.415802	8.927416	92.077896	8.955014	92.876923	
558.309387	18.992609	155.880173	19.007601	155.851669	13.093086	139.329437	13.130988	139.477768	8.910488	91.865883	8.913889	92.751892	
559.899353	18.962717	155.933487	18.976772	155.917252	13.051166	139.433624	13.091217	139.539932	8.862003	91.639313	8.873287	92.628265	
561.489258	18.934719	156.033813	18.946142	155.982529	13.001923	139.528488	13.051704	139.601868	8.813707	91.648392	8.833022	92.504005	
563.079163	18.893755	156.068970	18.915939	156.047546	12.953175	139.577728	13.012695	139.663910	8.780531	91.623138	8.793226	92.380722	
564.668945	18.857393	156.144760	18.886093	156.112274	12.908403	139.509476	12.974117	139.725967	8.740076	91.480927	8.753856	92.257965	
566.258728	18.829693	156.182648	18.856426	156.176727	12.886994	139.680801	12.935772	139.787796	8.700187	91.252251	8.714800	92.134514	
567.848450	18.821260	156.300858	18.827312	156.240906	12.858266	139.749969	12.898071	139.849915	8.669596	91.039986	8.676280	92.013046	
569.438110	18.772913	156.323639	18.798382	156.304794	12.812696	139.741470	12.860607	139.911819	8.619622	90.927109	8.638073	91.890961	
571.027710	18.749445	156.381821	18.769768	156.368408	12.780737	139.867065	12.823525	139.973694	8.583881	90.743713	8.600253	91.769241	
572.617249	18.710535	156.412430	18.741547	156.431763	12.735186	139.845352	12.786913	140.035660	8.551998	90.695442	8.562864	91.648476	
574.206665	18.691021	156.433105	18.713469	156.494812	12.706568	139.946259	12.750492	140.097351	8.524487	90.469856	8.525757	91.526886	
575.796082	18.662016	156.520493	18.685884	156.557617	12.669172	139.953613	12.714650	140.159271	8.485862	90.463593	8.489134	91.407043	
577.385498	18.641325	156.585052	18.658482	156.620132	12.646126	140.004059	12.679038	140.221008	8.456355	90.264961	8.452806	91.286697	
578.974731	18.581442	156.664368	18.631374	156.682373	12.579906	140.074402	12.643788	140.282700	8.410744	90.060753	8.416844	91.166725	
580.564026	18.571291	156.706177	18.604622	156.744339	12.552760	140.189285	12.608959	140.344437	8.371194	90.025993	8.381272	91.047577	
582.153198	18.554811	156.747543	18.577982	156.806030	12.505908	140.127869	12.574289	140.405899	8.343714	89.797371	8.345955	90.927498	
583.742310	18.518026	156.834656	18.551849	156.867462	12.474042	140.258057	12.540212	140.467621	8.303950	89.703873	8.311112	90.809456	
585.331421	18.491446	156.896378	18.525818	156.928619	12.447193	140.292755	12.506276	140.529053	8.265240	89.459106	8.276510	90.690430	
586.920410	18.470066	156.919128	18.500145	156.989502	12.422215	140.470032	12.472767	140.590561	8.250648	89.519539	8.242292	90.572380	
588.509338	18.446157	156.972702	18.474707	157.050125	12.376463	140.459061	12.439550	140.651962	8.211579	89.261932	8.208388	90.454414	
590.098206	18.408396	157.087753	18.449480	157.110474	12.351217	140.498413	12.406597	140.713242	8.176882	89.156754	8.174781	90.336365	
591.687012	18.378315	157.118896	18.424614	157.170547	12.314687	140.512497	12.374072	140.774597	8.136776	89.184303	8.141550	90.219398	
593.275757	18.370094	157.190842	18.399828	157.230362	12.279214	140.566208	12.341666	140.835648	8.110803	88.974258	8.108541	90.101387	
594.864441	18.340515	157.222076	18.375505	157.289932	12.258956	140.714569	12.309804	140.896942	8.089864	88.793243	8.075960	89.985329	
596.453064	18.298288	157.291489	18.351246	157.349213	12.211740	140.703568	12.278039	140.957901	8.046746	88.684517	8.043586	89.868118	
598.041626	18.311815	157.363190	18.327362	157.408249	12.198561	140.746628	12.246720	141.018982	8.019770	88.441620	8.011588	89.752251	
599.630127	18.266825	157.373627	18.303627	157.467010	12.170360	140.855362	12.215594	141.079849	7.995560	88.333832	7.979840	89.635933	
601.218567	18.245268	157.465897	18.280167	157.525513	12.135661	140.917572	12.184801	141.140717	7.965315	88.259163	7.948407	89.520203	
602.806946	18.221632	157.496185	18.256931	157.583771	12.079846	140.905609	12.154285	141.201492	7.930826	88.138252	7.917261	89.404686	
604.395203	18.198950	157.572754	18.233879	157.641754	12.061072	140.924820	12.124001	141.262131	7.906583	88.047096	7.886380	89.289078	
605.983459	18.170630	157.628403	18.211128	157.699478	12.026340	141.058456	12.094077	141.322800	7.871337	87.969955	7.855820	89.174332	
607.571594	18.146809	157.690994	18.188488	157.756958	11.982926	141.102005	12.064305	141.383224	7.841900	87.743240	7.825482	89.058945	
609.159668	18.130447	157.708313	18.166204	157.814178	11.992948	141.217438	12.034956	141.443771	7.812903	87.607666	7.795492	88.944939	
610.747681	18.101582	157.795471	18.143967	157.871140	11.936223	141.145477	12.005684	141.503983	7.786424	87.733727	7.765686	88.829796	
612.335632	18.076324	157.862274	18.122133	157.927856	11.898592	141.221497	11.976888	141.564392	7.750036	87.217888	7.736247	88.716476	
613.923523	18.055265	157.864456	18.100311	157.984314	11.879030	141.278381	11.948131	141.624435	7.728868	87.242966	7.706971	88.601761	
615.511353	18.034328	157.978607	18.078892	158.040512	11.858294	141.334076	11.919847	141.684662	7.692529	87.144257	7.678056	88.488907	
617.099121	17.989828	157.959015	18.057493	158.096481	11.829909	141.370056	11.891611	141.744553	7.662313	86.930618	7.649308	88.374771	
618.686768	17.987665	158.029358	18.036461	158.152191	11.794186	141.461212	11.863808	141.804565	7.641055	86.822990	7.620897	88.262245	
620.274414	17.958319	158.097092	18.015472	158.207642	11.780334	141.539429	11.836080	141.864288	7.610235	86.851807	7.592660	88.148666	
621.861938	17.938202	158.144272	17.994816	158.262863	11.743064	141.564697	11.808746	141.924103	7.592959	86.752968	7.564741	88.036469	
623.449341	17.928627	158.167603	17.974220	158.317825	11.713086	141.615509	11.781507	141.983627	7.556384	86.231377	7.537002	87.923378	
625.036743	17.893557	158.278961	17.953939	158.372559	11.683588	141.676865	11.754639	142.043243	7.534357	86.217377	7.509565	87.811569	
626.624084	17.876196	158.282364	17.933725	158.427032	11.655294	141.644974	11.727872	142.102600	7.516771	86.326530	7.482310	87.698952	
628.211304	17.846418	158.371750	17.913811	158.481277	11.612941	141.670151	11.701461	142.162003	7.484016	85.932579	7.455346	87.587524	
629.798462	17.836443	158.416138	17.893961	158.535278	11.597401	141.847107	11.675149	142.221161	7.453859	85.894257	7.428559	87.475311	
631.385620	17.819809	158.440399	17.874411	158.589035	11.583140	141.802795	11.649191	142.280365	7.426600	85.865601	7.402059	87.364334	
632.972595	17.816328	158.516724	17.854916	158.642563	11.571570	141.995895	11.623321	142.339310	7.414482	85.631287	7.375730	87.252510	
634.559570	17.788319	158.573990	17.835720	158.695831	11.538570	142.005035	11.597806	142.398331	7.379125	85.591499	7.349683	87.141968	
636.146423	17.750843	158.580093	17.816561	158.748886	11.482617	141.987244	11.572358	142.457047	7.368562	85.368179	7.323795	87.030457	
637.733215	17.739815	158.623367	17.797718	158.801697	11.480506	142.160431	11.547283	142.515869	7.333189	85.580780	7.298195	86.920418	
639.319946	17.711651	158.711105	17.778887	158.854263	11.447956	142.161957	11.522245	142.574371	7.314795	85.188446	7.272739	86.809196	
640.906616	17.712460	158.722946	17.760387	158.906601	11.419881	142.205261	11.497598	142.632996	7.277976	85.168419	7.247573	86.699631	
642.493164	17.673704	158.803070	17.741865	158.958725	11.383474	142.227325	11.472952	142.691238	7.265978	85.143051	7.222535	86.588623	
644.079651	17.652262	158.843506	17.723707	159.010590	11.357350	142.238876	11.448731	142.749680	7.237352	85.121880	7.197797	86.479599	
645.666016	17.641777	158.885345	17.705528	159.062241	11.319250	142.302094	11.424511	142.807739	7.214952	84.810356	7.173185	86.369148	
647.252319	17.619362	158.905319	17.687666	159.113663	11.337511	142.417419	11.400664	142.865921	7.196391	84.582687	7.148849	86.260323	
648.838623	17.617489	159.037766	17.669823	159.164856	11.303888	142.444778	11.376863	142.923813	7.170135	84.368874	7.124653	86.150452	
650.424744	17.597120	159.030899	17.652243	159.215820	11.278391	142.541199	11.353375	142.981735	7.140431	84.423294	7.100707	86.041763	
652.010864	17.568668	159.061661	17.634731	159.266556	11.255488	142.504669	11.329988	143.039429	7.125449	84.334839	7.076921	85.932503	
653.596863	17.539137	159.136658	17.617424	159.317078	11.221597	142.524307	11.306848	143.097092	7.104984	84.032326	7.053353	85.823914	
655.182800	17.530525	159.240280	17.600243	159.367371	11.209076	142.673615	11.283869	143.154602	7.088120	83.933403	7.029968	85.715302	
656.768677	17.497786	159.321182	17.583193	159.417435	11.156599	142.731216	11.261060	143.211990	7.054330	83.756531	7.006769	85.606750	
658.354370	17.498924	159.363419	17.566326	159.467285	11.143638	142.819336	11.238476	143.269318	7.031575	83.745926	6.983775	85.498726	
659.940063	17.464907	159.395874	17.549524	159.516907	11.134710	142.879425	11.215984	143.326416	7.014048	83.722305	6.960935	85.390152	
661.525696	17.457535	159.349899	17.532978	159.566315	11.116457	142.912903	11.193800	143.383560	6.981277	83.332886	6.938327	85.282837	
663.111206	17.438274	159.417587	17.516418	159.615509	11.068202	142.813095	11.171621	143.440384	6.966789	83.492638	6.915838	85.174263	
664.696655	17.435659	159.446884	17.500181	159.664474	11.064392	142.904694	11.149821	143.497345	6.954785	83.323578	6.893606	85.067596	
666.281982	17.421877	159.511261	17.483927	159.713242	11.081332	143.117966	11.128025	143.553970	6.939794	83.216972	6.871490	84.959663	
667.867249	17.396671	159.542572	17.467916	159.761780	11.022242	143.045425	11.106519	143.610641	6.910864	83.089874	6.849595	84.852936	
669.452393	17.383743	159.583725	17.451973	159.810120	10.996900	143.088165	11.085109	143.667099	6.888456	83.175850	6.827847	84.745766	
671.037476	17.350304	159.648941	17.436176	159.858231	10.968726	143.105240	11.063882	143.723465	6.855532	83.130211	6.806278	84.638908	
672.622498	17.347092	159.679138	17.420538	159.906143	10.954825	143.252396	11.042850	143.779755	6.847111	83.083176	6.784892	84.532494	
674.207397	17.331547	159.677994	17.404945	159.953842	10.934809	143.249680	11.021892	143.835800	6.825119	82.850578	6.763642	84.425453	
675.792236	17.321035	159.791199	17.389605	160.001328	10.918343	143.324387	11.001233	143.891922	6.797800	82.678490	6.742609	84.319801	
677.376953	17.315226	159.845428	17.374250	160.048599	10.894718	143.286407	10.980580	143.947708	6.787588	82.285477	6.721686	84.212967	
678.961609	17.280922	159.818192	17.359158	160.095673	10.884175	143.478607	10.960238	144.003586	6.754183	82.429092	6.700982	84.107651	
680.546204	17.245476	159.872147	17.344097	160.142532	10.866953	143.515564	10.939949	144.059204	6.740981	82.214310	6.680403	84.001610	
682.130676	17.234583	159.942703	17.329185	160.189194	10.850539	143.524887	10.919847	144.114746	6.717276	82.105408	6.659996	83.896004	
683.715027	17.249735	160.006012	17.314415	160.235657	10.810274	143.625687	10.899920	144.170212	6.712983	81.942657	6.639756	83.790787	
685.299377	17.213770	160.055740	17.299675	160.281921	10.782751	143.519867	10.880048	144.225418	6.687666	81.908333	6.619638	83.684853	
686.883545	17.202890	160.098892	17.285191	160.327957	10.776240	143.620392	10.860477	144.280701	6.669103	81.795044	6.599729	83.580467	
688.467651	17.187998	160.154648	17.270693	160.373825	10.743622	143.672684	10.840913	144.335693	6.649882	81.634903	6.579925	83.474968	
690.051697	17.167965	160.147873	17.256409	160.419464	10.722793	143.780228	10.821604	144.390701	6.643693	81.476654	6.560309	83.370621	
691.635620	17.161678	160.185867	17.242195	160.464920	10.729014	143.821732	10.802392	144.445526	6.617995	81.268745	6.540828	83.265999	
693.219482	17.146818	160.229599	17.228060	160.510178	10.715754	143.876892	10.783287	144.500183	6.598756	81.333519	6.521484	83.161217	
694.803223	17.146479	160.301987	17.214121	160.555237	10.655425	143.870102	10.764418	144.554825	6.582735	80.946861	6.502319	83.057449	
696.386841	17.103985	160.310745	17.200169	160.600113	10.672688	144.072266	10.745555	144.609192	6.568899	81.023537	6.483256	82.952621	
697.970459	17.092329	160.343277	17.186457	160.644775	10.633719	143.939056	10.726974	144.663620	6.551741	80.700081	6.464383	82.849266	
699.553894	17.082598	160.431259	17.172777	160.689240	10.605903	144.028015	10.708449	144.717819	6.535851	80.666161	6.445628	82.745338	
701.137329	17.072720	160.489929	17.159193	160.733536	10.586682	144.042999	10.690049	144.771881	6.505714	80.604591	6.427010	82.641457	
702.720581	17.077848	160.552216	17.145788	160.777618	10.586546	144.151733	10.671865	144.825928	6.490860	80.469894	6.408558	82.538490	
704.303772	17.026510	160.519775	17.132372	160.821533	10.565388	144.137131	10.653687	144.879684	6.489633	80.586876	6.390205	82.434509	
705.886841	17.029409	160.587631	17.119184	160.865234	10.542853	144.215958	10.635780	144.933502	6.470015	80.100922	6.372033	82.331993	
707.469849	17.002127	160.634247	17.106030	160.908752	10.523753	144.305359	10.617929	144.987091	6.446359	80.257233	6.353973	82.228920	
709.052734	16.995630	160.658493	17.092951	160.952103	10.520934	144.384918	10.600179	145.040543	6.431864	79.825249	6.336039	82.125755	
710.635498	17.011524	160.752060	17.080059	160.995239	10.481070	144.385117	10.582653	145.093979	6.402599	80.101830	6.318268	82.023651	
712.218201	16.983751	160.771164	17.067156	161.038208	10.474226	144.442474	10.565134	145.147141	6.390072	79.868126	6.300593	81.920586	
713.800842	16.971081	160.782196	17.054443	161.080994	10.449045	144.552414	10.547843	145.200317	6.366270	79.777397	6.283079	81.818642	
715.383301	16.973663	160.842148	17.041796	161.123581	10.459431	144.590088	10.530642	145.253326	6.365197	79.753326	6.265684	81.716522	
716.965698	16.949589	160.861069	17.029175	161.166000	10.410255	144.576080	10.513486	145.306107	6.340802	79.444534	6.248395	81.613831	
718.548035	16.933502	160.959442	17.016783	161.208221	10.402506	144.622803	10.496603	145.358963	6.331841	79.549683	6.231276	81.512749	
720.130249	16.927771	160.993713	17.004385	161.250275	10.381665	144.624603	10.479729	145.411560	6.310182	79.137749	6.214251	81.410751	
721.712341	16.928574	161.003418	16.992107	161.292160	10.367901	144.740707	10.463006	145.464066	6.289834	79.082825	6.197358	81.309212	
723.294312	16.860003	160.987808	16.979954	161.333847	10.341834	144.645737	10.446437	145.516510	6.284475	79.123672	6.180600	81.208183	
724.876221	16.901201	161.140182	16.967793	161.375366	10.306383	144.798203	10.429877	145.568680	6.252689	79.153938	6.163933	81.106262	
726.458069	16.854603	161.091507	16.955837	161.416702	10.313292	144.778778	10.413562	145.620895	6.250606	78.938210	6.147423	81.005753	
728.039734	16.890671	161.161789	16.943920	161.457855	10.307415	144.942825	10.397305	145.672913	6.219210	78.807770	6.131017	80.904854	
729.621338	16.853449	161.197266	16.932028	161.498856	10.293711	144.985229	10.381095	145.724716	6.214525	78.381538	6.114712	80.803444	
731.202820	16.826323	161.202820	16.920355	161.539658	10.278011	144.951279	10.365141	145.776596	6.204262	78.781296	6.098562	80.703613	
732.784241	16.829512	161.261642	16.908676	161.580292	10.279128	145.087341	10.349196	145.828217	6.188563	78.349136	6.082501	80.602928	
734.365479	16.780245	161.288483	16.897089	161.620773	10.244702	144.987823	10.333371	145.879730	6.179323	78.047920	6.066559	80.502495	
735.946655	16.786482	161.350616	16.885645	161.661057	10.215097	145.098801	10.317719	145.931198	6.154856	78.320473	6.050746	80.402847	
737.527710	16.786942	161.366638	16.874193	161.701187	10.191649	145.087448	10.302076	145.982407	6.144142	78.108009	6.035022	80.302368	
739.108765	16.778431	161.426865	16.862892	161.741150	10.198662	145.288177	10.286617	146.033615	6.121199	77.857849	6.019428	80.202797	
740.689575	16.751501	161.441864	16.851675	161.780930	10.193687	145.256989	10.271265	146.084686	6.124943	77.572144	6.003946	80.103401	
742.270386	16.720701	161.444473	16.840452	161.820557	10.161322	145.305786	10.255921	146.135513	6.096272	78.078545	5.988549	80.003189	
743.850952	16.751307	161.549728	16.829428	161.860001	10.148581	145.375870	10.240815	146.186386	6.096164	77.437256	5.973295	79.904465	
745.431519	16.697565	161.527313	16.818436	161.899292	10.135421	145.434784	10.225759	146.237076	6.073447	77.403946	5.958134	79.805367	
747.011963	16.700975	161.582321	16.807440	161.938431	10.102219	145.450409	10.210715	146.287521	6.062322	77.305122	5.943059	79.705521	
748.592285	16.692755	161.645691	16.796671	161.977371	10.086792	145.490814	10.195936	146.338058	6.033625	77.383293	5.928130	79.607475	
750.172485	16.680899	161.658203	16.785896	162.016174	10.092333	145.651169	10.181166	146.388351	6.035380	77.379333	5.913283	79.508659	
751.752625	16.680906	161.731461	16.775150	162.054810	10.062531	145.555283	10.166444	146.438461	6.017986	77.096558	5.898528	79.409462	
753.332642	16.647903	161.726288	16.764599	162.093277	10.041610	145.601135	10.151952	146.488617	6.005176	76.947517	5.883907	79.311775	
754.912476	16.657869	161.808197	16.754042	162.131577	10.053765	145.793961	10.137468	146.538544	5.984453	76.861603	5.869368	79.213326	
756.492310	16.643967	161.833786	16.743536	162.169739	10.031263	145.815536	10.123058	146.588318	5.971313	76.771782	5.854923	79.114792	
758.071960	16.635960	161.838593	16.733202	162.207733	9.982391	145.716171	10.108850	146.638092	5.955578	76.794525	5.840603	79.017509	
759.651489	16.626568	161.904480	16.722862	162.245560	9.998962	145.884705	10.094651	146.687653	5.946180	76.669403	5.826363	78.919487	
761.230957	16.625742	161.905701	16.712585	162.283249	9.991514	145.901749	10.080537	146.737076	5.944933	76.609344	5.812220	78.821526	
762.810303	16.602608	161.971710	16.702456	162.320755	9.952534	145.916428	10.066600	146.786469	5.927610	76.271507	5.798192	78.724586	
764.389526	16.593874	162.072845	16.692320	162.358124	9.923858	145.848801	10.052670	146.835648	5.914198	76.122169	5.784243	78.626923	
765.968628	16.574501	162.009796	16.682257	162.395340	9.949666	146.075150	10.038836	146.884720	5.899148	75.923485	5.770390	78.529442	
767.547607	16.552797	162.057312	16.672338	162.432388	9.937526	146.125504	10.025177	146.933762	5.891962	76.203430	5.756649	78.433006	
769.126526	16.554317	162.108322	16.662416	162.469299	9.888211	146.004074	10.011526	146.982590	5.873132	76.021904	5.742986	78.335869	
770.705261	16.553246	162.199921	16.652561	162.506042	9.902929	146.197159	9.997963	147.031296	5.857430	76.117729	5.729415	78.238861	
772.283936	16.549343	162.187256	16.642845	162.542633	9.885022	146.157257	9.984569	147.079971	5.849539	75.932693	5.715954	78.142860	
773.862427	16.520376	162.227142	16.633125	162.579086	9.869914	146.252167	9.971184	147.128448	5.848953	75.362518	5.702568	78.046188	
775.440857	16.538860	162.271805	16.623461	162.615402	9.848829	146.209320	9.957874	147.176773	5.821276	75.381424	5.689271	77.949539	
777.019165	16.503939	162.309845	16.613947	162.651535	9.842453	146.401276	9.944745	147.225113	5.813891	75.255547	5.676082	77.854057	
778.597351	16.521729	162.321106	16.604427	162.687546	9.850612	146.436966	9.931624	147.273224	5.791210	75.508095	5.662967	77.757912	
780.175415	16.515247	162.337234	16.594946	162.723404	9.787477	146.297256	9.918557	147.321182	5.788622	75.195740	5.649935	77.661575	
781.753357	16.501207	162.410980	16.585627	162.759094	9.794432	146.406403	9.905684	147.369156	5.782992	75.184288	5.637012	77.566582	
783.331177	16.491423	162.409714	16.576303	162.794662	9.779607	146.474991	9.892820	147.416916	5.766047	74.956078	5.624161	77.470947	
784.908936	16.504221	162.502762	16.566990	162.830093	9.801282	146.624634	9.879980	147.464493	5.742956	75.087730	5.611386	77.374825	
786.486511	16.437239	162.472748	16.557871	162.865356	9.786906	146.622940	9.867366	147.512131	5.749483	75.065506	5.598722	77.280434	
788.063965	16.404982	162.498993	16.548746	162.900482	9.759573	146.690308	9.854761	147.559555	5.723419	74.671417	5.586130	77.185417	
789.641357	16.442585	162.585098	16.539618	162.935471	9.746395	146.690247	9.842165	147.606781	5.722907	74.796555	5.573609	77.089767	
791.218567	16.431049	162.596375	16.530666	162.970306	9.705265	146.665985	9.829779	147.654053	5.697560	74.608482	5.561194	76.995689	
792.795715	16.431953	162.642715	16.521734	163.005005	9.744509	146.944016	9.817424	147.701141	5.702340	74.154442	5.548853	76.901260	
794.372681	16.404673	162.634201	16.512798	163.039581	9.666655	146.689468	9.805079	147.748032	5.661956	74.539261	5.536582	76.806229	
795.949585	16.384844	162.708481	16.503994	163.074005	9.671591	146.876755	9.792892	147.794891	5.658012	74.083694	5.524406	76.712242	
797.526245	16.427691	162.768997	16.495251	163.108276	9.648641	146.771988	9.780786	147.841644	5.656922	74.004288	5.512311	76.618431	
799.102905	16.364893	162.741180	16.486504	163.142426	9.673612	147.015167	9.768686	147.888214	5.640503	73.959068	5.500285	76.524033	
800.679382	16.339848	162.804413	16.477837	163.176437	9.644846	146.936661	9.756691	147.934677	5.617831	74.362206	5.488341	76.430084	
802.255798	16.360737	162.878632	16.469280	163.210297	9.650732	147.042526	9.744828	147.981110	5.623449	73.908836	5.476485	76.336937	
803.832031	16.345781	162.854126	16.460720	163.244034	9.635382	147.147064	9.732974	148.027344	5.618213	73.880478	5.464697	76.243217	
805.408142	16.335241	162.868134	16.452183	163.277649	9.608258	147.131851	9.721157	148.073410	5.599527	73.608498	5.452980	76.149246	
806.984192	16.328945	162.955246	16.443810	163.311096	9.582712	147.071655	9.709533	148.119522	5.588125	73.382133	5.441357	76.056747	
808.560059	16.329250	162.938690	16.435431	163.344421	9.558427	147.134888	9.697916	148.165421	5.552812	74.005920	5.429800	75.963699	
810.135803	16.315186	163.009369	16.427052	163.377640	9.571639	147.262589	9.686310	148.211136	5.560220	73.384735	5.418309	75.870094	
811.711426	16.287764	163.031952	16.418818	163.410690	9.555593	147.265762	9.674877	148.256866	5.550607	73.485657	5.406908	75.777809	
813.286926	16.308210	163.064804	16.410622	163.443619	9.542238	147.388733	9.663497	148.302460	5.546660	73.085884	5.395578	75.685471	
814.862305	16.303255	163.111755	16.402422	163.476425	9.562739	147.387619	9.652125	148.347855	5.546467	72.833145	5.384312	75.592583	
816.437561	16.305174	163.114883	16.394297	163.509094	9.541314	147.462006	9.640847	148.393173	5.513594	73.038223	5.373122	75.500130	
818.012634	16.279308	163.188751	16.386278	163.541641	9.529158	147.493576	9.629700	148.438446	5.519619	72.653267	5.362012	75.408524	
819.587585	16.266609	163.213058	16.378258	163.574051	9.500389	147.498947	9.618561	148.483536	5.499973	72.546448	5.350966	75.316399	
821.162476	16.270050	163.196335	16.370234	163.606339	9.487333	147.569031	9.607430	148.528442	5.486263	72.901375	5.339983	75.223740	
822.737183	16.237085	163.185287	16.362385	163.638489	9.474277	147.602158	9.596504	148.573410	5.500627	72.618408	5.329088	75.132820	
824.311829	16.196070	163.231171	16.354538	163.670517	9.455383	147.586792	9.585591	148.618179	5.480617	72.338837	5.318255	75.041428	
825.886230	16.230850	163.253250	16.346689	163.702423	9.448960	147.590454	9.574688	148.662781	5.456553	72.669006	5.307485	74.949539	
827.460632	16.195200	163.287582	16.338928	163.734207	9.426348	147.662735	9.563892	148.707321	5.455332	71.792191	5.296788	74.858299	
829.034790	16.228279	163.342422	16.331255	163.765839	9.446061	147.776764	9.553207	148.751801	5.456518	71.895714	5.286164	74.767723	
830.608887	16.165634	163.347137	16.323580	163.797379	9.424274	147.790436	9.542529	148.796097	5.438610	71.919067	5.275601	74.676651	
832.182800	16.184027	163.347870	16.315903	163.828796	9.432125	147.946823	9.531860	148.840210	5.427025	71.757530	5.265098	74.585091	
833.756653	16.172512	163.426834	16.308393	163.860062	9.391778	147.892242	9.521388	148.884384	5.413583	72.154694	5.254677	74.495232	
835.330261	16.164577	163.474335	16.300886	163.891220	9.379018	147.910828	9.510929	148.928375	5.397945	71.828842	5.244316	74.404938	
836.903809	16.143194	163.471329	16.293377	163.922256	9.329760	147.820450	9.500478	148.972198	5.389616	71.690804	5.234015	74.314171	
838.477234	16.150438	163.507965	16.285936	163.953171	9.369864	147.966232	9.490113	149.015945	5.378770	71.607239	5.223780	74.223839	
840.050476	16.132717	163.581146	16.278597	163.983963	9.324316	147.951675	9.479872	149.059647	5.385043	71.421356	5.213616	74.134392	
841.623657	16.201551	163.693344	16.271255	164.014633	9.325536	148.079468	9.469639	149.103180	5.368632	71.636406	5.203510	74.044472	
843.196594	16.156975	163.652832	16.263914	164.045197	9.350251	148.181274	9.459414	149.146530	5.359900	71.195969	5.193462	73.954102	
844.769531	16.162325	163.651840	16.256701	164.075638	9.344681	148.224701	9.449344	149.189896	5.358512	71.352821	5.183486	73.864983	
846.342163	16.128851	163.645676	16.249523	164.105942	9.298023	148.101883	9.439322	149.233124	5.331760	71.263969	5.173571	73.775909	
847.914856	16.107773	163.688477	16.242342	164.136154	9.342706	148.223694	9.429309	149.276199	5.340870	71.032822	5.163713	73.686378	
849.487183	16.102079	163.718918	16.235180	164.166245	9.283205	148.194397	9.419325	149.319122	5.316698	70.975494	5.153913	73.596657	
851.059570	16.128809	163.790985	16.228163	164.196198	9.306159	148.327927	9.409513	149.362076	5.304625	70.989639	5.144184	73.508430	
852.631714	16.096851	163.760498	16.221146	164.226059	9.266485	148.403000	9.399710	149.404861	5.294826	70.930206	5.134511	73.419785	
854.203796	16.106094	163.816559	16.214125	164.255798	9.249809	148.416962	9.389915	149.447464	5.298569	70.493004	5.124893	73.330696	
855.775696	16.072430	163.797729	16.207167	164.285431	9.283530	148.428741	9.380198	149.490005	5.274960	70.930084	5.115336	73.242027	
857.347473	16.125851	163.970459	16.200310	164.314926	9.245172	148.397980	9.370601	149.532501	5.279546	70.221611	5.105843	73.154266	
858.919067	16.053843	163.912231	16.193449	164.344330	9.240687	148.557999	9.361012	149.574844	5.268735	70.768410	5.096405	73.066101	
860.490540	16.062719	163.936371	16.186588	164.373611	9.211576	148.526642	9.351432	149.617020	5.255001	70.747345	5.087020	72.977509	
862.061829	16.066860	163.970581	16.179821	164.402786	9.199409	148.525589	9.341967	149.659164	5.256610	70.098099	5.077698	72.889793	
863.632996	16.031834	163.996307	16.173117	164.431839	9.225433	148.744019	9.332579	149.701218	5.245636	70.185829	5.068434	72.802513	
865.204102	16.025698	164.003128	16.166410	164.460785	9.230747	148.828842	9.323199	149.743118	5.249434	69.739883	5.059222	72.714821	
866.775024	16.020973	164.039368	16.159702	164.489639	9.152624	148.634857	9.313827	149.784851	5.219320	70.202995	5.050065	72.626732	
868.345825	16.031393	164.067902	16.153116	164.518356	9.214887	148.788223	9.304598	149.826584	5.227286	69.522186	5.040968	72.539871	
869.916382	16.020918	164.140518	16.146563	164.546982	9.191147	148.899109	9.295416	149.868210	5.213850	69.689674	5.031926	72.453110	
871.486816	16.023033	164.157883	16.140009	164.575485	9.146514	148.775345	9.286243	149.909683	5.229337	69.184998	5.022937	72.365959	
873.057251	16.004620	164.190308	16.133453	164.603897	9.173530	149.012863	9.277077	149.950989	5.209971	69.303001	5.013998	72.278412	
874.627319	16.010406	164.166733	16.127033	164.632187	9.108898	148.773056	9.268071	149.992325	5.204331	69.063393	5.005120	72.192345	
876.197449	15.959218	164.171585	16.120630	164.660370	9.147441	149.092041	9.259092	150.033524	5.170165	69.657158	4.996294	72.106133	
877.767273	15.986013	164.265015	16.114227	164.688461	9.121860	148.960938	9.250123	150.074554	5.175889	69.286560	4.987519	72.019554	
879.337036	15.981194	164.277649	16.107822	164.716446	9.133795	149.139542	9.241160	150.115448	5.158049	69.211250	4.978794	71.932602	
880.906616	15.955461	164.261154	16.101559	164.744308	9.108965	149.050995	9.232364	150.156372	5.165822	68.714531	4.970127	71.847229	
882.476074	15.976213	164.330688	16.095304	164.772064	9.101847	149.039124	9.223586	150.197159	5.130830	68.894089	4.961510	71.761620	
884.045410	15.977764	164.422592	16.089048	164.799728	9.124713	149.303772	9.214816	150.237778	5.128189	68.831810	4.952943	71.675652	
885.614563	16.007683	164.393478	16.082792	164.827301	9.071364	149.214157	9.206054	150.278259	5.149946	69.068291	4.944425	71.589325	
887.183594	15.973647	164.430618	16.076675	164.854752	9.097555	149.212997	9.197454	150.318771	5.116132	68.683243	4.935962	71.504570	
888.752441	15.941122	164.409821	16.070568	164.882095	9.064834	149.260727	9.188875	150.359146	5.111278	68.507355	4.927548	71.419601	
890.321167	15.916755	164.486679	16.064459	164.909348	9.040509	149.189041	9.180302	150.399368	5.128118	68.307610	4.919182	71.334274	
891.889771	15.950880	164.554855	16.058348	164.936508	9.026330	149.220123	9.171737	150.439438	5.091692	68.423439	4.910864	71.248611	
893.458130	15.919607	164.505508	16.052364	164.963547	9.042776	149.390915	9.163319	150.479538	5.083009	68.613037	4.902600	71.164337	
895.026367	15.934216	164.551422	16.046396	164.990494	9.045302	149.465805	9.154927	150.519501	5.078538	68.362129	4.894383	71.079971	
896.594543	15.910884	164.514740	16.040426	165.017349	8.977761	149.229401	9.146544	150.559311	5.100320	67.816956	4.886213	70.995270	
898.162476	15.901007	164.610489	16.034456	165.044098	9.009549	149.542984	9.138167	150.598984	5.085942	67.724945	4.878090	70.910233	
899.730286	15.888760	164.664276	16.028595	165.070740	8.983484	149.420517	9.129921	150.638657	5.061924	68.015968	4.870018	70.826401	
901.297974	15.873631	164.622787	16.022770	165.097290	8.989514	149.504135	9.121722	150.678223	5.052330	67.880341	4.861991	70.742744	
902.865417	15.899316	164.654449	16.016945	165.123749	8.973821	149.629517	9.113531	150.717651	5.037374	67.783768	4.854012	70.658768	
904.432800	15.908354	164.753922	16.011118	165.150101	8.944026	149.462646	9.105347	150.756927	5.043029	67.326180	4.846077	70.574463	
906.000000	15.855558	164.713745	16.005369	165.176361	8.967276	149.668198	9.097258	150.796173	5.025647	67.855736	4.838191	70.490944	
907.567017	15.895985	164.833206	15.999681	165.202515	8.997984	149.755783	9.089242	150.835358	5.031239	67.282394	4.830350	70.407967	
909.133911	15.862982	164.790710	15.993991	165.228577	8.958817	149.765732	9.081234	150.874390	5.054965	66.881195	4.822554	70.324661	
910.700684	15.868440	164.782150	15.988299	165.254562	8.943737	149.774506	9.073233	150.913284	4.991838	67.855728	4.814803	70.241051	
912.267212	15.853573	164.844070	15.982654	165.280426	8.901726	149.699097	9.065289	150.952087	4.991147	67.512543	4.807097	70.157768	
913.833618	15.812710	164.903610	15.977102	165.306198	8.967745	149.868835	9.057458	150.990891	4.994236	67.180313	4.799437	70.075523	
915.399902	15.812671	164.834137	15.971549	165.331894	8.891532	149.864471	9.049634	151.029541	5.032937	66.570221	4.791819	69.992973	
916.966003	15.836266	164.853409	15.965996	165.357483	8.915231	149.875748	9.041817	151.068054	4.960039	67.426682	4.784246	69.910126	
918.531921	15.826027	164.996109	15.960443	165.382996	8.904394	149.889206	9.034008	151.106445	4.948943	67.466042	4.776716	69.827003	
920.097778	15.804145	164.933975	15.955024	165.408386	8.902693	149.992203	9.026355	151.144852	4.967343	66.947723	4.769229	69.745483	
921.663391	15.849565	164.992767	15.949604	165.433701	8.873025	149.960938	9.018708	151.183136	4.965683	66.701965	4.761786	69.663681	
923.228821	15.783843	164.949966	15.944183	165.458923	8.864377	150.133606	9.011069	151.221283	4.952746	67.025978	4.754385	69.581589	
924.794128	15.809634	165.030640	15.938763	165.484055	8.857695	150.143280	9.003437	151.259277	4.945888	66.523293	4.747026	69.499207	
926.359253	15.819491	165.075867	15.933427	165.509094	8.878778	150.224167	8.995907	151.297256	4.919337	66.472313	4.739709	69.417763	
927.924194	15.769948	165.058792	15.928140	165.534042	8.887739	150.225052	8.988439	151.335175	4.919641	66.433212	4.732433	69.336761	
929.489075	15.773515	165.102966	15.922853	165.558899	8.849446	150.177185	8.980977	151.372955	4.930053	66.652443	4.725198	69.255478	
931.053711	15.764321	165.145767	15.917565	165.583664	8.863730	150.272552	8.973523	151.410599	4.954835	65.925583	4.718006	69.173920	
932.618286	15.818616	165.188599	15.912300	165.608353	8.838713	150.432495	8.966102	151.448135	4.898836	66.001274	4.710854	69.092430	
934.182617	15.754779	165.135681	15.907141	165.632935	8.779747	150.072311	8.958804	151.485687	4.901395	65.863152	4.703741	69.012184	
935.746765	15.747044	165.199173	15.901981	165.657440	8.887749	150.704834	8.951513	151.523102	4.924545	65.937477	4.696668	68.931671	
937.310852	15.783064	165.247299	15.896820	165.681854	8.775193	150.194534	8.944228	151.560379	4.914617	65.511284	4.689636	68.850899	
938.874634	15.717471	165.238464	15.891660	165.706192	8.797581	150.448685	8.936951	151.597534	4.873712	65.801178	4.682645	68.769867	
940.438354	15.790725	165.294342	15.886585	165.730438	8.765922	150.435196	8.929777	151.634659	4.891987	65.471855	4.675691	68.689835	
942.001831	15.778994	165.387360	15.881556	165.754578	8.810898	150.360199	8.922659	151.671722	4.862768	65.374107	4.668775	68.610191	
943.565247	15.717056	165.181168	15.876525	165.778656	8.673147	150.241806	8.915547	151.708664	4.860471	65.766815	4.661899	68.530289	
945.128418	15.687943	165.374313	15.871494	165.802643	8.765009	150.688080	8.908442	151.745468	4.888108	65.575066	4.655062	68.450142	
946.691406	15.706141	165.324982	15.866473	165.826538	8.808782	150.652481	8.901355	151.782150	4.889694	65.012985	4.648265	68.369881	
948.254272	15.696872	165.358917	15.861564	165.850342	8.782510	150.557388	8.894400	151.818863	4.810254	66.619469	4.641501	68.291016	
949.817017	15.704975	165.421768	15.856654	165.874069	8.804478	150.875717	8.887450	151.855438	4.871793	65.439697	4.634777	68.211906	
951.379517	15.673157	165.404083	15.851745	165.897720	8.758708	150.443420	8.880507	151.891891	4.802013	66.098595	4.628091	68.132553	
952.941895	15.739838	165.496948	15.846834	165.921280	8.724252	150.684448	8.873570	151.928223	4.815249	65.475792	4.621443	68.052956	
954.504089	15.683249	165.357925	15.841977	165.944763	8.738051	150.756714	8.866699	151.964493	4.814774	64.428535	4.614830	67.973907	
956.066101	15.660682	165.446243	15.837194	165.968155	8.649902	150.734253	8.859918	152.000732	4.800555	65.207550	4.608252	67.895714	
957.627930	15.819536	165.620499	15.832411	165.991455	8.728114	150.993759	8.853142	152.036850	4.795751	64.810829	4.601711	67.817284	
959.189636	15.693938	165.461151	15.827627	166.014694	8.729259	150.783951	8.846372	152.072845	4.809232	64.175003	4.595208	67.738617	
960.751160	15.670367	165.601212	15.822843	166.037857	8.733298	151.030960	8.839608	152.108719	4.821163	64.073120	4.588741	67.659721	
962.312500	15.647994	165.498871	15.818140	166.060913	8.657663	150.934998	8.832942	152.144562	4.808086	64.485954	4.582307	67.581802	
963.873657	15.653766	165.525223	15.813475	166.083893	8.718475	151.094177	8.826324	152.180344	4.773394	65.475868	4.575908	67.504219	
965.434692	15.689531	165.649002	15.808808	166.106796	8.690828	151.191101	8.819711	152.216003	4.780905	64.647575	4.569545	67.426399	
966.995483	15.619711	165.579590	15.804142	166.129623	8.680861	151.223495	8.813105	152.251526	4.753109	64.938629	4.563218	67.348366	
968.556152	15.740169	165.720505	15.799476	166.152390	8.637271	150.982803	8.806504	152.286942	4.774766	64.489571	4.556928	67.270119	
970.116577	15.682970	165.734497	15.794916	166.175049	8.654386	151.128891	8.800029	152.322372	4.764374	64.377113	4.550666	67.193222	
971.676941	15.567647	165.544998	15.790370	166.197632	8.635164	151.006607	8.793575	152.357712	4.740199	64.514526	4.544439	67.116341	
973.237122	15.661600	165.790741	15.785825	166.220139	8.635180	151.290375	8.787128	152.392914	4.735948	64.485092	4.538247	67.039246	
974.797058	15.647825	165.717178	15.781280	166.242584	8.616940	151.195313	8.780687	152.428009	4.794950	63.210320	4.532090	66.961945	
976.356812	15.679013	165.961716	15.776733	166.264938	8.570300	150.895401	8.774253	152.462982	4.720487	63.526108	4.525970	66.884438	
977.916382	15.518860	165.687790	15.772303	166.287216	8.639281	151.349670	8.767952	152.497986	4.703587	64.581757	4.519874	66.808441	
979.475891	15.675774	165.856369	15.767874	166.309402	8.551197	151.172302	8.761660	152.532883	4.725885	64.037468	4.513813	66.732269	
981.035156	15.655058	165.880875	15.763445	166.331528	8.520829	151.026917	8.755372	152.567657	4.714662	63.870895	4.507786	66.655891	
982.594238	15.638058	165.820435	15.759015	166.353577	8.588111	151.483734	8.749091	152.602310	4.699566	64.373039	4.501794	66.579323	
984.153137	15.641378	165.975632	15.754588	166.375565	8.639095	151.483994	8.742818	152.636856	4.752407	63.043308	4.495836	66.502579	
985.711792	15.594943	165.862930	15.750274	166.397446	8.520813	151.094666	8.736677	152.671432	4.716291	63.363174	4.489902	66.427338	
987.270386	15.582519	165.793930	15.745959	166.419266	8.533347	151.332458	8.730542	152.705887	4.731865	62.323498	4.484001	66.351906	
988.828796	15.563753	166.002808	15.741645	166.441010	8.592593	151.573395	8.724412	152.740234	4.746258	63.036419	4.478133	66.276276	
990.387024	15.577576	165.970718	15.737329	166.462692	8.534741	151.244736	8.718288	152.774460	4.656492	63.625980	4.472300	66.200462	
991.945007	15.567381	165.928772	15.733015	166.484299	8.638128	151.839874	8.712171	152.808578	4.714069	62.835800	4.466500	66.124458	
993.502808	15.559940	166.085098	15.728809	166.505814	8.565277	151.665146	8.706180	152.842728	4.694317	63.548222	4.460721	66.049919	
995.060425	15.586764	166.089691	15.724608	166.527267	8.575999	151.709396	8.700200	152.876770	4.640952	63.757622	4.454975	65.975258	
996.617981	15.567403	166.057892	15.720407	166.548645	8.477672	151.414581	8.694225	152.910690	4.692889	63.072800	4.449261	65.900414	
998.175293	15.519364	165.997757	15.716206	166.569946	8.603611	151.835861	8.688256	152.944504	4.638222	63.814472	4.443580	65.825394	
999.732300	15.530335	166.149521	15.712005	166.591187	8.544520	151.649048	8.682293	152.978210	4.675488	62.438072	4.437932	65.750191	