# Step 	    Time    	  Current   	  Voltage   	Absolute time	Temperature 	
#   i  	     s      	     A      	     V      	     s      	     C      	
2022-11-10T18:04:12.617221
  0  	0.000000e+00	8.861366e-04	3.500000e+01	8.805105e+03	   nan    	
  1  	4.990000e+00	9.969245e-04	3.500000e+01	8.810095e+03	   nan    	
  2  	9.992000e+00	8.718987e-04	3.500000e+01	8.815097e+03	   nan    	
  3  	1.498800e+01	7.689258e-04	3.500000e+01	8.820093e+03	   nan    	
  4  	1.999200e+01	7.252488e-04	3.500000e+01	8.825097e+03	   nan    	
  5  	2.499500e+01	6.669685e-04	3.500000e+01	8.830100e+03	   nan    	
  6  	2.999600e+01	6.191429e-04	3.500000e+01	8.835101e+03	   nan    	
  7  	3.499500e+01	5.987750e-04	3.500000e+01	8.840100e+03	   nan    	
  8  	3.999700e+01	5.673289e-04	3.500000e+01	8.845102e+03	   nan    	
