# Step 	    Time    	  Current   	  Voltage   	Absolute time	Temperature 	
#   i  	     s      	     A      	     V      	     s      	     C      	
2022-11-10T18:04:07.857438
  0  	0.000000e+00	7.856205e-11	0.000000e+00	8.789211e+03	   nan    	
  1  	4.996000e+00	2.416438e-07	0.000000e+00	8.794207e+03	   nan    	
  2  	9.992000e+00	3.497784e-07	0.000000e+00	8.799203e+03	   nan    	
  3  	1.499500e+01	3.813701e-07	0.000000e+00	8.804206e+03	   nan    	
  4  	2.000100e+01	3.531474e-07	0.000000e+00	8.809212e+03	   nan    	
  5  	2.500400e+01	3.396209e-07	0.000000e+00	8.814215e+03	   nan    	
  6  	3.000700e+01	3.164535e-07	0.000000e+00	8.819218e+03	   nan    	
  7  	3.500800e+01	2.929501e-07	0.000000e+00	8.824219e+03	   nan    	
  8  	4.000700e+01	2.848817e-07	0.000000e+00	8.829218e+03	   nan    	
