# Step 	    Time    	  Current   	  Voltage   	Absolute time	Temperature 	
#   i  	     s      	     A      	     V      	     s      	     C      	
2022-11-10T17:01:09.778852
  0  	0.000000e+00	1.108002e-09	0.000000e+00	5.014749e+03	   nan    	
  1  	4.998000e+00	1.155812e-09	0.000000e+00	5.019747e+03	   nan    	
  2  	9.997000e+00	1.154924e-09	0.000000e+00	5.024746e+03	   nan    	
  3  	1.499900e+01	1.186965e-09	0.000000e+00	5.029748e+03	   nan    	
  4  	2.000100e+01	1.212135e-09	0.000000e+00	5.034750e+03	   nan    	
  5  	2.499700e+01	1.233846e-09	0.000000e+00	5.039746e+03	   nan    	
  6  	3.000200e+01	1.256486e-09	0.000000e+00	5.044751e+03	   nan    	
  7  	3.500700e+01	1.278704e-09	0.000000e+00	5.049756e+03	   nan    	
  8  	4.000500e+01	1.298350e-09	0.000000e+00	5.054754e+03	   nan    	
  9  	4.500500e+01	1.337685e-09	0.000000e+00	5.059754e+03	   nan    	
 10  	5.000300e+01	1.336504e-09	0.000000e+00	5.064752e+03	   nan    	
 11  	5.499800e+01	1.356361e-09	0.000000e+00	5.069747e+03	   nan    	
 12  	5.999800e+01	1.385998e-09	0.000000e+00	5.074747e+03	   nan    	
 13  	6.499600e+01	1.419094e-09	0.000000e+00	5.079745e+03	   nan    	
 14  	6.999900e+01	1.432584e-09	0.000000e+00	5.084748e+03	   nan    	
 15  	7.499800e+01	1.448563e-09	0.000000e+00	5.089747e+03	   nan    	
 16  	7.999600e+01	1.444220e-09	0.000000e+00	5.094745e+03	   nan    	
 17  	8.499300e+01	1.493927e-09	0.000000e+00	5.099742e+03	   nan    	
 18  	8.999800e+01	1.515469e-09	0.000000e+00	5.104747e+03	   nan    	
 19  	9.500100e+01	1.536465e-09	0.000000e+00	5.109750e+03	   nan    	
 20  	9.999800e+01	1.553117e-09	0.000000e+00	5.114747e+03	   nan    	
 21  	1.050020e+02	1.579677e-09	0.000000e+00	5.119751e+03	   nan    	
 22  	1.100030e+02	1.588868e-09	0.000000e+00	5.124752e+03	   nan    	
 23  	1.150020e+02	1.617537e-09	0.000000e+00	5.129751e+03	   nan    	
 24  	1.200000e+02	1.641105e-09	0.000000e+00	5.134749e+03	   nan    	
 25  	1.249960e+02	1.651728e-09	0.000000e+00	5.139745e+03	   nan    	
 26  	1.299980e+02	1.691736e-09	0.000000e+00	5.144747e+03	   nan    	
 27  	1.349970e+02	1.706155e-09	0.000000e+00	5.149746e+03	   nan    	
 28  	1.399960e+02	1.727994e-09	0.000000e+00	5.154745e+03	   nan    	
 29  	1.449980e+02	1.747513e-09	0.000000e+00	5.159747e+03	   nan    	
 30  	1.499990e+02	1.753246e-09	0.000000e+00	5.164748e+03	   nan    	
 31  	1.550030e+02	1.789252e-09	0.000000e+00	5.169752e+03	   nan    	
 32  	1.600010e+02	1.799832e-09	0.000000e+00	5.174750e+03	   nan    	
 33  	1.649980e+02	1.814040e-09	0.000000e+00	5.179747e+03	   nan    	
 34  	1.699990e+02	1.839208e-09	0.000000e+00	5.184748e+03	   nan    	
 35  	1.750000e+02	1.875087e-09	0.000000e+00	5.189749e+03	   nan    	
 36  	1.799980e+02	1.884656e-09	0.000000e+00	5.194747e+03	   nan    	
 37  	1.849950e+02	1.908013e-09	0.000000e+00	5.199744e+03	   nan    	
 38  	1.899990e+02	1.922180e-09	0.000000e+00	5.204748e+03	   nan    	
 39  	1.950030e+02	1.937817e-09	0.000000e+00	5.209752e+03	   nan    	
 40  	2.000030e+02	1.953587e-09	0.000000e+00	5.214752e+03	   nan    	
 41  	2.050060e+02	1.937061e-09	0.000000e+00	5.219755e+03	   nan    	
 42  	2.100040e+02	1.979390e-09	0.000000e+00	5.224753e+03	   nan    	
 43  	2.150050e+02	1.871840e-09	0.000000e+00	5.229754e+03	   nan    	
 44  	2.200010e+02	2.049245e-09	0.000000e+00	5.234750e+03	   nan    	
 45  	2.249970e+02	2.059405e-09	0.000000e+00	5.239746e+03	   nan    	
 46  	2.299970e+02	2.083690e-09	0.000000e+00	5.244746e+03	   nan    	
 47  	2.349970e+02	2.096042e-09	0.000000e+00	5.249746e+03	   nan    	
 48  	2.399980e+02	2.120536e-09	0.000000e+00	5.254747e+03	   nan    	
 49  	2.449930e+02	2.135628e-09	0.000000e+00	5.259742e+03	   nan    	
 50  	2.499960e+02	2.162737e-09	0.000000e+00	5.264745e+03	   nan    	
 51  	2.550000e+02	2.177367e-09	0.000000e+00	5.269749e+03	   nan    	
 52  	2.599980e+02	2.194526e-09	0.000000e+00	5.274747e+03	   nan    	
 53  	2.649940e+02	2.213836e-09	0.000000e+00	5.279743e+03	   nan    	
 54  	2.699960e+02	2.237695e-09	0.000000e+00	5.284745e+03	   nan    	
 55  	2.749940e+02	2.253378e-09	0.000000e+00	5.289743e+03	   nan    	
 56  	2.799970e+02	2.277074e-09	0.000000e+00	5.294746e+03	   nan    	
 57  	2.850000e+02	2.298448e-09	0.000000e+00	5.299749e+03	   nan    	
 58  	2.899970e+02	2.336686e-09	0.000000e+00	5.304746e+03	   nan    	
 59  	2.950020e+02	2.343937e-09	0.000000e+00	5.309751e+03	   nan    	
 60  	2.999950e+02	2.366998e-09	0.000000e+00	5.314744e+03	   nan    	
 61  	3.049970e+02	2.393515e-09	0.000000e+00	5.319746e+03	   nan    	
 62  	3.099930e+02	2.411393e-09	0.000000e+00	5.324742e+03	   nan    	
 63  	3.149930e+02	2.420750e-09	0.000000e+00	5.329742e+03	   nan    	
 64  	3.199910e+02	2.450768e-09	0.000000e+00	5.334740e+03	   nan    	
 65  	3.249950e+02	2.466788e-09	0.000000e+00	5.339744e+03	   nan    	
 66  	3.299930e+02	2.489849e-09	0.000000e+00	5.344742e+03	   nan    	
 67  	3.349980e+02	2.503551e-09	0.000000e+00	5.349747e+03	   nan    	
 68  	3.399980e+02	2.533611e-09	0.000000e+00	5.354747e+03	   nan    	
 69  	3.449990e+02	2.555407e-09	0.000000e+00	5.359748e+03	   nan    	
 70  	3.499940e+02	2.581503e-09	0.000000e+00	5.364743e+03	   nan    	
 71  	3.549980e+02	2.593603e-09	0.000000e+00	5.369747e+03	   nan    	
 72  	3.599990e+02	2.607134e-09	0.000000e+00	5.374748e+03	   nan    	
 73  	3.649980e+02	2.623915e-09	0.000000e+00	5.379747e+03	   nan    	
 74  	3.699980e+02	2.640821e-09	0.000000e+00	5.384747e+03	   nan    	
 75  	3.749930e+02	2.659285e-09	0.000000e+00	5.389742e+03	   nan    	
 76  	3.799920e+02	2.688248e-09	0.000000e+00	5.394741e+03	   nan    	
 77  	3.849960e+02	2.700898e-09	0.000000e+00	5.399745e+03	   nan    	
 78  	3.900000e+02	2.713545e-09	0.000000e+00	5.404749e+03	   nan    	
 79  	3.950020e+02	2.734709e-09	0.000000e+00	5.409751e+03	   nan    	
 80  	4.000050e+02	2.763081e-09	0.000000e+00	5.414754e+03	   nan    	
 81  	4.050060e+02	2.781085e-09	0.000000e+00	5.419755e+03	   nan    	
 82  	4.100060e+02	2.792044e-09	0.000000e+00	5.424755e+03	   nan    	
 83  	4.150010e+02	2.812958e-09	0.000000e+00	5.429750e+03	   nan    	
 84  	4.200070e+02	2.824888e-09	0.000000e+00	5.434756e+03	   nan    	
 85  	4.250090e+02	2.852879e-09	0.000000e+00	5.439758e+03	   nan    	
 86  	4.300040e+02	2.875306e-09	0.000000e+00	5.444753e+03	   nan    	
 87  	4.350000e+02	2.893605e-09	0.000000e+00	5.449749e+03	   nan    	
 88  	4.399980e+02	2.919534e-09	0.000000e+00	5.454747e+03	   nan    	
 89  	4.449990e+02	2.939898e-09	0.000000e+00	5.459748e+03	   nan    	
 90  	4.500010e+02	2.947610e-09	0.000000e+00	5.464750e+03	   nan    	
 91  	4.549980e+02	2.976448e-09	0.000000e+00	5.469747e+03	   nan    	
 92  	4.599970e+02	3.001870e-09	0.000000e+00	5.474746e+03	   nan    	
 93  	4.649960e+02	3.017723e-09	0.000000e+00	5.479745e+03	   nan    	
 94  	4.699920e+02	3.029021e-09	0.000000e+00	5.484741e+03	   nan    	
 95  	4.749900e+02	3.054021e-09	0.000000e+00	5.489739e+03	   nan    	
 96  	4.799880e+02	3.069915e-09	0.000000e+00	5.494737e+03	   nan    	
 97  	4.849910e+02	3.099006e-09	0.000000e+00	5.499740e+03	   nan    	
 98  	4.899910e+02	3.127293e-09	0.000000e+00	5.504740e+03	   nan    	
 99  	4.949870e+02	3.152796e-09	0.000000e+00	5.509736e+03	   nan    	
 100 	4.999890e+02	3.172782e-09	0.000000e+00	5.514738e+03	   nan    	
 101 	5.049920e+02	3.196939e-09	0.000000e+00	5.519741e+03	   nan    	
 102 	5.099930e+02	3.212540e-09	0.000000e+00	5.524742e+03	   nan    	
 103 	5.149930e+02	3.236571e-09	0.000000e+00	5.529742e+03	   nan    	
 104 	5.199960e+02	3.253390e-09	0.000000e+00	5.534745e+03	   nan    	
 105 	5.249960e+02	3.281892e-09	0.000000e+00	5.539745e+03	   nan    	
 106 	5.299980e+02	3.299639e-09	0.000000e+00	5.544747e+03	   nan    	
 107 	5.349980e+02	3.325567e-09	0.000000e+00	5.549747e+03	   nan    	
 108 	5.399950e+02	3.350313e-09	0.000000e+00	5.554744e+03	   nan    	
 109 	5.449970e+02	3.368825e-09	0.000000e+00	5.559746e+03	   nan    	
 110 	5.499960e+02	3.399892e-09	0.000000e+00	5.564745e+03	   nan    	
 111 	5.549970e+02	3.417813e-09	0.000000e+00	5.569746e+03	   nan    	
 112 	5.599950e+02	3.432694e-09	0.000000e+00	5.574744e+03	   nan    	
 113 	5.649920e+02	3.450484e-09	0.000000e+00	5.579741e+03	   nan    	
 114 	5.699940e+02	3.473925e-09	0.000000e+00	5.584743e+03	   nan    	
 115 	5.749940e+02	3.485855e-09	0.000000e+00	5.589743e+03	   nan    	
 116 	5.799910e+02	3.522618e-09	0.000000e+00	5.594740e+03	   nan    	
 117 	5.849870e+02	3.549857e-09	0.000000e+00	5.599736e+03	   nan    	
 118 	5.899870e+02	3.553817e-09	0.000000e+00	5.604736e+03	   nan    	
 119 	5.949870e+02	3.585225e-09	0.000000e+00	5.609736e+03	   nan    	
 120 	5.999860e+02	3.605040e-09	0.000000e+00	5.614735e+03	   nan    	
 121 	6.049900e+02	3.628229e-09	0.000000e+00	5.619739e+03	   nan    	
 122 	6.099860e+02	3.650696e-09	0.000000e+00	5.624735e+03	   nan    	
 123 	6.149820e+02	3.670555e-09	0.000000e+00	5.629731e+03	   nan    	
 124 	6.199830e+02	3.702891e-09	0.000000e+00	5.634732e+03	   nan    	
 125 	6.249860e+02	3.722115e-09	0.000000e+00	5.639735e+03	   nan    	
 126 	6.299880e+02	3.739442e-09	0.000000e+00	5.644737e+03	   nan    	
 127 	6.349900e+02	3.761366e-09	0.000000e+00	5.649739e+03	   nan    	
 128 	6.399930e+02	3.789652e-09	0.000000e+00	5.654742e+03	   nan    	
 129 	6.449880e+02	3.808584e-09	0.000000e+00	5.659737e+03	   nan    	
 130 	6.499860e+02	3.843785e-09	0.000000e+00	5.664735e+03	   nan    	
 131 	6.549890e+02	3.856858e-09	0.000000e+00	5.669738e+03	   nan    	
 132 	6.599920e+02	3.878738e-09	0.000000e+00	5.674741e+03	   nan    	
 133 	6.649890e+02	3.898050e-09	0.000000e+00	5.679738e+03	   nan    	
 134 	6.699910e+02	3.919505e-09	0.000000e+00	5.684740e+03	   nan    	
 135 	6.749940e+02	3.931268e-09	0.000000e+00	5.689743e+03	   nan    	
 136 	6.799940e+02	3.960951e-09	0.000000e+00	5.694743e+03	   nan    	
 137 	6.849880e+02	3.987423e-09	0.000000e+00	5.699737e+03	   nan    	
 138 	6.899870e+02	4.006521e-09	0.000000e+00	5.704736e+03	   nan    	
 139 	6.949820e+02	4.033250e-09	0.000000e+00	5.709731e+03	   nan    	
 140 	6.999790e+02	4.060862e-09	0.000000e+00	5.714728e+03	   nan    	
 141 	7.049830e+02	4.077847e-09	0.000000e+00	5.719732e+03	   nan    	
 142 	7.099860e+02	4.089195e-09	0.000000e+00	5.724735e+03	   nan    	
 143 	7.149860e+02	4.111621e-09	0.000000e+00	5.729735e+03	   nan    	
 144 	7.199870e+02	4.136413e-09	0.000000e+00	5.734736e+03	   nan    	
 145 	7.249810e+02	4.159936e-09	0.000000e+00	5.739730e+03	   nan    	
 146 	7.299810e+02	4.180680e-09	0.000000e+00	5.744730e+03	   nan    	
 147 	7.349840e+02	4.206185e-09	0.000000e+00	5.749733e+03	   nan    	
 148 	7.399840e+02	4.229458e-09	0.000000e+00	5.754733e+03	   nan    	
 149 	7.449800e+02	4.252521e-09	0.000000e+00	5.759729e+03	   nan    	
 150 	7.499790e+02	4.273008e-09	0.000000e+00	5.764728e+03	   nan    	
 151 	7.549750e+02	4.290888e-09	0.000000e+00	5.769724e+03	   nan    	
 152 	7.599700e+02	4.319847e-09	0.000000e+00	5.774719e+03	   nan    	
 153 	7.649640e+02	4.337680e-09	0.000000e+00	5.779713e+03	   nan    	
 154 	7.699690e+02	4.339999e-09	0.000000e+00	5.784718e+03	   nan    	
 155 	7.749660e+02	4.375959e-09	0.000000e+00	5.789715e+03	   nan    	
 156 	7.799660e+02	4.403535e-09	0.000000e+00	5.794715e+03	   nan    	
 157 	7.849660e+02	4.431318e-09	0.000000e+00	5.799715e+03	   nan    	
 158 	7.899700e+02	4.452398e-09	0.000000e+00	5.804719e+03	   nan    	
 159 	7.949700e+02	4.475244e-09	0.000000e+00	5.809719e+03	   nan    	
 160 	7.999690e+02	4.498221e-09	0.000000e+00	5.814718e+03	   nan    	
 161 	8.049740e+02	4.522382e-09	0.000000e+00	5.819723e+03	   nan    	
 162 	8.099740e+02	4.548768e-09	0.000000e+00	5.824723e+03	   nan    	
 163 	8.149710e+02	4.562766e-09	0.000000e+00	5.829720e+03	   nan    	
 164 	8.199680e+02	4.584479e-09	0.000000e+00	5.834717e+03	   nan    	
 165 	8.249710e+02	4.603493e-09	0.000000e+00	5.839720e+03	   nan    	
 166 	8.299670e+02	4.629928e-09	0.000000e+00	5.844716e+03	   nan    	
 167 	8.349710e+02	4.634567e-09	0.000000e+00	5.849720e+03	   nan    	
 168 	8.399730e+02	4.655602e-09	0.000000e+00	5.854722e+03	   nan    	
 169 	8.449700e+02	4.687896e-09	0.000000e+00	5.859719e+03	   nan    	
 170 	8.499680e+02	4.707926e-09	0.000000e+00	5.864717e+03	   nan    	
 171 	8.549650e+02	4.735409e-09	0.000000e+00	5.869714e+03	   nan    	
 172 	8.599630e+02	4.754042e-09	0.000000e+00	5.874712e+03	   nan    	
 173 	8.649670e+02	4.774739e-09	0.000000e+00	5.879716e+03	   nan    	
 174 	8.699640e+02	4.799487e-09	0.000000e+00	5.884713e+03	   nan    	
 175 	8.749620e+02	4.809567e-09	0.000000e+00	5.889711e+03	   nan    	
 176 	8.799650e+02	4.839371e-09	0.000000e+00	5.894714e+03	   nan    	
 177 	8.849610e+02	4.858129e-09	0.000000e+00	5.899710e+03	   nan    	
 178 	8.899600e+02	4.878118e-09	0.000000e+00	5.904709e+03	   nan    	
 179 	8.949640e+02	4.891187e-09	0.000000e+00	5.909713e+03	   nan    	
 180 	8.999620e+02	4.920405e-09	0.000000e+00	5.914711e+03	   nan    	
 181 	9.049650e+02	4.926005e-09	0.000000e+00	5.919714e+03	   nan    	
 182 	9.099580e+02	4.955864e-09	0.000000e+00	5.924707e+03	   nan    	
 183 	9.149550e+02	4.972088e-09	0.000000e+00	5.929704e+03	   nan    	
 184 	9.199580e+02	4.983813e-09	0.000000e+00	5.934707e+03	   nan    	
 185 	9.249600e+02	5.003880e-09	0.000000e+00	5.939709e+03	   nan    	
 186 	9.299560e+02	5.030861e-09	0.000000e+00	5.944705e+03	   nan    	
 187 	9.349580e+02	5.046205e-09	0.000000e+00	5.949707e+03	   nan    	
 188 	9.399540e+02	5.070530e-09	0.000000e+00	5.954703e+03	   nan    	
 189 	9.449590e+02	5.084781e-09	0.000000e+00	5.959708e+03	   nan    	
 190 	9.499540e+02	5.120151e-09	0.000000e+00	5.964703e+03	   nan    	
 191 	9.549560e+02	5.118507e-09	0.000000e+00	5.969705e+03	   nan    	
 192 	9.599520e+02	5.158217e-09	0.000000e+00	5.974701e+03	   nan    	
 193 	9.649570e+02	5.169772e-09	0.000000e+00	5.979706e+03	   nan    	
 194 	9.699610e+02	5.190306e-09	0.000000e+00	5.984710e+03	   nan    	
 195 	9.749630e+02	5.212822e-09	0.000000e+00	5.989712e+03	   nan    	
 196 	9.799600e+02	5.239585e-09	0.000000e+00	5.994709e+03	   nan    	
 197 	9.849630e+02	5.267244e-09	0.000000e+00	5.999712e+03	   nan    	
 198 	9.899620e+02	5.279938e-09	0.000000e+00	6.004711e+03	   nan    	
 199 	9.949560e+02	5.305145e-09	0.000000e+00	6.009705e+03	   nan    	
 200 	9.999580e+02	5.325679e-09	0.000000e+00	6.014707e+03	   nan    	
 201 	1.004962e+03	5.345026e-09	0.000000e+00	6.019711e+03	   nan    	
 202 	1.009962e+03	5.376646e-09	0.000000e+00	6.024711e+03	   nan    	
 203 	1.014957e+03	5.384446e-09	0.000000e+00	6.029706e+03	   nan    	
 204 	1.019958e+03	5.398699e-09	0.000000e+00	6.034707e+03	   nan    	
 205 	1.024957e+03	5.421882e-09	0.000000e+00	6.039706e+03	   nan    	
 206 	1.029957e+03	5.437568e-09	0.000000e+00	6.044706e+03	   nan    	
 207 	1.034958e+03	5.451906e-09	0.000000e+00	6.049707e+03	   nan    	
 208 	1.039953e+03	5.476862e-09	0.000000e+00	6.054702e+03	   nan    	
 209 	1.044952e+03	5.489551e-09	0.000000e+00	6.059701e+03	   nan    	
 210 	1.049952e+03	5.495916e-09	0.000000e+00	6.064701e+03	   nan    	
 211 	1.054950e+03	5.514509e-09	0.000000e+00	6.069699e+03	   nan    	
 212 	1.059948e+03	5.543852e-09	0.000000e+00	6.074697e+03	   nan    	
 213 	1.064948e+03	5.547603e-09	0.000000e+00	6.079697e+03	   nan    	
 214 	1.069952e+03	5.575938e-09	0.000000e+00	6.084701e+03	   nan    	
 215 	1.074952e+03	5.590355e-09	0.000000e+00	6.089701e+03	   nan    	
 216 	1.079951e+03	5.606204e-09	0.000000e+00	6.094700e+03	   nan    	
 217 	1.084946e+03	5.622186e-09	0.000000e+00	6.099695e+03	   nan    	
 218 	1.089947e+03	5.638497e-09	0.000000e+00	6.104696e+03	   nan    	
 219 	1.094942e+03	5.657093e-09	0.000000e+00	6.109691e+03	   nan    	
 220 	1.099944e+03	5.663246e-09	0.000000e+00	6.114693e+03	   nan    	
 221 	1.104946e+03	5.671551e-09	0.000000e+00	6.119695e+03	   nan    	
 222 	1.109948e+03	5.695916e-09	0.000000e+00	6.124697e+03	   nan    	
 223 	1.114943e+03	5.706456e-09	0.000000e+00	6.129692e+03	   nan    	
 224 	1.119942e+03	5.724002e-09	0.000000e+00	6.134691e+03	   nan    	
 225 	1.124940e+03	5.746678e-09	0.000000e+00	6.139689e+03	   nan    	
 226 	1.129938e+03	5.760720e-09	0.000000e+00	6.144687e+03	   nan    	
 227 	1.134936e+03	5.777704e-09	0.000000e+00	6.149685e+03	   nan    	
 228 	1.139938e+03	5.796341e-09	0.000000e+00	6.154687e+03	   nan    	
 229 	1.144936e+03	5.814131e-09	0.000000e+00	6.159685e+03	   nan    	
 230 	1.149935e+03	5.809283e-09	0.000000e+00	6.164684e+03	   nan    	
 231 	1.154935e+03	5.846766e-09	0.000000e+00	6.169684e+03	   nan    	
 232 	1.159938e+03	5.860802e-09	0.000000e+00	6.174687e+03	   nan    	
 233 	1.164939e+03	5.871513e-09	0.000000e+00	6.179688e+03	   nan    	
 234 	1.169937e+03	5.890612e-09	0.000000e+00	6.184686e+03	   nan    	
 235 	1.174938e+03	5.891795e-09	0.000000e+00	6.189687e+03	   nan    	
 236 	1.179939e+03	5.912532e-09	0.000000e+00	6.194688e+03	   nan    	
 237 	1.184940e+03	5.925561e-09	0.000000e+00	6.199689e+03	   nan    	
 238 	1.189936e+03	5.941496e-09	0.000000e+00	6.204685e+03	   nan    	
 239 	1.194936e+03	5.946095e-09	0.000000e+00	6.209685e+03	   nan    	
 240 	1.199933e+03	5.970552e-09	0.000000e+00	6.214682e+03	   nan    	
 241 	1.204934e+03	5.983189e-09	0.000000e+00	6.219683e+03	   nan    	
 242 	1.209932e+03	5.992677e-09	0.000000e+00	6.224681e+03	   nan    	
 243 	1.214931e+03	6.003851e-09	0.000000e+00	6.229680e+03	   nan    	
 244 	1.219928e+03	6.011478e-09	0.000000e+00	6.234677e+03	   nan    	
 245 	1.224928e+03	6.020170e-09	0.000000e+00	6.239677e+03	   nan    	
 246 	1.229928e+03	6.037069e-09	0.000000e+00	6.244677e+03	   nan    	
 247 	1.234925e+03	6.057352e-09	0.000000e+00	6.249674e+03	   nan    	
 248 	1.239933e+03	6.064094e-09	0.000000e+00	6.254682e+03	   nan    	
 249 	1.244927e+03	6.082643e-09	0.000000e+00	6.259676e+03	   nan    	
 250 	1.249925e+03	6.095130e-09	0.000000e+00	6.264674e+03	   nan    	
 251 	1.254921e+03	6.099760e-09	0.000000e+00	6.269670e+03	   nan    	
 252 	1.259923e+03	6.116540e-09	0.000000e+00	6.274672e+03	   nan    	
 253 	1.264920e+03	6.125860e-09	0.000000e+00	6.279669e+03	   nan    	
 254 	1.269919e+03	6.143391e-09	0.000000e+00	6.284668e+03	   nan    	
 255 	1.274918e+03	6.161855e-09	0.000000e+00	6.289667e+03	   nan    	
 256 	1.279916e+03	6.163005e-09	0.000000e+00	6.294665e+03	   nan    	
 257 	1.284918e+03	6.172692e-09	0.000000e+00	6.299667e+03	   nan    	
 258 	1.289923e+03	6.197782e-09	0.000000e+00	6.304672e+03	   nan    	
 259 	1.294920e+03	6.201445e-09	0.000000e+00	6.309669e+03	   nan    	
 260 	1.299922e+03	6.210681e-09	0.000000e+00	6.314671e+03	   nan    	
 261 	1.304927e+03	6.230526e-09	0.000000e+00	6.319676e+03	   nan    	
 262 	1.309931e+03	6.234332e-09	0.000000e+00	6.324680e+03	   nan    	
 263 	1.314933e+03	6.252586e-09	0.000000e+00	6.329682e+03	   nan    	
 264 	1.319936e+03	6.257861e-09	0.000000e+00	6.334685e+03	   nan    	
 265 	1.324937e+03	6.268190e-09	0.000000e+00	6.339686e+03	   nan    	
 266 	1.329937e+03	6.278212e-09	0.000000e+00	6.344686e+03	   nan    	
 267 	1.334937e+03	6.289810e-09	0.000000e+00	6.349686e+03	   nan    	
 268 	1.339937e+03	6.303515e-09	0.000000e+00	6.354686e+03	   nan    	
 269 	1.344934e+03	6.318102e-09	0.000000e+00	6.359683e+03	   nan    	
 270 	1.349938e+03	6.326911e-09	0.000000e+00	6.364687e+03	   nan    	
 271 	1.354940e+03	6.329859e-09	0.000000e+00	6.369689e+03	   nan    	
 272 	1.359939e+03	6.349292e-09	0.000000e+00	6.374688e+03	   nan    	
 273 	1.364939e+03	6.347059e-09	0.000000e+00	6.379688e+03	   nan    	
 274 	1.369936e+03	6.364563e-09	0.000000e+00	6.384685e+03	   nan    	
 275 	1.374939e+03	6.368857e-09	0.000000e+00	6.389688e+03	   nan    	
 276 	1.379938e+03	6.376703e-09	0.000000e+00	6.394687e+03	   nan    	
 277 	1.384941e+03	6.390991e-09	0.000000e+00	6.399690e+03	   nan    	
 278 	1.389938e+03	6.377086e-09	0.000000e+00	6.404687e+03	   nan    	
 279 	1.394939e+03	6.398455e-09	0.000000e+00	6.409688e+03	   nan    	
 280 	1.399944e+03	6.416033e-09	0.000000e+00	6.414693e+03	   nan    	
 281 	1.404938e+03	6.421431e-09	0.000000e+00	6.419687e+03	   nan    	
 282 	1.409933e+03	6.440192e-09	0.000000e+00	6.424682e+03	   nan    	
 283 	1.414935e+03	6.451408e-09	0.000000e+00	6.429684e+03	   nan    	
 284 	1.419932e+03	6.455454e-09	0.000000e+00	6.434681e+03	   nan    	
 285 	1.424926e+03	6.459796e-09	0.000000e+00	6.439675e+03	   nan    	
 286 	1.429929e+03	6.468555e-09	0.000000e+00	6.444678e+03	   nan    	
 287 	1.434926e+03	6.479696e-09	0.000000e+00	6.449675e+03	   nan    	
 288 	1.439932e+03	6.488844e-09	0.000000e+00	6.454681e+03	   nan    	
 289 	1.444929e+03	6.500864e-09	0.000000e+00	6.459678e+03	   nan    	
 290 	1.449927e+03	6.502967e-09	0.000000e+00	6.464676e+03	   nan    	
 291 	1.454928e+03	6.506506e-09	0.000000e+00	6.469677e+03	   nan    	
 292 	1.459931e+03	6.520630e-09	0.000000e+00	6.474680e+03	   nan    	
 293 	1.464930e+03	6.519917e-09	0.000000e+00	6.479679e+03	   nan    	
 294 	1.469927e+03	6.518645e-09	0.000000e+00	6.484676e+03	   nan    	
 295 	1.474932e+03	6.535765e-09	0.000000e+00	6.489681e+03	   nan    	
 296 	1.479927e+03	6.549803e-09	0.000000e+00	6.494676e+03	   nan    	
 297 	1.484923e+03	6.558237e-09	0.000000e+00	6.499672e+03	   nan    	
 298 	1.489927e+03	6.554739e-09	0.000000e+00	6.504676e+03	   nan    	
 299 	1.494924e+03	6.566922e-09	0.000000e+00	6.509673e+03	   nan    	
 300 	1.499928e+03	6.568315e-09	0.000000e+00	6.514677e+03	   nan    	
 301 	1.504924e+03	6.579573e-09	0.000000e+00	6.519673e+03	   nan    	
 302 	1.509924e+03	6.595174e-09	0.000000e+00	6.524673e+03	   nan    	
 303 	1.514920e+03	6.596435e-09	0.000000e+00	6.529669e+03	   nan    	
 304 	1.519917e+03	6.615703e-09	0.000000e+00	6.534666e+03	   nan    	
 305 	1.524914e+03	6.614394e-09	0.000000e+00	6.539663e+03	   nan    	
 306 	1.529916e+03	6.615320e-09	0.000000e+00	6.544665e+03	   nan    	
 307 	1.534916e+03	6.618397e-09	0.000000e+00	6.549665e+03	   nan    	
 308 	1.539921e+03	6.622866e-09	0.000000e+00	6.554670e+03	   nan    	
 309 	1.544924e+03	6.626578e-09	0.000000e+00	6.559673e+03	   nan    	
 310 	1.549924e+03	6.635477e-09	0.000000e+00	6.564673e+03	   nan    	
 311 	1.554921e+03	6.638299e-09	0.000000e+00	6.569670e+03	   nan    	
 312 	1.559922e+03	6.647106e-09	0.000000e+00	6.574671e+03	   nan    	
 313 	1.564922e+03	6.644456e-09	0.000000e+00	6.579671e+03	   nan    	
 314 	1.569926e+03	6.656887e-09	0.000000e+00	6.584675e+03	   nan    	
 315 	1.574928e+03	6.663888e-09	0.000000e+00	6.589677e+03	   nan    	
 316 	1.579922e+03	6.666843e-09	0.000000e+00	6.594671e+03	   nan    	
 317 	1.584922e+03	6.665450e-09	0.000000e+00	6.599671e+03	   nan    	
 318 	1.589918e+03	6.671017e-09	0.000000e+00	6.604667e+03	   nan    	
 319 	1.594912e+03	6.672281e-09	0.000000e+00	6.609661e+03	   nan    	
 320 	1.599916e+03	6.691293e-09	0.000000e+00	6.614665e+03	   nan    	
 321 	1.604912e+03	6.698174e-09	0.000000e+00	6.619661e+03	   nan    	
 322 	1.609908e+03	6.690283e-09	0.000000e+00	6.624657e+03	   nan    	
 323 	1.614904e+03	6.686317e-09	0.000000e+00	6.629653e+03	   nan    	
 324 	1.619905e+03	6.690999e-09	0.000000e+00	6.634654e+03	   nan    	
 325 	1.624906e+03	6.701744e-09	0.000000e+00	6.639655e+03	   nan    	
 326 	1.629901e+03	6.700608e-09	0.000000e+00	6.644650e+03	   nan    	
 327 	1.634901e+03	6.703984e-09	0.000000e+00	6.649650e+03	   nan    	
 328 	1.639905e+03	6.708203e-09	0.000000e+00	6.654654e+03	   nan    	
 329 	1.644902e+03	6.700442e-09	0.000000e+00	6.659651e+03	   nan    	
 330 	1.649902e+03	6.704572e-09	0.000000e+00	6.664651e+03	   nan    	
 331 	1.654899e+03	6.703774e-09	0.000000e+00	6.669648e+03	   nan    	
 332 	1.659900e+03	6.712072e-09	0.000000e+00	6.674649e+03	   nan    	
 333 	1.664898e+03	6.713087e-09	0.000000e+00	6.679647e+03	   nan    	
 334 	1.669892e+03	6.709288e-09	0.000000e+00	6.684641e+03	   nan    	
 335 	1.674893e+03	6.725947e-09	0.000000e+00	6.689642e+03	   nan    	
 336 	1.679890e+03	6.727677e-09	0.000000e+00	6.694639e+03	   nan    	
 337 	1.684892e+03	6.734549e-09	0.000000e+00	6.699641e+03	   nan    	
 338 	1.689892e+03	6.734889e-09	0.000000e+00	6.704641e+03	   nan    	
 339 	1.694889e+03	6.738803e-09	0.000000e+00	6.709638e+03	   nan    	
 340 	1.699891e+03	6.735434e-09	0.000000e+00	6.714640e+03	   nan    	
 341 	1.704890e+03	6.743650e-09	0.000000e+00	6.719639e+03	   nan    	
 342 	1.709891e+03	6.732938e-09	0.000000e+00	6.724640e+03	   nan    	
 343 	1.714893e+03	6.737961e-09	0.000000e+00	6.729642e+03	   nan    	
 344 	1.719894e+03	6.756849e-09	0.000000e+00	6.734643e+03	   nan    	
 345 	1.724896e+03	6.755468e-09	0.000000e+00	6.739645e+03	   nan    	
 346 	1.729896e+03	6.757399e-09	0.000000e+00	6.744645e+03	   nan    	
 347 	1.734896e+03	6.757067e-09	0.000000e+00	6.749645e+03	   nan    	
 348 	1.739898e+03	6.755969e-09	0.000000e+00	6.754647e+03	   nan    	
 349 	1.744897e+03	6.775277e-09	0.000000e+00	6.759646e+03	   nan    	
 350 	1.749895e+03	6.760853e-09	0.000000e+00	6.764644e+03	   nan    	
 351 	1.754896e+03	6.764062e-09	0.000000e+00	6.769645e+03	   nan    	
 352 	1.759897e+03	6.757815e-09	0.000000e+00	6.774646e+03	   nan    	
 353 	1.764901e+03	6.768609e-09	0.000000e+00	6.779650e+03	   nan    	
 354 	1.769897e+03	6.763133e-09	0.000000e+00	6.784646e+03	   nan    	
 355 	1.774893e+03	6.776916e-09	0.000000e+00	6.789642e+03	   nan    	
 356 	1.779894e+03	6.769162e-09	0.000000e+00	6.794643e+03	   nan    	
 357 	1.784898e+03	6.764060e-09	0.000000e+00	6.799647e+03	   nan    	
 358 	1.789901e+03	6.766925e-09	0.000000e+00	6.804650e+03	   nan    	
 359 	1.794897e+03	6.765957e-09	0.000000e+00	6.809646e+03	   nan    	
 360 	1.799896e+03	6.795382e-09	0.000000e+00	6.814645e+03	   nan    	
 361 	1.804897e+03	6.802339e-09	0.000000e+00	6.819646e+03	   nan    	
 362 	1.809895e+03	6.787712e-09	0.000000e+00	6.824644e+03	   nan    	
 363 	1.814897e+03	6.801033e-09	0.000000e+00	6.829646e+03	   nan    	
 364 	1.819899e+03	6.799429e-09	0.000000e+00	6.834648e+03	   nan    	
 365 	1.824899e+03	6.800998e-09	0.000000e+00	6.839648e+03	   nan    	
 366 	1.829894e+03	6.798335e-09	0.000000e+00	6.844643e+03	   nan    	
 367 	1.834895e+03	6.800096e-09	0.000000e+00	6.849644e+03	   nan    	
 368 	1.839899e+03	6.792217e-09	0.000000e+00	6.854648e+03	   nan    	
 369 	1.844897e+03	6.790492e-09	0.000000e+00	6.859646e+03	   nan    	
 370 	1.849898e+03	6.793866e-09	0.000000e+00	6.864647e+03	   nan    	
 371 	1.854897e+03	6.794285e-09	0.000000e+00	6.869646e+03	   nan    	
 372 	1.859897e+03	6.789400e-09	0.000000e+00	6.874646e+03	   nan    	
 373 	1.864898e+03	6.793363e-09	0.000000e+00	6.879647e+03	   nan    	
 374 	1.869899e+03	6.786027e-09	0.000000e+00	6.884648e+03	   nan    	
 375 	1.874902e+03	6.770640e-09	0.000000e+00	6.889651e+03	   nan    	
 376 	1.879901e+03	6.789481e-09	0.000000e+00	6.894650e+03	   nan    	
 377 	1.884900e+03	6.777172e-09	0.000000e+00	6.899649e+03	   nan    	
 378 	1.889902e+03	6.783839e-09	0.000000e+00	6.904651e+03	   nan    	
 379 	1.894899e+03	6.787502e-09	0.000000e+00	6.909648e+03	   nan    	
 380 	1.899898e+03	6.794289e-09	0.000000e+00	6.914647e+03	   nan    	
 381 	1.904900e+03	6.791086e-09	0.000000e+00	6.919649e+03	   nan    	
 382 	1.909897e+03	6.783874e-09	0.000000e+00	6.924646e+03	   nan    	
 383 	1.914897e+03	6.781853e-09	0.000000e+00	6.929646e+03	   nan    	
 384 	1.919901e+03	6.791420e-09	0.000000e+00	6.934650e+03	   nan    	
 385 	1.924905e+03	6.791590e-09	0.000000e+00	6.939654e+03	   nan    	
 386 	1.929899e+03	6.794035e-09	0.000000e+00	6.944648e+03	   nan    	
 387 	1.934902e+03	6.786118e-09	0.000000e+00	6.949651e+03	   nan    	
 388 	1.939899e+03	6.794335e-09	0.000000e+00	6.954648e+03	   nan    	
 389 	1.944903e+03	6.795637e-09	0.000000e+00	6.959652e+03	   nan    	
 390 	1.949898e+03	6.790296e-09	0.000000e+00	6.964647e+03	   nan    	
 391 	1.954891e+03	6.800190e-09	0.000000e+00	6.969640e+03	   nan    	
 392 	1.959890e+03	6.796648e-09	0.000000e+00	6.974639e+03	   nan    	
 393 	1.964890e+03	6.792597e-09	0.000000e+00	6.979639e+03	   nan    	
 394 	1.969890e+03	6.784255e-09	0.000000e+00	6.984639e+03	   nan    	
 395 	1.974889e+03	6.805549e-09	0.000000e+00	6.989638e+03	   nan    	
 396 	1.979887e+03	6.791717e-09	0.000000e+00	6.994636e+03	   nan    	
 397 	1.984887e+03	6.791797e-09	0.000000e+00	6.999636e+03	   nan    	
 398 	1.989890e+03	6.786620e-09	0.000000e+00	7.004639e+03	   nan    	
 399 	1.994890e+03	6.782272e-09	0.000000e+00	7.009639e+03	   nan    	
 400 	1.999894e+03	6.783665e-09	0.000000e+00	7.014643e+03	   nan    	
 401 	2.004897e+03	6.773460e-09	0.000000e+00	7.019646e+03	   nan    	
 402 	2.009899e+03	6.776034e-09	0.000000e+00	7.024648e+03	   nan    	
 403 	2.014901e+03	6.777803e-09	0.000000e+00	7.029650e+03	   nan    	
 404 	2.019899e+03	6.766673e-09	0.000000e+00	7.034648e+03	   nan    	
 405 	2.024904e+03	6.770767e-09	0.000000e+00	7.039653e+03	   nan    	
 406 	2.029905e+03	6.778480e-09	0.000000e+00	7.044654e+03	   nan    	
 407 	2.034909e+03	6.771100e-09	0.000000e+00	7.049658e+03	   nan    	
 408 	2.039914e+03	6.769625e-09	0.000000e+00	7.054663e+03	   nan    	
 409 	2.044916e+03	6.773045e-09	0.000000e+00	7.059665e+03	   nan    	
 410 	2.049921e+03	6.766629e-09	0.000000e+00	7.064670e+03	   nan    	
 411 	2.054922e+03	6.771439e-09	0.000000e+00	7.069671e+03	   nan    	
 412 	2.059926e+03	6.764865e-09	0.000000e+00	7.074675e+03	   nan    	
 413 	2.064924e+03	6.764820e-09	0.000000e+00	7.079673e+03	   nan    	
 414 	2.069925e+03	6.758157e-09	0.000000e+00	7.084674e+03	   nan    	
 415 	2.074920e+03	6.762501e-09	0.000000e+00	7.089669e+03	   nan    	
 416 	2.079917e+03	6.765837e-09	0.000000e+00	7.094666e+03	   nan    	
 417 	2.084919e+03	6.773091e-09	0.000000e+00	7.099668e+03	   nan    	
 418 	2.089922e+03	6.758917e-09	0.000000e+00	7.104671e+03	   nan    	
 419 	2.094925e+03	6.766975e-09	0.000000e+00	7.109674e+03	   nan    	
 420 	2.099923e+03	6.772241e-09	0.000000e+00	7.114672e+03	   nan    	
 421 	2.104917e+03	6.753595e-09	0.000000e+00	7.119666e+03	   nan    	
 422 	2.109918e+03	6.749174e-09	0.000000e+00	7.124667e+03	   nan    	
 423 	2.114913e+03	6.750484e-09	0.000000e+00	7.129662e+03	   nan    	
 424 	2.119910e+03	6.754454e-09	0.000000e+00	7.134659e+03	   nan    	
 425 	2.124912e+03	6.757231e-09	0.000000e+00	7.139661e+03	   nan    	
 426 	2.129917e+03	6.755625e-09	0.000000e+00	7.144666e+03	   nan    	
 427 	2.134919e+03	6.745385e-09	0.000000e+00	7.149668e+03	   nan    	
 428 	2.139916e+03	6.744550e-09	0.000000e+00	7.154665e+03	   nan    	
 429 	2.144912e+03	6.758620e-09	0.000000e+00	7.159661e+03	   nan    	
 430 	2.149907e+03	6.743361e-09	0.000000e+00	7.164656e+03	   nan    	
 431 	2.154907e+03	6.743740e-09	0.000000e+00	7.169656e+03	   nan    	
 432 	2.159912e+03	6.740063e-09	0.000000e+00	7.174661e+03	   nan    	
 433 	2.164910e+03	6.740280e-09	0.000000e+00	7.179659e+03	   nan    	
 434 	2.169904e+03	6.748214e-09	0.000000e+00	7.184653e+03	   nan    	
 435 	2.174905e+03	6.756296e-09	0.000000e+00	7.189654e+03	   nan    	
 436 	2.179908e+03	6.747280e-09	0.000000e+00	7.194657e+03	   nan    	
 437 	2.184908e+03	6.739781e-09	0.000000e+00	7.199657e+03	   nan    	
 438 	2.189909e+03	6.734254e-09	0.000000e+00	7.204658e+03	   nan    	
 439 	2.194907e+03	6.737375e-09	0.000000e+00	7.209656e+03	   nan    	
 440 	2.199909e+03	6.728224e-09	0.000000e+00	7.214658e+03	   nan    	
 441 	2.204911e+03	6.721524e-09	0.000000e+00	7.219660e+03	   nan    	
 442 	2.209913e+03	6.718662e-09	0.000000e+00	7.224662e+03	   nan    	
 443 	2.214909e+03	6.704656e-09	0.000000e+00	7.229658e+03	   nan    	
 444 	2.219907e+03	6.707905e-09	0.000000e+00	7.234656e+03	   nan    	
 445 	2.224907e+03	6.716458e-09	0.000000e+00	7.239656e+03	   nan    	
 446 	2.229908e+03	6.713177e-09	0.000000e+00	7.244657e+03	   nan    	
 447 	2.234912e+03	6.712120e-09	0.000000e+00	7.249661e+03	   nan    	
 448 	2.239907e+03	6.721898e-09	0.000000e+00	7.254656e+03	   nan    	
 449 	2.244909e+03	6.733068e-09	0.000000e+00	7.259658e+03	   nan    	
 450 	2.249911e+03	6.722872e-09	0.000000e+00	7.264660e+03	   nan    	
 451 	2.254912e+03	6.726247e-09	0.000000e+00	7.269661e+03	   nan    	
 452 	2.259916e+03	6.717598e-09	0.000000e+00	7.274665e+03	   nan    	
 453 	2.264915e+03	6.721980e-09	0.000000e+00	7.279664e+03	   nan    	
 454 	2.269917e+03	6.714350e-09	0.000000e+00	7.284666e+03	   nan    	
 455 	2.274915e+03	6.710654e-09	0.000000e+00	7.289664e+03	   nan    	
 456 	2.279915e+03	6.705423e-09	0.000000e+00	7.294664e+03	   nan    	
 457 	2.284915e+03	6.690158e-09	0.000000e+00	7.299664e+03	   nan    	
 458 	2.289918e+03	6.695926e-09	0.000000e+00	7.304667e+03	   nan    	
 459 	2.294916e+03	6.693823e-09	0.000000e+00	7.309665e+03	   nan    	
 460 	2.299916e+03	6.692529e-09	0.000000e+00	7.314665e+03	   nan    	
 461 	2.304915e+03	6.707016e-09	0.000000e+00	7.319664e+03	   nan    	
 462 	2.309910e+03	6.711150e-09	0.000000e+00	7.324659e+03	   nan    	
 463 	2.314907e+03	6.697784e-09	0.000000e+00	7.329656e+03	   nan    	
 464 	2.319908e+03	6.701620e-09	0.000000e+00	7.334657e+03	   nan    	
 465 	2.324909e+03	6.696182e-09	0.000000e+00	7.339658e+03	   nan    	
 466 	2.329909e+03	6.697405e-09	0.000000e+00	7.344658e+03	   nan    	
 467 	2.334909e+03	6.687329e-09	0.000000e+00	7.349658e+03	   nan    	
 468 	2.339913e+03	6.685888e-09	0.000000e+00	7.354662e+03	   nan    	
 469 	2.344911e+03	6.687707e-09	0.000000e+00	7.359660e+03	   nan    	
 470 	2.349909e+03	6.688385e-09	0.000000e+00	7.364658e+03	   nan    	
 471 	2.354910e+03	6.670340e-09	0.000000e+00	7.369659e+03	   nan    	
 472 	2.359911e+03	6.669588e-09	0.000000e+00	7.374660e+03	   nan    	
 473 	2.364907e+03	6.661907e-09	0.000000e+00	7.379656e+03	   nan    	
 474 	2.369908e+03	6.664311e-09	0.000000e+00	7.384657e+03	   nan    	
 475 	2.374907e+03	6.660754e-09	0.000000e+00	7.389656e+03	   nan    	
 476 	2.379908e+03	6.653258e-09	0.000000e+00	7.394657e+03	   nan    	
 477 	2.384913e+03	6.655795e-09	0.000000e+00	7.399662e+03	   nan    	
 478 	2.389910e+03	6.655296e-09	0.000000e+00	7.404659e+03	   nan    	
 479 	2.394904e+03	6.646522e-09	0.000000e+00	7.409653e+03	   nan    	
 480 	2.399899e+03	6.640832e-09	0.000000e+00	7.414648e+03	   nan    	
 481 	2.404895e+03	6.642010e-09	0.000000e+00	7.419644e+03	   nan    	
 482 	2.409895e+03	6.634250e-09	0.000000e+00	7.424644e+03	   nan    	
 483 	2.414894e+03	6.628645e-09	0.000000e+00	7.429643e+03	   nan    	
 484 	2.419894e+03	6.625231e-09	0.000000e+00	7.434643e+03	   nan    	
 485 	2.424895e+03	6.625029e-09	0.000000e+00	7.439644e+03	   nan    	
 486 	2.429891e+03	6.626490e-09	0.000000e+00	7.444640e+03	   nan    	
 487 	2.434889e+03	6.628390e-09	0.000000e+00	7.449638e+03	   nan    	
 488 	2.439884e+03	6.569834e-09	0.000000e+00	7.454633e+03	   nan    	
 489 	2.444882e+03	6.620546e-09	0.000000e+00	7.459631e+03	   nan    	
 490 	2.449886e+03	6.683371e-09	0.000000e+00	7.464635e+03	   nan    	
 491 	2.454889e+03	6.714393e-09	0.000000e+00	7.469638e+03	   nan    	
 492 	2.459886e+03	6.707057e-09	0.000000e+00	7.474635e+03	   nan    	
 493 	2.464882e+03	6.776703e-09	0.000000e+00	7.479631e+03	   nan    	
 494 	2.469880e+03	6.696561e-09	0.000000e+00	7.484629e+03	   nan    	
 495 	2.474881e+03	6.798542e-09	0.000000e+00	7.489630e+03	   nan    	
 496 	2.479882e+03	6.714139e-09	0.000000e+00	7.494631e+03	   nan    	
 497 	2.484879e+03	6.678514e-09	0.000000e+00	7.499628e+03	   nan    	
