# Step 	    Time    	  Current   	  Voltage   	Absolute time	Temperature 	
#   i  	     s      	     A      	     V      	     s      	     C      	
2022-11-10T17:00:59.334999
  0  	0.000000e+00	1.046536e-02	1.500000e+01	5.016263e+03	   nan    	
  1  	5.064000e+00	4.016556e-04	1.500000e+01	5.021327e+03	   nan    	
  2  	9.997000e+00	3.242777e-04	1.500000e+01	5.026260e+03	   nan    	
  3  	1.499900e+01	2.801576e-04	1.500000e+01	5.031262e+03	   nan    	
  4  	2.000000e+01	2.497893e-04	1.500000e+01	5.036263e+03	   nan    	
  5  	2.499500e+01	2.318783e-04	1.500000e+01	5.041258e+03	   nan    	
  6  	2.999000e+01	2.123130e-04	1.500000e+01	5.046253e+03	   nan    	
  7  	3.499000e+01	2.005349e-04	1.500000e+01	5.051253e+03	   nan    	
  8  	3.998400e+01	1.889898e-04	1.500000e+01	5.056247e+03	   nan    	
  9  	4.498200e+01	1.766791e-04	1.500000e+01	5.061245e+03	   nan    	
 10  	4.998400e+01	1.750163e-04	1.500000e+01	5.066247e+03	   nan    	
 11  	5.498800e+01	1.660940e-04	1.500000e+01	5.071251e+03	   nan    	
 12  	5.999200e+01	1.556632e-04	1.500000e+01	5.076255e+03	   nan    	
 13  	6.499100e+01	1.518400e-04	1.500000e+01	5.081254e+03	   nan    	
 14  	6.999000e+01	1.536799e-04	1.500000e+01	5.086253e+03	   nan    	
 15  	7.499200e+01	1.443628e-04	1.500000e+01	5.091255e+03	   nan    	
 16  	7.999200e+01	1.401978e-04	1.500000e+01	5.096255e+03	   nan    	
 17  	8.498600e+01	1.355492e-04	1.500000e+01	5.101249e+03	   nan    	
 18  	8.998100e+01	1.326931e-04	1.500000e+01	5.106244e+03	   nan    	
 19  	9.497800e+01	1.291837e-04	1.500000e+01	5.111241e+03	   nan    	
 20  	9.998000e+01	1.255860e-04	1.500000e+01	5.116243e+03	   nan    	
 21  	1.049800e+02	1.245755e-04	1.500000e+01	5.121243e+03	   nan    	
 22  	1.099820e+02	1.265959e-04	1.500000e+01	5.126245e+03	   nan    	
 23  	1.149840e+02	1.213937e-04	1.500000e+01	5.131247e+03	   nan    	
 24  	1.199770e+02	1.178648e-04	1.500000e+01	5.136240e+03	   nan    	
 25  	1.249790e+02	1.152625e-04	1.500000e+01	5.141242e+03	   nan    	
 26  	1.299720e+02	1.132029e-04	1.500000e+01	5.146235e+03	   nan    	
 27  	1.349680e+02	1.098343e-04	1.500000e+01	5.151231e+03	   nan    	
 28  	1.399700e+02	1.090635e-04	1.500000e+01	5.156233e+03	   nan    	
 29  	1.449730e+02	1.054755e-04	1.500000e+01	5.161236e+03	   nan    	
 30  	1.499760e+02	1.044039e-04	1.500000e+01	5.166239e+03	   nan    	
 31  	1.549780e+02	1.022796e-04	1.500000e+01	5.171241e+03	   nan    	
 32  	1.599760e+02	1.000515e-04	1.500000e+01	5.176239e+03	   nan    	
 33  	1.650440e+02	9.921465e-05	1.500000e+01	5.181307e+03	   nan    	
 34  	1.699680e+02	9.822809e-05	1.500000e+01	5.186231e+03	   nan    	
 35  	1.749640e+02	9.816516e-05	1.500000e+01	5.191227e+03	   nan    	
 36  	1.799660e+02	9.654598e-05	1.500000e+01	5.196229e+03	   nan    	
 37  	1.849730e+02	9.428336e-05	1.500000e+01	5.201236e+03	   nan    	
 38  	1.899590e+02	9.766965e-05	1.500000e+01	5.206222e+03	   nan    	
 39  	1.949620e+02	9.730358e-05	1.500000e+01	5.211225e+03	   nan    	
 40  	1.999640e+02	9.623785e-05	1.500000e+01	5.216227e+03	   nan    	
 41  	2.049570e+02	9.704586e-05	1.500000e+01	5.221220e+03	   nan    	
 42  	2.099560e+02	9.650250e-05	1.500000e+01	5.226219e+03	   nan    	
 43  	2.149510e+02	9.570658e-05	1.500000e+01	5.231214e+03	   nan    	
 44  	2.199470e+02	9.429176e-05	1.500000e+01	5.236210e+03	   nan    	
 45  	2.249430e+02	9.369457e-05	1.500000e+01	5.241206e+03	   nan    	
 46  	2.299450e+02	9.048402e-05	1.500000e+01	5.246208e+03	   nan    	
 47  	2.349420e+02	9.166587e-05	1.500000e+01	5.251205e+03	   nan    	
 48  	2.399370e+02	8.842039e-05	1.500000e+01	5.256200e+03	   nan    	
 49  	2.449320e+02	8.711396e-05	1.500000e+01	5.261195e+03	   nan    	
 50  	2.499330e+02	8.911989e-05	1.500000e+01	5.266196e+03	   nan    	
 51  	2.549300e+02	9.338335e-05	1.500000e+01	5.271193e+03	   nan    	
 52  	2.599240e+02	9.053645e-05	1.500000e+01	5.276187e+03	   nan    	
 53  	2.649250e+02	8.941054e-05	1.500000e+01	5.281188e+03	   nan    	
 54  	2.699260e+02	8.626537e-05	1.500000e+01	5.286189e+03	   nan    	
 55  	2.749280e+02	8.622262e-05	1.500000e+01	5.291191e+03	   nan    	
 56  	2.799240e+02	8.856579e-05	1.500000e+01	5.296187e+03	   nan    	
 57  	2.849250e+02	8.957282e-05	1.500000e+01	5.301188e+03	   nan    	
 58  	2.899250e+02	8.697258e-05	1.500000e+01	5.306188e+03	   nan    	
 59  	2.949240e+02	8.597114e-05	1.500000e+01	5.311187e+03	   nan    	
 60  	2.999200e+02	8.700645e-05	1.500000e+01	5.316183e+03	   nan    	
 61  	3.049220e+02	8.630480e-05	1.500000e+01	5.321185e+03	   nan    	
 62  	3.099220e+02	8.512325e-05	1.500000e+01	5.326185e+03	   nan    	
 63  	3.149240e+02	8.766112e-05	1.500000e+01	5.331187e+03	   nan    	
 64  	3.199240e+02	8.505733e-05	1.500000e+01	5.336187e+03	   nan    	
 65  	3.249220e+02	8.460849e-05	1.500000e+01	5.341185e+03	   nan    	
 66  	3.299210e+02	8.253328e-05	1.500000e+01	5.346184e+03	   nan    	
 67  	3.349210e+02	8.322644e-05	1.500000e+01	5.351184e+03	   nan    	
 68  	3.399210e+02	8.111576e-05	1.500000e+01	5.356184e+03	   nan    	
 69  	3.449190e+02	8.356828e-05	1.500000e+01	5.361182e+03	   nan    	
 70  	3.499190e+02	8.335633e-05	1.500000e+01	5.366182e+03	   nan    	
 71  	3.549210e+02	8.152971e-05	1.500000e+01	5.371184e+03	   nan    	
 72  	3.599250e+02	8.191447e-05	1.500000e+01	5.376188e+03	   nan    	
 73  	3.649280e+02	8.068208e-05	1.500000e+01	5.381191e+03	   nan    	
 74  	3.699230e+02	7.817021e-05	1.500000e+01	5.386186e+03	   nan    	
 75  	3.749240e+02	7.790197e-05	1.500000e+01	5.391187e+03	   nan    	
 76  	3.799170e+02	7.817351e-05	1.500000e+01	5.396180e+03	   nan    	
 77  	3.849210e+02	7.699769e-05	1.500000e+01	5.401184e+03	   nan    	
 78  	3.899240e+02	7.660487e-05	1.500000e+01	5.406187e+03	   nan    	
 79  	3.949210e+02	7.567637e-05	1.500000e+01	5.411184e+03	   nan    	
 80  	3.999170e+02	7.324141e-05	1.500000e+01	5.416180e+03	   nan    	
 81  	4.049130e+02	7.369433e-05	1.500000e+01	5.421176e+03	   nan    	
 82  	4.099130e+02	7.403715e-05	1.500000e+01	5.426176e+03	   nan    	
 83  	4.149160e+02	7.245421e-05	1.500000e+01	5.431179e+03	   nan    	
 84  	4.199160e+02	7.501433e-05	1.500000e+01	5.436179e+03	   nan    	
 85  	4.249120e+02	7.380109e-05	1.500000e+01	5.441175e+03	   nan    	
 86  	4.299120e+02	7.272049e-05	1.500000e+01	5.446175e+03	   nan    	
 87  	4.349110e+02	7.248500e-05	1.500000e+01	5.451174e+03	   nan    	
 88  	4.399060e+02	7.236813e-05	1.500000e+01	5.456169e+03	   nan    	
 89  	4.449030e+02	7.300176e-05	1.500000e+01	5.461166e+03	   nan    	
 90  	4.499060e+02	7.254096e-05	1.500000e+01	5.466169e+03	   nan    	
 91  	4.549020e+02	7.156104e-05	1.500000e+01	5.471165e+03	   nan    	
 92  	4.599030e+02	7.285175e-05	1.500000e+01	5.476166e+03	   nan    	
 93  	4.649030e+02	7.041166e-05	1.500000e+01	5.481166e+03	   nan    	
 94  	4.698980e+02	7.211663e-05	1.500000e+01	5.486161e+03	   nan    	
 95  	4.748990e+02	7.291306e-05	1.500000e+01	5.491162e+03	   nan    	
 96  	4.798950e+02	7.107596e-05	1.500000e+01	5.496158e+03	   nan    	
 97  	4.848900e+02	7.058890e-05	1.500000e+01	5.501153e+03	   nan    	
 98  	4.898920e+02	7.108342e-05	1.500000e+01	5.506155e+03	   nan    	
 99  	4.948870e+02	7.142489e-05	1.500000e+01	5.511150e+03	   nan    	
 100 	4.998880e+02	7.084251e-05	1.500000e+01	5.516151e+03	   nan    	
 101 	5.048880e+02	6.857359e-05	1.500000e+01	5.521151e+03	   nan    	
 102 	5.098860e+02	6.963679e-05	1.500000e+01	5.526149e+03	   nan    	
 103 	5.148890e+02	6.897462e-05	1.500000e+01	5.531152e+03	   nan    	
 104 	5.198900e+02	6.937111e-05	1.500000e+01	5.536153e+03	   nan    	
 105 	5.248870e+02	6.784913e-05	1.500000e+01	5.541150e+03	   nan    	
 106 	5.298830e+02	6.920380e-05	1.500000e+01	5.546146e+03	   nan    	
 107 	5.348830e+02	6.898386e-05	1.500000e+01	5.551146e+03	   nan    	
 108 	5.398850e+02	6.799977e-05	1.500000e+01	5.556148e+03	   nan    	
 109 	5.448830e+02	7.239150e-05	1.500000e+01	5.561146e+03	   nan    	
 110 	5.498760e+02	7.184270e-05	1.500000e+01	5.566139e+03	   nan    	
 111 	5.548700e+02	7.075848e-05	1.500000e+01	5.571133e+03	   nan    	
 112 	5.598660e+02	7.147688e-05	1.500000e+01	5.576129e+03	   nan    	
 113 	5.648670e+02	6.971959e-05	1.500000e+01	5.581130e+03	   nan    	
 114 	5.698670e+02	6.773119e-05	1.500000e+01	5.586130e+03	   nan    	
 115 	5.748650e+02	6.750249e-05	1.500000e+01	5.591128e+03	   nan    	
 116 	5.798640e+02	6.761164e-05	1.500000e+01	5.596127e+03	   nan    	
 117 	5.848650e+02	6.728938e-05	1.500000e+01	5.601128e+03	   nan    	
 118 	5.898620e+02	7.191282e-05	1.500000e+01	5.606125e+03	   nan    	
 119 	5.948610e+02	6.576012e-05	1.500000e+01	5.611124e+03	   nan    	
 120 	5.998600e+02	6.430537e-05	1.500000e+01	5.616123e+03	   nan    	
 121 	6.048560e+02	6.496231e-05	1.500000e+01	5.621119e+03	   nan    	
 122 	6.098520e+02	6.423298e-05	1.500000e+01	5.626115e+03	   nan    	
 123 	6.148480e+02	6.613600e-05	1.500000e+01	5.631111e+03	   nan    	
 124 	6.198450e+02	6.623747e-05	1.500000e+01	5.636108e+03	   nan    	
 125 	6.248400e+02	6.506017e-05	1.500000e+01	5.641103e+03	   nan    	
 126 	6.298320e+02	6.566058e-05	1.500000e+01	5.646095e+03	   nan    	
 127 	6.348350e+02	6.528780e-05	1.500000e+01	5.651098e+03	   nan    	
 128 	6.398320e+02	6.385455e-05	1.500000e+01	5.656095e+03	   nan    	
 129 	6.448300e+02	6.444858e-05	1.500000e+01	5.661093e+03	   nan    	
 130 	6.498270e+02	6.889853e-05	1.500000e+01	5.666090e+03	   nan    	
 131 	6.548240e+02	6.631642e-05	1.500000e+01	5.671087e+03	   nan    	
 132 	6.598270e+02	6.576788e-05	1.500000e+01	5.676090e+03	   nan    	
 133 	6.648310e+02	6.342727e-05	1.500000e+01	5.681094e+03	   nan    	
 134 	6.698230e+02	6.273124e-05	1.500000e+01	5.686086e+03	   nan    	
 135 	6.748190e+02	6.280700e-05	1.500000e+01	5.691082e+03	   nan    	
 136 	6.798130e+02	6.279017e-05	1.500000e+01	5.696076e+03	   nan    	
 137 	6.848110e+02	6.125507e-05	1.500000e+01	5.701074e+03	   nan    	
 138 	6.898120e+02	6.720673e-05	1.500000e+01	5.706075e+03	   nan    	
 139 	6.948170e+02	6.477104e-05	1.500000e+01	5.711080e+03	   nan    	
 140 	6.998160e+02	6.555060e-05	1.500000e+01	5.716079e+03	   nan    	
 141 	7.048130e+02	6.716364e-05	1.500000e+01	5.721076e+03	   nan    	
 142 	7.098110e+02	6.421403e-05	1.500000e+01	5.726074e+03	   nan    	
 143 	7.148040e+02	6.373040e-05	1.500000e+01	5.731067e+03	   nan    	
 144 	7.198060e+02	6.357038e-05	1.500000e+01	5.736069e+03	   nan    	
 145 	7.248060e+02	6.218616e-05	1.500000e+01	5.741069e+03	   nan    	
 146 	7.298000e+02	6.243006e-05	1.500000e+01	5.746063e+03	   nan    	
 147 	7.348020e+02	6.228746e-05	1.500000e+01	5.751065e+03	   nan    	
 148 	7.398000e+02	6.286395e-05	1.500000e+01	5.756063e+03	   nan    	
 149 	7.447990e+02	6.294289e-05	1.500000e+01	5.761062e+03	   nan    	
 150 	7.498000e+02	6.303436e-05	1.500000e+01	5.766063e+03	   nan    	
 151 	7.547960e+02	6.238411e-05	1.500000e+01	5.771059e+03	   nan    	
 152 	7.597950e+02	6.174971e-05	1.500000e+01	5.776058e+03	   nan    	
 153 	7.647970e+02	6.404747e-05	1.500000e+01	5.781060e+03	   nan    	
 154 	7.697980e+02	6.337878e-05	1.500000e+01	5.786061e+03	   nan    	
 155 	7.747980e+02	6.242383e-05	1.500000e+01	5.791061e+03	   nan    	
 156 	7.797960e+02	6.185883e-05	1.500000e+01	5.796059e+03	   nan    	
 157 	7.847980e+02	6.736038e-05	1.500000e+01	5.801061e+03	   nan    	
 158 	7.897960e+02	6.582604e-05	1.500000e+01	5.806059e+03	   nan    	
 159 	7.947990e+02	6.928837e-05	1.500000e+01	5.811062e+03	   nan    	
 160 	7.997940e+02	6.634886e-05	1.500000e+01	5.816057e+03	   nan    	
 161 	8.047930e+02	6.446690e-05	1.500000e+01	5.821056e+03	   nan    	
 162 	8.097880e+02	6.719419e-05	1.500000e+01	5.826051e+03	   nan    	
 163 	8.147890e+02	6.879363e-05	1.500000e+01	5.831052e+03	   nan    	
 164 	8.197830e+02	6.836349e-05	1.500000e+01	5.836046e+03	   nan    	
 165 	8.247800e+02	6.632468e-05	1.500000e+01	5.841043e+03	   nan    	
 166 	8.297830e+02	6.583978e-05	1.500000e+01	5.846046e+03	   nan    	
 167 	8.347840e+02	6.365829e-05	1.500000e+01	5.851047e+03	   nan    	
 168 	8.397830e+02	6.415548e-05	1.500000e+01	5.856046e+03	   nan    	
 169 	8.447800e+02	6.207355e-05	1.500000e+01	5.861043e+03	   nan    	
 170 	8.497770e+02	6.185321e-05	1.500000e+01	5.866040e+03	   nan    	
 171 	8.547780e+02	6.393955e-05	1.500000e+01	5.871041e+03	   nan    	
 172 	8.597730e+02	6.351473e-05	1.500000e+01	5.876036e+03	   nan    	
 173 	8.647760e+02	6.455493e-05	1.500000e+01	5.881039e+03	   nan    	
 174 	8.697780e+02	6.391748e-05	1.500000e+01	5.886041e+03	   nan    	
 175 	8.747760e+02	6.400725e-05	1.500000e+01	5.891039e+03	   nan    	
 176 	8.797890e+02	6.128421e-05	1.500000e+01	5.896052e+03	   nan    	
 177 	8.847820e+02	5.947060e-05	1.500000e+01	5.901045e+03	   nan    	
 178 	8.897800e+02	5.889654e-05	1.500000e+01	5.906043e+03	   nan    	
 179 	8.947800e+02	5.804899e-05	1.500000e+01	5.911043e+03	   nan    	
 180 	8.997790e+02	5.734194e-05	1.500000e+01	5.916042e+03	   nan    	
 181 	9.047730e+02	5.666812e-05	1.500000e+01	5.921036e+03	   nan    	
 182 	9.097690e+02	5.657124e-05	1.500000e+01	5.926032e+03	   nan    	
 183 	9.147640e+02	5.703435e-05	1.500000e+01	5.931027e+03	   nan    	
 184 	9.197660e+02	5.750338e-05	1.500000e+01	5.936029e+03	   nan    	
 185 	9.247620e+02	5.717238e-05	1.500000e+01	5.941025e+03	   nan    	
 186 	9.297580e+02	5.737520e-05	1.500000e+01	5.946021e+03	   nan    	
 187 	9.347610e+02	5.652742e-05	1.500000e+01	5.951024e+03	   nan    	
 188 	9.397600e+02	5.658126e-05	1.500000e+01	5.956023e+03	   nan    	
 189 	9.447560e+02	5.829625e-05	1.500000e+01	5.961019e+03	   nan    	
 190 	9.497530e+02	5.839100e-05	1.500000e+01	5.966016e+03	   nan    	
 191 	9.547560e+02	6.505378e-05	1.500000e+01	5.971019e+03	   nan    	
 192 	9.597540e+02	6.385183e-05	1.500000e+01	5.976017e+03	   nan    	
 193 	9.647510e+02	6.349327e-05	1.500000e+01	5.981014e+03	   nan    	
 194 	9.697480e+02	6.283433e-05	1.500000e+01	5.986011e+03	   nan    	
 195 	9.747480e+02	6.477778e-05	1.500000e+01	5.991011e+03	   nan    	
 196 	9.797440e+02	6.414890e-05	1.500000e+01	5.996007e+03	   nan    	
 197 	9.847470e+02	6.240138e-05	1.500000e+01	6.001010e+03	   nan    	
 198 	9.897510e+02	6.355729e-05	1.500000e+01	6.006014e+03	   nan    	
 199 	9.947460e+02	6.512913e-05	1.500000e+01	6.011009e+03	   nan    	
 200 	9.997490e+02	6.370176e-05	1.500000e+01	6.016012e+03	   nan    	
 201 	1.004749e+03	6.424818e-05	1.500000e+01	6.021012e+03	   nan    	
 202 	1.009746e+03	6.365021e-05	1.500000e+01	6.026009e+03	   nan    	
 203 	1.014744e+03	6.249044e-05	1.500000e+01	6.031007e+03	   nan    	
 204 	1.019740e+03	6.098538e-05	1.500000e+01	6.036003e+03	   nan    	
 205 	1.024742e+03	6.205220e-05	1.500000e+01	6.041005e+03	   nan    	
 206 	1.029741e+03	6.142336e-05	1.500000e+01	6.046004e+03	   nan    	
 207 	1.034742e+03	6.290086e-05	1.500000e+01	6.051005e+03	   nan    	
 208 	1.039738e+03	6.198513e-05	1.500000e+01	6.056001e+03	   nan    	
 209 	1.044741e+03	6.139901e-05	1.500000e+01	6.061004e+03	   nan    	
 210 	1.049739e+03	6.054334e-05	1.500000e+01	6.066002e+03	   nan    	
 211 	1.054734e+03	6.037006e-05	1.500000e+01	6.070997e+03	   nan    	
 212 	1.059737e+03	6.291882e-05	1.500000e+01	6.076000e+03	   nan    	
 213 	1.064735e+03	6.113102e-05	1.500000e+01	6.080998e+03	   nan    	
 214 	1.069736e+03	6.091690e-05	1.500000e+01	6.085999e+03	   nan    	
 215 	1.074734e+03	5.904866e-05	1.500000e+01	6.090997e+03	   nan    	
 216 	1.079737e+03	5.894299e-05	1.500000e+01	6.096000e+03	   nan    	
 217 	1.084736e+03	5.956345e-05	1.500000e+01	6.100999e+03	   nan    	
 218 	1.089738e+03	5.945462e-05	1.500000e+01	6.106001e+03	   nan    	
 219 	1.094731e+03	5.899778e-05	1.500000e+01	6.110994e+03	   nan    	
 220 	1.099732e+03	5.799497e-05	1.500000e+01	6.115995e+03	   nan    	
 221 	1.104733e+03	5.813138e-05	1.500000e+01	6.120996e+03	   nan    	
 222 	1.109730e+03	5.698849e-05	1.500000e+01	6.125993e+03	   nan    	
 223 	1.114732e+03	5.994111e-05	1.500000e+01	6.130995e+03	   nan    	
 224 	1.119734e+03	5.889437e-05	1.500000e+01	6.135997e+03	   nan    	
 225 	1.124736e+03	5.931877e-05	1.500000e+01	6.140999e+03	   nan    	
 226 	1.129735e+03	5.886001e-05	1.500000e+01	6.145998e+03	   nan    	
 227 	1.134738e+03	5.922722e-05	1.500000e+01	6.151001e+03	   nan    	
 228 	1.139739e+03	6.001575e-05	1.500000e+01	6.156002e+03	   nan    	
 229 	1.144741e+03	5.937959e-05	1.500000e+01	6.161004e+03	   nan    	
 230 	1.149741e+03	5.939335e-05	1.500000e+01	6.166004e+03	   nan    	
 231 	1.154736e+03	5.921003e-05	1.500000e+01	6.170999e+03	   nan    	
 232 	1.159736e+03	5.963177e-05	1.500000e+01	6.175999e+03	   nan    	
 233 	1.164733e+03	6.063930e-05	1.500000e+01	6.180996e+03	   nan    	
 234 	1.169734e+03	5.915419e-05	1.500000e+01	6.185997e+03	   nan    	
 235 	1.174734e+03	5.854502e-05	1.500000e+01	6.190997e+03	   nan    	
 236 	1.179730e+03	5.862217e-05	1.500000e+01	6.195993e+03	   nan    	
 237 	1.184730e+03	5.769730e-05	1.500000e+01	6.200993e+03	   nan    	
 238 	1.189728e+03	5.749771e-05	1.500000e+01	6.205991e+03	   nan    	
 239 	1.194735e+03	5.629356e-05	1.500000e+01	6.210998e+03	   nan    	
 240 	1.199734e+03	5.694092e-05	1.500000e+01	6.215997e+03	   nan    	
 241 	1.204727e+03	5.653098e-05	1.500000e+01	6.220990e+03	   nan    	
 242 	1.209728e+03	5.606512e-05	1.500000e+01	6.225991e+03	   nan    	
 243 	1.214727e+03	5.575792e-05	1.500000e+01	6.230990e+03	   nan    	
 244 	1.219730e+03	5.632862e-05	1.500000e+01	6.235993e+03	   nan    	
 245 	1.224723e+03	5.629678e-05	1.500000e+01	6.240986e+03	   nan    	
 246 	1.229722e+03	5.598877e-05	1.500000e+01	6.245985e+03	   nan    	
 247 	1.234720e+03	5.708535e-05	1.500000e+01	6.250983e+03	   nan    	
 248 	1.239716e+03	5.611303e-05	1.500000e+01	6.255979e+03	   nan    	
 249 	1.244716e+03	5.544991e-05	1.500000e+01	6.260979e+03	   nan    	
 250 	1.249719e+03	5.673928e-05	1.500000e+01	6.265982e+03	   nan    	
 251 	1.254713e+03	5.568660e-05	1.500000e+01	6.270976e+03	   nan    	
 252 	1.259713e+03	5.502068e-05	1.500000e+01	6.275976e+03	   nan    	
 253 	1.264707e+03	5.436316e-05	1.500000e+01	6.280970e+03	   nan    	
 254 	1.269709e+03	5.470245e-05	1.500000e+01	6.285972e+03	   nan    	
 255 	1.274709e+03	5.436304e-05	1.500000e+01	6.290972e+03	   nan    	
 256 	1.279711e+03	5.399605e-05	1.500000e+01	6.295974e+03	   nan    	
 257 	1.284711e+03	5.510388e-05	1.500000e+01	6.300974e+03	   nan    	
 258 	1.289706e+03	5.434262e-05	1.500000e+01	6.305969e+03	   nan    	
 259 	1.294700e+03	5.432233e-05	1.500000e+01	6.310963e+03	   nan    	
 260 	1.299698e+03	5.413984e-05	1.500000e+01	6.315961e+03	   nan    	
 261 	1.304695e+03	5.382081e-05	1.500000e+01	6.320958e+03	   nan    	
 262 	1.309693e+03	5.396731e-05	1.500000e+01	6.325956e+03	   nan    	
 263 	1.314691e+03	5.443215e-05	1.500000e+01	6.330954e+03	   nan    	
 264 	1.319688e+03	5.411114e-05	1.500000e+01	6.335951e+03	   nan    	
 265 	1.324687e+03	5.498828e-05	1.500000e+01	6.340950e+03	   nan    	
 266 	1.329682e+03	5.515439e-05	1.500000e+01	6.345945e+03	   nan    	
 267 	1.334685e+03	5.432350e-05	1.500000e+01	6.350948e+03	   nan    	
 268 	1.339686e+03	5.476372e-05	1.500000e+01	6.355949e+03	   nan    	
 269 	1.344680e+03	5.466630e-05	1.500000e+01	6.360943e+03	   nan    	
 270 	1.349681e+03	5.455231e-05	1.500000e+01	6.365944e+03	   nan    	
 271 	1.354676e+03	5.384453e-05	1.500000e+01	6.370939e+03	   nan    	
 272 	1.359676e+03	5.339098e-05	1.500000e+01	6.375939e+03	   nan    	
 273 	1.364676e+03	5.293411e-05	1.500000e+01	6.380939e+03	   nan    	
 274 	1.369678e+03	5.339877e-05	1.500000e+01	6.385941e+03	   nan    	
 275 	1.374673e+03	5.305993e-05	1.500000e+01	6.390936e+03	   nan    	
 276 	1.379671e+03	5.276178e-05	1.500000e+01	6.395934e+03	   nan    	
 277 	1.384673e+03	5.259693e-05	1.500000e+01	6.400936e+03	   nan    	
 278 	1.389670e+03	5.310876e-05	1.500000e+01	6.405933e+03	   nan    	
 279 	1.394672e+03	5.218595e-05	1.500000e+01	6.410935e+03	   nan    	
 280 	1.399666e+03	5.265237e-05	1.500000e+01	6.415929e+03	   nan    	
 281 	1.404661e+03	5.422572e-05	1.500000e+01	6.420924e+03	   nan    	
 282 	1.409659e+03	5.483372e-05	1.500000e+01	6.425922e+03	   nan    	
 283 	1.414658e+03	5.508320e-05	1.500000e+01	6.430921e+03	   nan    	
 284 	1.419650e+03	5.597146e-05	1.500000e+01	6.435913e+03	   nan    	
 285 	1.424650e+03	5.597205e-05	1.500000e+01	6.440913e+03	   nan    	
 286 	1.429650e+03	5.815460e-05	1.500000e+01	6.445913e+03	   nan    	
 287 	1.434650e+03	5.680912e-05	1.500000e+01	6.450913e+03	   nan    	
 288 	1.439648e+03	5.578915e-05	1.500000e+01	6.455911e+03	   nan    	
 289 	1.444644e+03	5.632782e-05	1.500000e+01	6.460907e+03	   nan    	
 290 	1.449640e+03	5.531650e-05	1.500000e+01	6.465903e+03	   nan    	
 291 	1.454635e+03	5.413503e-05	1.500000e+01	6.470898e+03	   nan    	
 292 	1.459636e+03	5.611725e-05	1.500000e+01	6.475899e+03	   nan    	
 293 	1.464633e+03	5.510317e-05	1.500000e+01	6.480896e+03	   nan    	
 294 	1.469630e+03	5.490569e-05	1.500000e+01	6.485893e+03	   nan    	
 295 	1.474630e+03	5.486228e-05	1.500000e+01	6.490893e+03	   nan    	
 296 	1.479634e+03	5.368183e-05	1.500000e+01	6.495897e+03	   nan    	
 297 	1.484636e+03	5.376985e-05	1.500000e+01	6.500899e+03	   nan    	
 298 	1.489635e+03	5.325743e-05	1.500000e+01	6.505898e+03	   nan    	
 299 	1.494631e+03	5.393511e-05	1.500000e+01	6.510894e+03	   nan    	
 300 	1.499626e+03	5.341536e-05	1.500000e+01	6.515889e+03	   nan    	
 301 	1.504631e+03	5.316152e-05	1.500000e+01	6.520894e+03	   nan    	
 302 	1.509631e+03	5.745431e-05	1.500000e+01	6.525894e+03	   nan    	
 303 	1.514626e+03	5.799662e-05	1.500000e+01	6.530889e+03	   nan    	
 304 	1.519626e+03	5.818153e-05	1.500000e+01	6.535889e+03	   nan    	
 305 	1.524622e+03	5.745939e-05	1.500000e+01	6.540885e+03	   nan    	
 306 	1.529624e+03	5.740467e-05	1.500000e+01	6.545887e+03	   nan    	
 307 	1.534620e+03	5.643535e-05	1.500000e+01	6.550883e+03	   nan    	
 308 	1.539619e+03	5.532890e-05	1.500000e+01	6.555882e+03	   nan    	
 309 	1.544622e+03	5.578109e-05	1.500000e+01	6.560885e+03	   nan    	
 310 	1.549620e+03	5.608833e-05	1.500000e+01	6.565883e+03	   nan    	
 311 	1.554617e+03	5.515021e-05	1.500000e+01	6.570880e+03	   nan    	
 312 	1.559616e+03	5.605048e-05	1.500000e+01	6.575879e+03	   nan    	
 313 	1.564612e+03	5.715929e-05	1.500000e+01	6.580875e+03	   nan    	
 314 	1.569607e+03	5.615405e-05	1.500000e+01	6.585870e+03	   nan    	
 315 	1.574607e+03	5.427215e-05	1.500000e+01	6.590870e+03	   nan    	
 316 	1.579608e+03	5.487320e-05	1.500000e+01	6.595871e+03	   nan    	
 317 	1.584605e+03	5.468579e-05	1.500000e+01	6.600868e+03	   nan    	
 318 	1.589602e+03	5.351654e-05	1.500000e+01	6.605865e+03	   nan    	
 319 	1.594602e+03	5.402627e-05	1.500000e+01	6.610865e+03	   nan    	
 320 	1.599600e+03	5.340898e-05	1.500000e+01	6.615863e+03	   nan    	
 321 	1.604597e+03	5.366729e-05	1.500000e+01	6.620860e+03	   nan    	
 322 	1.609599e+03	5.392539e-05	1.500000e+01	6.625862e+03	   nan    	
 323 	1.614601e+03	5.299097e-05	1.500000e+01	6.630864e+03	   nan    	
 324 	1.619599e+03	5.221398e-05	1.500000e+01	6.635862e+03	   nan    	
 325 	1.624601e+03	5.237748e-05	1.500000e+01	6.640864e+03	   nan    	
 326 	1.629603e+03	5.276304e-05	1.500000e+01	6.645866e+03	   nan    	
 327 	1.634603e+03	5.245662e-05	1.500000e+01	6.650866e+03	   nan    	
 328 	1.639603e+03	5.301237e-05	1.500000e+01	6.655866e+03	   nan    	
 329 	1.644603e+03	5.295230e-05	1.500000e+01	6.660866e+03	   nan    	
 330 	1.649603e+03	5.349614e-05	1.500000e+01	6.665866e+03	   nan    	
 331 	1.654597e+03	5.257227e-05	1.500000e+01	6.670860e+03	   nan    	
 332 	1.659594e+03	5.243622e-05	1.500000e+01	6.675857e+03	   nan    	
 333 	1.664590e+03	5.257817e-05	1.500000e+01	6.680853e+03	   nan    	
 334 	1.669592e+03	5.212043e-05	1.500000e+01	6.685855e+03	   nan    	
 335 	1.674593e+03	5.234119e-05	1.500000e+01	6.690856e+03	   nan    	
 336 	1.679588e+03	5.179317e-05	1.500000e+01	6.695851e+03	   nan    	
 337 	1.684584e+03	5.186529e-05	1.500000e+01	6.700847e+03	   nan    	
 338 	1.689578e+03	5.146694e-05	1.500000e+01	6.705841e+03	   nan    	
 339 	1.694581e+03	5.059227e-05	1.500000e+01	6.710844e+03	   nan    	
 340 	1.699576e+03	5.050334e-05	1.500000e+01	6.715839e+03	   nan    	
 341 	1.704577e+03	5.231400e-05	1.500000e+01	6.720840e+03	   nan    	
 342 	1.709581e+03	5.180497e-05	1.500000e+01	6.725844e+03	   nan    	
 343 	1.714587e+03	5.183077e-05	1.500000e+01	6.730850e+03	   nan    	
 344 	1.719587e+03	5.216165e-05	1.500000e+01	6.735850e+03	   nan    	
 345 	1.724585e+03	5.312097e-05	1.500000e+01	6.740848e+03	   nan    	
 346 	1.729586e+03	5.242821e-05	1.500000e+01	6.745849e+03	   nan    	
 347 	1.734585e+03	5.136163e-05	1.500000e+01	6.750848e+03	   nan    	
 348 	1.739579e+03	5.198405e-05	1.500000e+01	6.755842e+03	   nan    	
 349 	1.744581e+03	5.326257e-05	1.500000e+01	6.760844e+03	   nan    	
 350 	1.749583e+03	5.226051e-05	1.500000e+01	6.765846e+03	   nan    	
 351 	1.754579e+03	5.199004e-05	1.500000e+01	6.770842e+03	   nan    	
 352 	1.759578e+03	5.126393e-05	1.500000e+01	6.775841e+03	   nan    	
 353 	1.764578e+03	5.083390e-05	1.500000e+01	6.780841e+03	   nan    	
 354 	1.769579e+03	5.119012e-05	1.500000e+01	6.785842e+03	   nan    	
 355 	1.774572e+03	5.094483e-05	1.500000e+01	6.790835e+03	   nan    	
 356 	1.779566e+03	5.105946e-05	1.500000e+01	6.795829e+03	   nan    	
 357 	1.784569e+03	5.090955e-05	1.500000e+01	6.800832e+03	   nan    	
 358 	1.789568e+03	5.096652e-05	1.500000e+01	6.805831e+03	   nan    	
 359 	1.794567e+03	5.154085e-05	1.500000e+01	6.810830e+03	   nan    	
 360 	1.799569e+03	5.136860e-05	1.500000e+01	6.815832e+03	   nan    	
 361 	1.804562e+03	5.094946e-05	1.500000e+01	6.820825e+03	   nan    	
 362 	1.809559e+03	5.491287e-05	1.500000e+01	6.825822e+03	   nan    	
 363 	1.814562e+03	5.396795e-05	1.500000e+01	6.830825e+03	   nan    	
 364 	1.819556e+03	5.358291e-05	1.500000e+01	6.835819e+03	   nan    	
 365 	1.824552e+03	5.389228e-05	1.500000e+01	6.840815e+03	   nan    	
 366 	1.829550e+03	5.238038e-05	1.500000e+01	6.845813e+03	   nan    	
 367 	1.834544e+03	5.193577e-05	1.500000e+01	6.850807e+03	   nan    	
 368 	1.839547e+03	5.180956e-05	1.500000e+01	6.855810e+03	   nan    	
 369 	1.844550e+03	5.127285e-05	1.500000e+01	6.860813e+03	   nan    	
 370 	1.849549e+03	5.031127e-05	1.500000e+01	6.865812e+03	   nan    	
 371 	1.854551e+03	5.051640e-05	1.500000e+01	6.870814e+03	   nan    	
 372 	1.859549e+03	5.122712e-05	1.500000e+01	6.875812e+03	   nan    	
 373 	1.864546e+03	5.097009e-05	1.500000e+01	6.880809e+03	   nan    	
 374 	1.869544e+03	5.016521e-05	1.500000e+01	6.885807e+03	   nan    	
 375 	1.874540e+03	4.996350e-05	1.500000e+01	6.890803e+03	   nan    	
 376 	1.879541e+03	4.929139e-05	1.500000e+01	6.895804e+03	   nan    	
 377 	1.884543e+03	4.946422e-05	1.500000e+01	6.900806e+03	   nan    	
 378 	1.889536e+03	4.915863e-05	1.500000e+01	6.905799e+03	   nan    	
 379 	1.894532e+03	4.910139e-05	1.500000e+01	6.910795e+03	   nan    	
 380 	1.899531e+03	4.899469e-05	1.500000e+01	6.915794e+03	   nan    	
 381 	1.904529e+03	4.846818e-05	1.500000e+01	6.920792e+03	   nan    	
 382 	1.909529e+03	4.950071e-05	1.500000e+01	6.925792e+03	   nan    	
 383 	1.914525e+03	5.035937e-05	1.500000e+01	6.930788e+03	   nan    	
 384 	1.919522e+03	5.009136e-05	1.500000e+01	6.935785e+03	   nan    	
 385 	1.924524e+03	5.183052e-05	1.500000e+01	6.940787e+03	   nan    	
 386 	1.929526e+03	5.109104e-05	1.500000e+01	6.945789e+03	   nan    	
 387 	1.934528e+03	5.052684e-05	1.500000e+01	6.950791e+03	   nan    	
 388 	1.939528e+03	5.137702e-05	1.500000e+01	6.955791e+03	   nan    	
 389 	1.944525e+03	5.113690e-05	1.500000e+01	6.960788e+03	   nan    	
 390 	1.949520e+03	5.130261e-05	1.500000e+01	6.965783e+03	   nan    	
 391 	1.954523e+03	5.064581e-05	1.500000e+01	6.970786e+03	   nan    	
 392 	1.959525e+03	5.032374e-05	1.500000e+01	6.975788e+03	   nan    	
 393 	1.964521e+03	4.927960e-05	1.500000e+01	6.980784e+03	   nan    	
 394 	1.969517e+03	4.951174e-05	1.500000e+01	6.985780e+03	   nan    	
 395 	1.974513e+03	4.922570e-05	1.500000e+01	6.990776e+03	   nan    	
 396 	1.979510e+03	4.916676e-05	1.500000e+01	6.995773e+03	   nan    	
 397 	1.984504e+03	4.913262e-05	1.500000e+01	7.000767e+03	   nan    	
 398 	1.989505e+03	4.917566e-05	1.500000e+01	7.005768e+03	   nan    	
 399 	1.994501e+03	4.840094e-05	1.500000e+01	7.010764e+03	   nan    	
 400 	1.999498e+03	4.801062e-05	1.500000e+01	7.015761e+03	   nan    	
 401 	2.004500e+03	4.773633e-05	1.500000e+01	7.020763e+03	   nan    	
 402 	2.009496e+03	4.757709e-05	1.500000e+01	7.025759e+03	   nan    	
 403 	2.014496e+03	4.781974e-05	1.500000e+01	7.030759e+03	   nan    	
 404 	2.019498e+03	4.723049e-05	1.500000e+01	7.035761e+03	   nan    	
 405 	2.024497e+03	4.702927e-05	1.500000e+01	7.040760e+03	   nan    	
 406 	2.029491e+03	4.707308e-05	1.500000e+01	7.045754e+03	   nan    	
 407 	2.034495e+03	4.763667e-05	1.500000e+01	7.050758e+03	   nan    	
 408 	2.039495e+03	4.725787e-05	1.500000e+01	7.055758e+03	   nan    	
 409 	2.044499e+03	4.917994e-05	1.500000e+01	7.060762e+03	   nan    	
 410 	2.049496e+03	4.867188e-05	1.500000e+01	7.065759e+03	   nan    	
 411 	2.054496e+03	4.866256e-05	1.500000e+01	7.070759e+03	   nan    	
 412 	2.059498e+03	4.837147e-05	1.500000e+01	7.075761e+03	   nan    	
 413 	2.064500e+03	4.837501e-05	1.500000e+01	7.080763e+03	   nan    	
 414 	2.069502e+03	4.835792e-05	1.500000e+01	7.085765e+03	   nan    	
 415 	2.074501e+03	4.752111e-05	1.500000e+01	7.090764e+03	   nan    	
 416 	2.079495e+03	4.712592e-05	1.500000e+01	7.095758e+03	   nan    	
 417 	2.084496e+03	4.725149e-05	1.500000e+01	7.100759e+03	   nan    	
 418 	2.089492e+03	4.740784e-05	1.500000e+01	7.105755e+03	   nan    	
 419 	2.094492e+03	4.673063e-05	1.500000e+01	7.110755e+03	   nan    	
 420 	2.099491e+03	4.672122e-05	1.500000e+01	7.115754e+03	   nan    	
 421 	2.104494e+03	4.727511e-05	1.500000e+01	7.120757e+03	   nan    	
 422 	2.109495e+03	4.760873e-05	1.500000e+01	7.125758e+03	   nan    	
 423 	2.114489e+03	4.779893e-05	1.500000e+01	7.130752e+03	   nan    	
 424 	2.119489e+03	4.702060e-05	1.500000e+01	7.135752e+03	   nan    	
 425 	2.124487e+03	4.684791e-05	1.500000e+01	7.140750e+03	   nan    	
 426 	2.129488e+03	4.636353e-05	1.500000e+01	7.145751e+03	   nan    	
 427 	2.134485e+03	4.630374e-05	1.500000e+01	7.150748e+03	   nan    	
 428 	2.139482e+03	4.613902e-05	1.500000e+01	7.155745e+03	   nan    	
 429 	2.144486e+03	4.652592e-05	1.500000e+01	7.160749e+03	   nan    	
 430 	2.149485e+03	4.657804e-05	1.500000e+01	7.165748e+03	   nan    	
 431 	2.154479e+03	4.605269e-05	1.500000e+01	7.170742e+03	   nan    	
 432 	2.159478e+03	4.593686e-05	1.500000e+01	7.175741e+03	   nan    	
 433 	2.164475e+03	4.565952e-05	1.500000e+01	7.180738e+03	   nan    	
 434 	2.169475e+03	4.619026e-05	1.500000e+01	7.185738e+03	   nan    	
 435 	2.174479e+03	4.605562e-05	1.500000e+01	7.190742e+03	   nan    	
 436 	2.179478e+03	4.794908e-05	1.500000e+01	7.195741e+03	   nan    	
 437 	2.184474e+03	4.735221e-05	1.500000e+01	7.200737e+03	   nan    	
 438 	2.189470e+03	4.697581e-05	1.500000e+01	7.205733e+03	   nan    	
 439 	2.194467e+03	4.628260e-05	1.500000e+01	7.210730e+03	   nan    	
 440 	2.199466e+03	4.604096e-05	1.500000e+01	7.215729e+03	   nan    	
 441 	2.204468e+03	4.559229e-05	1.500000e+01	7.220731e+03	   nan    	
 442 	2.209474e+03	4.625125e-05	1.500000e+01	7.225737e+03	   nan    	
 443 	2.214476e+03	4.535106e-05	1.500000e+01	7.230739e+03	   nan    	
 444 	2.219472e+03	4.600576e-05	1.500000e+01	7.235735e+03	   nan    	
 445 	2.224473e+03	4.612343e-05	1.500000e+01	7.240736e+03	   nan    	
 446 	2.229468e+03	4.626700e-05	1.500000e+01	7.245731e+03	   nan    	
 447 	2.234464e+03	4.640587e-05	1.500000e+01	7.250727e+03	   nan    	
 448 	2.239475e+03	4.515919e-05	1.500000e+01	7.255738e+03	   nan    	
 449 	2.244466e+03	5.196562e-05	1.500000e+01	7.260729e+03	   nan    	
 450 	2.249463e+03	5.124062e-05	1.500000e+01	7.265726e+03	   nan    	
 451 	2.254466e+03	4.939990e-05	1.500000e+01	7.270729e+03	   nan    	
 452 	2.259467e+03	4.920432e-05	1.500000e+01	7.275730e+03	   nan    	
 453 	2.264466e+03	4.891660e-05	1.500000e+01	7.280729e+03	   nan    	
 454 	2.269463e+03	5.086730e-05	1.500000e+01	7.285726e+03	   nan    	
 455 	2.274460e+03	4.965242e-05	1.500000e+01	7.290723e+03	   nan    	
 456 	2.279458e+03	4.858790e-05	1.500000e+01	7.295721e+03	   nan    	
 457 	2.284460e+03	4.891994e-05	1.500000e+01	7.300723e+03	   nan    	
 458 	2.289461e+03	4.849659e-05	1.500000e+01	7.305724e+03	   nan    	
 459 	2.294458e+03	4.781070e-05	1.500000e+01	7.310721e+03	   nan    	
 460 	2.299456e+03	4.880837e-05	1.500000e+01	7.315719e+03	   nan    	
 461 	2.304458e+03	4.871168e-05	1.500000e+01	7.320721e+03	   nan    	
 462 	2.309455e+03	5.282970e-05	1.500000e+01	7.325718e+03	   nan    	
 463 	2.314450e+03	5.225651e-05	1.500000e+01	7.330713e+03	   nan    	
 464 	2.319448e+03	5.177428e-05	1.500000e+01	7.335711e+03	   nan    	
 465 	2.324446e+03	5.112517e-05	1.500000e+01	7.340709e+03	   nan    	
 466 	2.329444e+03	5.012967e-05	1.500000e+01	7.345707e+03	   nan    	
 467 	2.334442e+03	5.088434e-05	1.500000e+01	7.350705e+03	   nan    	
 468 	2.339441e+03	4.997278e-05	1.500000e+01	7.355704e+03	   nan    	
 469 	2.344435e+03	4.926501e-05	1.500000e+01	7.360698e+03	   nan    	
 470 	2.349436e+03	4.908736e-05	1.500000e+01	7.365699e+03	   nan    	
 471 	2.354439e+03	4.996377e-05	1.500000e+01	7.370702e+03	   nan    	
 472 	2.359438e+03	4.938271e-05	1.500000e+01	7.375701e+03	   nan    	
 473 	2.364441e+03	4.874931e-05	1.500000e+01	7.380704e+03	   nan    	
 474 	2.369435e+03	4.857504e-05	1.500000e+01	7.385698e+03	   nan    	
 475 	2.374434e+03	4.920316e-05	1.500000e+01	7.390697e+03	   nan    	
 476 	2.379430e+03	5.022114e-05	1.500000e+01	7.395693e+03	   nan    	
 477 	2.384430e+03	5.010354e-05	1.500000e+01	7.400693e+03	   nan    	
 478 	2.389432e+03	5.019863e-05	1.500000e+01	7.405695e+03	   nan    	
 479 	2.394433e+03	4.902672e-05	1.500000e+01	7.410696e+03	   nan    	
 480 	2.399429e+03	4.823668e-05	1.500000e+01	7.415692e+03	   nan    	
 481 	2.404424e+03	4.839783e-05	1.500000e+01	7.420687e+03	   nan    	
 482 	2.409421e+03	4.817748e-05	1.500000e+01	7.425684e+03	   nan    	
 483 	2.414415e+03	4.772364e-05	1.500000e+01	7.430678e+03	   nan    	
 484 	2.419417e+03	4.742661e-05	1.500000e+01	7.435680e+03	   nan    	
 485 	2.424410e+03	4.729486e-05	1.500000e+01	7.440673e+03	   nan    	
 486 	2.429405e+03	4.677564e-05	1.500000e+01	7.445668e+03	   nan    	
 487 	2.434400e+03	4.614488e-05	1.500000e+01	7.450663e+03	   nan    	
 488 	2.439393e+03	4.651699e-05	1.500000e+01	7.455656e+03	   nan    	
 489 	2.444392e+03	4.572399e-05	1.500000e+01	7.460655e+03	   nan    	
 490 	2.449387e+03	4.583432e-05	1.500000e+01	7.465650e+03	   nan    	
 491 	2.454383e+03	4.521302e-05	1.500000e+01	7.470646e+03	   nan    	
 492 	2.459376e+03	4.601522e-05	1.500000e+01	7.475639e+03	   nan    	
 493 	2.464373e+03	4.559439e-05	1.500000e+01	7.480636e+03	   nan    	
 494 	2.469372e+03	4.537586e-05	1.500000e+01	7.485635e+03	   nan    	
 495 	2.474369e+03	4.598645e-05	1.500000e+01	7.490632e+03	   nan    	
 496 	2.479367e+03	4.596308e-05	1.500000e+01	7.495630e+03	   nan    	
 497 	2.484363e+03	4.520872e-05	1.500000e+01	7.500626e+03	   nan    	
 498 	2.489357e+03	4.516355e-05	1.500000e+01	7.505620e+03	   nan    	
 499 	2.494351e+03	4.453157e-05	1.500000e+01	7.510614e+03	   nan    	
 500 	2.499351e+03	4.491630e-05	1.500000e+01	7.515614e+03	   nan    	
 501 	2.504356e+03	4.497651e-05	1.500000e+01	7.520619e+03	   nan    	
 502 	2.509357e+03	4.501855e-05	1.500000e+01	7.525620e+03	   nan    	
 503 	2.514352e+03	4.522932e-05	1.500000e+01	7.530615e+03	   nan    	
 504 	2.519355e+03	4.570570e-05	1.500000e+01	7.535618e+03	   nan    	
 505 	2.524358e+03	4.783741e-05	1.500000e+01	7.540621e+03	   nan    	
 506 	2.529360e+03	4.656162e-05	1.500000e+01	7.545623e+03	   nan    	
 507 	2.534362e+03	4.688068e-05	1.500000e+01	7.550625e+03	   nan    	
 508 	2.539363e+03	4.700069e-05	1.500000e+01	7.555626e+03	   nan    	
 509 	2.544358e+03	4.713835e-05	1.500000e+01	7.560621e+03	   nan    	
 510 	2.549354e+03	4.652732e-05	1.500000e+01	7.565617e+03	   nan    	
 511 	2.554353e+03	4.626990e-05	1.500000e+01	7.570616e+03	   nan    	
 512 	2.559350e+03	4.621451e-05	1.500000e+01	7.575613e+03	   nan    	
 513 	2.564350e+03	4.579179e-05	1.500000e+01	7.580613e+03	   nan    	
 514 	2.569347e+03	4.511318e-05	1.500000e+01	7.585610e+03	   nan    	
 515 	2.574344e+03	4.628294e-05	1.500000e+01	7.590607e+03	   nan    	
 516 	2.579338e+03	4.653924e-05	1.500000e+01	7.595601e+03	   nan    	
 517 	2.584337e+03	4.620416e-05	1.500000e+01	7.600600e+03	   nan    	
 518 	2.589332e+03	4.698928e-05	1.500000e+01	7.605595e+03	   nan    	
 519 	2.594335e+03	4.632988e-05	1.500000e+01	7.610598e+03	   nan    	
 520 	2.599334e+03	4.616476e-05	1.500000e+01	7.615597e+03	   nan    	
 521 	2.604330e+03	4.656747e-05	1.500000e+01	7.620593e+03	   nan    	
 522 	2.609323e+03	4.597582e-05	1.500000e+01	7.625586e+03	   nan    	
 523 	2.614317e+03	5.464421e-05	1.500000e+01	7.630580e+03	   nan    	
 524 	2.619385e+03	5.000797e-02	1.500000e+01	7.635648e+03	   nan    	
 525 	2.624314e+03	5.000951e-02	1.500000e+01	7.640577e+03	   nan    	
 526 	2.629386e+03	4.739623e-05	1.500000e+01	7.645649e+03	   nan    	
 527 	2.634312e+03	4.965714e-05	1.500000e+01	7.650575e+03	   nan    	
 528 	2.639310e+03	4.908267e-05	1.500000e+01	7.655573e+03	   nan    	
 529 	2.644310e+03	4.640552e-05	1.500000e+01	7.660573e+03	   nan    	
 530 	2.649310e+03	4.813990e-05	1.500000e+01	7.665573e+03	   nan    	
 531 	2.654309e+03	4.720464e-05	1.500000e+01	7.670572e+03	   nan    	
 532 	2.659370e+03	5.000900e-02	1.500000e+01	7.675633e+03	   nan    	
 533 	2.664301e+03	5.000878e-02	1.500000e+01	7.680564e+03	   nan    	
 534 	2.669305e+03	5.000879e-02	1.500000e+01	7.685568e+03	   nan    	
 535 	2.674305e+03	5.000873e-02	1.500000e+01	7.690568e+03	   nan    	
