time,height,log(Hersey number)
s,mm,1
0,3.34100000000004,-1.57967619472489
0.00833333333333333,3.29900000000005,-1.47391114706679
0.0166666666666667,3.12400000000002,-1.64422336023308
0.025,3.13700000000006,-1.56872457843586
0.0333333333333333,3.08900000000001,-1.81176711903161
0.0416666666666667,3.11600000000001,-1.6409447924891
0.05,3.07100000000005,-1.781375608399
0.0583333333333333,3.02199999999997,-1.57653127580472
0.0666666666666667,2.81399999999998,-1.57063607156397
0.075,2.687,-1.80116720549367
0.0833333333333333,2.65800000000005,-1.66685260752854
0.0916666666666667,2.71200000000005,-1.83229880314376
0.1,2.83800000000001,-1.69000027959681
0.108333333333333,2.78100000000003,-1.57699187331443
0.116666666666667,2.31999999999999,-1.90298175463447
0.125,2.22699999999998,-1.65084617850665
0.133333333333333,2.23099999999998,-2.10303611450474
0.141666666666667,2.27600000000006,-1.87055676450938
0.15,2.12599999999996,-2.13002682770996
0.158333333333333,1.98100000000001,-1.98993295121803
0.166666666666667,2.04599999999999,-2.03376754128404
0.175,2.04000000000004,-2.21461123229686
0.183333333333333,1.74300000000005,-2.13717999358422
0.191666666666667,1.69600000000003,-2.2469343241849
0.2,1.84499999999999,-2.1859747197272
0.208333333333333,2.06200000000001,-2.12423822596448
0.216666666666667,1.911,-2.3865100578508
0.225,1.87000000000004,-2.20339291104144
0.233333333333333,1.76100000000001,-2.34743295887495
0.241666666666667,1.61,-2.37325737596124
0.25,1.58100000000006,-2.44998792911143
0.258333333333333,1.54299999999996,-2.60591266362041
0.266666666666667,1.54799999999999,-2.50559626643761
0.275,1.67099999999998,-2.64791339132763
0.283333333333333,1.56999999999996,-2.7330360766115
0.291666666666667,1.54399999999999,-2.75807013021054
0.3,1.54100000000002,-2.72953568314513
0.308333333333333,1.61500000000003,-2.63535992698711
0.316666666666667,1.73299999999998,-2.54479172679862
0.325,1.58199999999997,-2.65510903008376
0.333333333333333,1.46299999999999,-2.73233145170928
0.341666666666667,1.44500000000003,-2.52605808711603
0.35,1.48300000000001,-2.76963037267091
0.358333333333333,1.46400000000002,-2.68028640389613
0.366666666666667,1.43800000000005,-2.60329837093938
0.375,1.45899999999999,-2.67646167107289
0.383333333333333,1.39699999999998,-2.64201246455026
0.391666666666667,1.251,-2.70186699088023
0.4,1.42100000000001,-2.84109530101402
0.408333333333333,1.38400000000005,-2.70341628664413
0.416666666666667,1.26700000000002,-2.91857354127792
0.425,1.34599999999996,-2.94392981206775
0.433333333333333,1.13300000000005,-2.86444061924197
0.441666666666667,1.29100000000004,-3.04598752791206
0.45,1.26599999999999,-2.94766136581626
0.458333333333333,1.17500000000004,-3.04516554987737
0.466666666666667,0.998999999999972,-3.0691678399354
0.475,1.32100000000002,-3.31566102034578
0.483333333333333,1.29800000000002,-3.0950269075585
0.491666666666667,1.02000000000002,-3.11251115121253
0.5,0.997000000000026,-3.10983666809345
0.508333333333333,1.07400000000002,-3.21023374052684
0.516666666666667,1.33300000000003,-3.264374772433
0.525,1.13200000000002,-3.1131634235867
0.533333333333333,0.995999999999997,-3.15807967645781
0.541666666666667,0.919000000000003,-3.22854620341252
0.55,1.29400000000002,-3.31180249374889
0.558333333333333,1.25900000000001,-3.28989250846913
0.566666666666667,1.03900000000001,-3.24440793752331
0.575,1.26300000000001,-3.29338447148378
0.583333333333333,1.07900000000005,-3.26788971786681
0.591666666666667,1.09800000000004,-3.2555757886788
0.6,0.956999999999986,-3.21552050841722
0.608333333333333,1.162,-3.20242870140212
0.616666666666667,1.26899999999996,-3.23294437029558
0.625,0.963000000000047,-3.28456805369074
0.633333333333333,0.897000000000037,-3.2481243948184
0.641666666666667,1.29500000000005,-3.27958290970793
0.65,1.27900000000003,-3.21408389556762
0.658333333333333,0.937999999999994,-3.28772998396291
0.666666666666667,1.05600000000006,-3.16450803759295
0.675,1.02900000000006,-3.32014170357775
0.683333333333333,0.951000000000035,-3.28887068948794
0.691666666666667,0.861000000000001,-3.3195405071363
0.7,1.02999999999998,-3.33176844854305
0.708333333333333,1.11799999999995,-3.29865890118555
0.716666666666667,0.967999999999969,-3.5316978305658
0.725,0.892000000000004,-3.17723443708628
0.733333333333333,1.20299999999995,-3.47253048591405
0.741666666666667,1.04899999999997,-3.35176574343985
0.75,0.901000000000041,-3.38578051423662
0.758333333333333,0.827000000000022,-3.33958013421954
0.766666666666667,0.85500000000005,-3.29767625681728
0.775,0.904000000000016,-3.36515066264509
0.783333333333333,0.781999999999949,-3.32313295658919
0.791666666666667,0.789999999999957,-3.29481716032924
0.8,0.944999999999974,-3.23612519132608
0.808333333333333,0.869000000000009,-3.32362820835608
0.816666666666667,0.875999999999988,-3.34011791952763
0.825,0.811000000000006,-3.2624364301849
0.833333333333333,0.778000000000056,-3.30193407514154
0.841666666666667,0.990000000000046,-3.38214760428313
0.85,0.890999999999975,-3.3421002068715
0.858333333333333,0.646999999999953,-3.43971765005669
0.866666666666667,0.70899999999996,-3.37075363225826
0.875,0.711000000000017,-3.53401789644615
0.883333333333333,0.692000000000026,-3.43009765268272
0.891666666666667,0.604999999999967,-3.42899999122564
0.9,0.824000000000047,-3.54785087553864
0.908333333333333,0.649000000000011,-3.44012598558614
0.916666666666667,0.763999999999987,-3.33969375491562
0.925,0.699000000000005,-3.41747342054858
0.933333333333333,0.789999999999957,-3.34420427159908
0.941666666666667,0.666999999999973,-3.3725077228124
0.95,0.740999999999992,-3.33387929989248
0.958333333333333,0.634000000000023,-3.46832671302252
0.966666666666667,0.514000000000014,-3.24716254942763
0.975,0.735999999999959,-3.47186988120232
0.983333333333333,0.669000000000031,-3.33910123143576
0.991666666666667,0.48999999999999,-3.33136811053132
1,0.612999999999975,-3.44418110715788
1.00833333333333,0.512999999999986,-3.31261562245145
1.01666666666667,0.560000000000005,-3.36155266277965
1.025,0.585999999999975,-3.36128220049994
1.03333333333333,0.592000000000037,-3.36064753296904
1.04166666666667,0.556000000000001,-3.37534738690644
1.05,0.395999999999952,-3.33285785683035
1.05833333333333,0.520999999999994,-3.37876375621665
1.06666666666667,0.545000000000018,-3.34622371197779
1.075,0.524999999999998,-3.48001189013873
1.08333333333333,0.502000000000002,-3.24393776678697
1.09166666666667,0.596000000000041,-3.36253172171964
1.1,0.924000000000036,-3.44127216060193
1.10833333333333,0.506000000000006,-3.34393198017791
1.11666666666667,0.402000000000013,-3.43054460177553
1.125,0.520999999999994,-3.29681047760878
1.13333333333333,0.342999999999982,-3.46899053743895
1.14166666666667,0.573000000000046,-3.3381365020901
1.15,0.543999999999989,-3.30579204382007
1.15833333333333,0.751000000000057,-3.42896970956657
1.16666666666667,0.454999999999983,-3.38152934642065
1.175,0.202000000000035,-3.33521990991603
1.18333333333333,0.587000000000004,-3.26812780773987
1.19166666666667,0.564000000000009,-3.37168588584576
1.2,0.286000000000008,-3.24421554170407
1.20833333333333,0.53000000000003,-3.22496887676134
1.21666666666667,0.545000000000018,-3.28392882009103
1.225,0.124000000000013,-3.21109281793181
1.23333333333333,0.778000000000056,-3.26711781514811
1.24166666666667,0.446000000000057,-3.22105466053045
1.25,0.282000000000004,-3.30564121904078
1.25833333333333,0.843999999999956,-3.33525916520032
1.26666666666667,0.376999999999961,-3.28275838433804
1.275,0.317000000000012,-3.35188206781319
1.28333333333333,0.820999999999961,-3.32345489554114
1.29166666666667,0.425000000000009,-3.36904676071304
1.3,0.398000000000009,-3.30666734100498
1.30833333333333,0.331999999999999,-3.33679362158443
1.31666666666667,0.437000000000021,-3.3695501805925
1.325,0.411999999999968,-3.36977205222909
1.33333333333333,0.412999999999997,-3.45894942734229
1.34166666666667,0.832000000000055,-3.35587622439066
1.35,0.407999999999964,-3.48131836282456
1.35833333333333,0.203999999999982,-3.38515435076427
1.36666666666667,0.403000000000042,-3.42018213444948
1.375,0.445000000000029,-3.48814863382145
1.38333333333333,0.415999999999972,-3.49463980428506
1.39166666666667,0.306000000000028,-3.44650556863888
1.4,0.114999999999976,-3.40027953495855
1.40833333333333,0.411999999999968,-3.45976118179343
1.41666666666667,0.442000000000053,-3.50102597219153
1.425,0.46999999999997,-3.48520733715613
1.43333333333333,0.300999999999996,-3.5057504506394
1.44166666666667,0.148000000000037,-3.51209441752268
1.45,0.353000000000048,-3.48099978431045
1.45833333333333,0.317000000000012,-3.72171304725483
1.46666666666667,0.42399999999998,-3.53874721686203
1.475,0.470999999999999,-3.58988743942205
1.48333333333333,0.523999999999969,-3.68086644889597
1.49166666666667,0.422000000000033,-3.80777723720409
1.5,0.507000000000035,-3.62081824487304
1.50833333333333,0.627000000000044,-3.63341514445578
1.51666666666667,0.511000000000039,-3.69058960498672
1.525,0.429000000000013,-3.67712108361334
1.53333333333333,0.334000000000056,-3.72632515071202
1.54166666666667,0.291000000000041,-3.66661066068967
1.55,0.0470000000000192,-3.60087554877167
1.55833333333333,0.336000000000003,-3.69895852381181
1.56666666666667,0.361999999999973,-3.69597387182348
1.575,0.319999999999987,-3.61467235999079
1.58333333333333,0.417000000000001,-3.65461749607416
1.59166666666667,0.538000000000038,-3.69561279634958
1.6,0.307000000000057,-3.67884843095481
1.60833333333333,0.191000000000052,-3.81131613459554
1.61666666666667,0.0940000000000385,-3.73912603951467
1.625,0.334999999999974,-3.74541005266644
1.63333333333333,0.437000000000021,-3.81106959131878
1.64166666666667,0.554999999999972,-3.71231526239689
1.65,0.306000000000028,-3.81685342014697
1.65833333333333,0.322000000000044,-3.87355847489315
1.66666666666667,0.0940000000000385,-3.77394169193836
1.675,0.137999999999971,-3.75345987428989
1.68333333333333,0.399999999999956,-3.76430806274644
1.69166666666667,0.249000000000055,-3.99968032861554
1.7,0.317000000000012,-3.8217392675522
1.70833333333333,0.431999999999988,-3.86239256816164
1.71666666666667,0.395000000000034,-3.86509769565558
1.725,0.00500000000003276,-3.8252690932188
1.73333333333333,0.183000000000044,-3.90453897585036
1.74166666666667,0.361000000000056,-3.95740287738729
1.75,0.203999999999982,-3.90846620763646
1.75833333333333,0.51000000000001,-3.87143145804272
1.76666666666667,0.288999999999984,-3.94771949368777
1.775,-0.0179999999999625,-3.88413749229326
1.78333333333333,0.357000000000052,-3.98048567557569
1.79166666666667,0.356000000000023,-3.86522671517928
1.8,0.34500000000004,-3.81561050223225
1.80833333333333,0.246999999999997,-3.90581898249695
1.81666666666667,0.383000000000022,-3.99135046438649
1.825,0.275000000000025,-3.78174358711529
1.83333333333333,0.303999999999971,-3.8391193407319
1.84166666666667,0.373999999999985,-3.86903876074664
1.85,0.426000000000037,-3.87404255396477
1.85833333333333,0.448000000000004,-3.80916109688096
1.86666666666667,0.385999999999997,-3.78181443074505
1.875,0.361000000000056,-3.88002880429559
1.88333333333333,0.407999999999964,-3.77943047549336
1.89166666666667,0.445000000000029,-3.79958470923953
1.9,0.344000000000011,-3.7345144308222
1.90833333333333,0.245000000000051,-3.85376035138979
1.91666666666667,0.410000000000021,-3.71414888893205
1.925,0.425000000000009,-3.74279015444421
1.93333333333333,0.261999999999984,-3.75721877783603
1.94166666666667,0.221000000000027,-3.7913864070906
1.95,0.35099999999999,-3.7375064488833
1.95833333333333,0.229999999999952,-3.77104505827367
1.96666666666667,0.195000000000056,-3.82995110258848
1.975,0.291999999999959,-3.84864711294297
1.98333333333333,0.426000000000037,-3.82643846872206
1.99166666666667,0.329000000000024,-3.72701600737277
2,0.399999999999956,-3.82407130938248
2.00833333333333,0.0250000000000528,-3.846189193837
2.01666666666667,0.237000000000043,-3.80128625735639
2.025,0.354999999999994,-3.80821821034326
2.03333333333333,0.203999999999982,-3.8008492460276
2.04166666666667,0.275000000000025,-3.85589694744009
2.05,0.165999999999999,-3.88847894877178
2.05833333333333,0.311999999999979,-3.81745277697975
2.06666666666667,0.341999999999953,-3.86353273816769
2.075,0.430000000000041,-3.91129961858383
2.08333333333333,0.228000000000006,-3.78345049013673
2.09166666666667,0.249999999999972,-3.90943311325338
2.1,0.02000000000002,-3.90567488337185
2.10833333333333,0.238999999999989,-3.84290563379676
2.11666666666667,0.331999999999999,-3.87316070721727
2.125,0.336000000000003,-3.84262578114447
2.13333333333333,0.556000000000001,-3.88697421535289
2.14166666666667,0.39100000000003,-4.0474642875142
2.15,0.37100000000001,-3.91489220217422
2.15833333333333,0.383000000000022,-3.9189460461137
2.16666666666667,0.016000000000016,-4.07022381955415
2.175,-0.00100000000002876,-3.95811933397572
2.18333333333333,0.255000000000005,-3.94780058525412
2.19166666666667,0.267000000000017,-4.00682041311229
2.2,0.17900000000004,-3.97910598319738
2.20833333333333,0.183999999999962,-3.93724203860651
2.21666666666667,0.357000000000052,-3.93698565926389
2.225,0.348000000000015,-3.99210049547393
2.23333333333333,0.338999999999978,-3.99765570511431
2.24166666666667,0.188999999999995,-4.03824764173209
2.25,0.276999999999972,-3.98368114709282
2.25833333333333,0.348000000000015,-4.04954130130005
2.26666666666667,0.260000000000038,-3.9876042335093
2.275,-0.012000000000012,-4.07980643079223
2.28333333333333,0.307999999999975,-3.98938804898595
2.29166666666667,0.201000000000007,-3.9641606926447
2.3,-0.044000000000044,-4.04685227034654
2.30833333333333,0.175000000000036,-4.03348900404099
2.31666666666667,0.241999999999964,-3.99831172517086
2.325,0.13300000000005,-3.95214888100613
2.33333333333333,0.240000000000018,-4.03548461092735
2.34166666666667,0.454999999999983,-3.95946244020829
2.35,0.303000000000053,-3.96645278409609
2.35833333333333,0.187000000000048,-4.18184583033068
2.36666666666667,0.153999999999987,-3.93110914253094
2.375,0.0989999999999602,-4.06646145472545
2.38333333333333,0.349000000000044,-3.88442111432889
2.39166666666667,0.209000000000015,-4.18200815081637
2.4,0.198999999999949,-3.9606592962314
2.40833333333333,0.160999999999967,-4.02071514455211
2.41666666666667,0.210999999999961,-3.99740143225004
2.425,0.226999999999977,-3.95016143099403
2.43333333333333,0.282000000000004,-4.00014395842401
2.44166666666667,0.0700000000000145,-4.03546964917494
2.45,0.00699999999997925,-4.06325522658309
2.45833333333333,0.156000000000045,-3.92971844946798
2.46666666666667,0.0900000000000345,-3.93851106164441
2.475,0.153999999999987,-4.07961265258814
2.48333333333333,0.0869999999999482,-3.91656682348101
2.49166666666667,0.10600000000005,-3.89355347937677
2.5,0.242999999999993,-3.97810292074447
2.50833333333333,-0.071999999999961,-3.96277184687071
2.51666666666667,0.129000000000046,-3.84542764207077
2.525,0.280999999999976,-3.92208597154856
2.53333333333333,0.052000000000052,-3.96772418273818
2.54166666666667,-0.0809999999999977,-3.8508212025418
2.55,0.357000000000052,-3.85263157448262
2.55833333333333,0.125999999999959,-3.94826219291206
2.56666666666667,-0.188999999999995,-3.90284640672155
2.575,0.23200000000001,-3.84485584215598
2.58333333333333,0.19199999999997,-3.97115619266457
2.59166666666667,-0.0630000000000353,-3.96294580688711
2.6,-0.0259999999999705,-3.89597326715625
2.60833333333333,0.255000000000005,-3.96272784610656
2.61666666666667,0.11899999999998,-3.97930145786507
2.625,0.156000000000045,-3.90390595245599
2.63333333333333,0.140000000000029,-3.87580484247236
2.64166666666667,0.139,-3.95931083163394
2.65,0.091999999999981,-3.93087160048317
2.65833333333333,-0.190999999999941,-3.90466290030076
2.66666666666667,0.218000000000051,-3.91024738318073
2.675,0.148000000000037,-3.99942744757099
2.68333333333333,0.0660000000000105,-3.91561472566233
2.69166666666667,-0.0430000000000152,-3.9827455801138
2.7,0.0609999999999777,-3.94211960254048
2.70833333333333,0.192999999999999,-3.95577113796046
2.71666666666667,-0.120000000000009,-4.07858327239983
2.725,-0.102999999999964,-3.90245395933953
2.73333333333333,-0.00900000000003676,-4.0270623158052
2.74166666666667,0.0179999999999625,-4.0478298142612
2.75,0.0729999999999897,-4.02705618771342
2.75833333333333,-0.125000000000042,-4.17513974332225
2.76666666666667,-0.129999999999963,-4.06421663257718
2.775,-0.052000000000052,-4.14214144318034
2.78333333333333,-0.044000000000044,-4.246347397956
2.79166666666667,0.0809999999999977,-4.22833992072577
2.8,0.0989999999999602,-4.04147452901794
2.80833333333333,0.147000000000008,-4.20142248647125
2.81666666666667,0.180999999999987,-4.1701845096636
2.825,0.102000000000046,-4.15460509506873
2.83333333333333,0.0989999999999602,-4.30512427617725
2.84166666666667,0.067999999999957,-4.09903883587882
2.85,0.099999999999989,-4.19927337762845
2.85833333333333,0.17199999999995,-4.14201316538296
2.86666666666667,0.0970000000000137,-4.1574036315977
2.875,0.0989999999999602,-4.20348470193986
2.88333333333333,0.10600000000005,-4.10190997210635
2.89166666666667,0.137999999999971,-4.17178470648122
2.9,0.044000000000044,-4.1839766862532
2.90833333333333,0.120000000000009,-4.13138240684161
2.91666666666667,0.132000000000021,-4.14488382475708
2.925,0.071999999999961,-4.15888977599896
2.93333333333333,-0.11899999999998,-4.17875581884827
2.94166666666667,-0.036000000000036,-4.23031549870778
2.95,-0.207999999999986,-4.19488203039318
2.95833333333333,-0.059999999999949,-4.17611282602063
2.96666666666667,0.188999999999995,-4.19415045877601
2.975,0.0609999999999777,-4.36883390216617
2.98333333333333,0.13300000000005,-4.22114199582703
2.99166666666667,0.184999999999991,-4.26411623911563
3,0.11899999999998,-4.21084579995127
3.00833333333333,-0.206000000000039,-4.23219631212207
3.01666666666667,0.0620000000000065,-4.2601685321847
3.025,-0.0430000000000152,-4.26838305778969
3.03333333333333,0.11300000000003,-4.14987333743511
3.04166666666667,0.218000000000051,-4.18664608790898
3.05,-0.175000000000036,-4.16145112094043
3.05833333333333,0.02000000000002,-4.21886399421647
3.06666666666667,0.0390000000000112,-4.09069869825229
3.075,-0.02000000000002,-4.20074662874
3.08333333333333,-0.184999999999991,-4.13980800715939
3.09166666666667,0.199999999999978,-4.10079005101468
3.1,-0.0539999999999985,-4.10515201432888
3.10833333333333,0.087999999999977,-4.21233550288823
3.11666666666667,0.0550000000000272,-4.17460825400602
3.125,0.0970000000000137,-4.15939783578596
3.13333333333333,-0.0689999999999857,-4.28543933560355
3.14166666666667,0.0740000000000185,-4.15832029208475
3.15,0.059999999999949,-4.17571603385219
3.15833333333333,-0.0909999999999522,-4.21929974628602
3.16666666666667,0.0769999999999937,-4.28018255206856
3.175,0.183999999999962,-4.16864088221457
3.18333333333333,0.00900000000003676,-4.19616950538395
3.19166666666667,0.0449999999999617,-4.32650868701414
3.2,0.228000000000006,-4.27637312721623
3.20833333333333,0.128000000000017,-4.29191704578932
3.21666666666667,0.0409999999999577,-4.19323973491062
3.225,0.0229999999999952,-4.34648997853932
3.23333333333333,0.0769999999999937,-4.42034170276958
3.24166666666667,0.229000000000035,-4.29759312282595
3.25,-0.0139999999999585,-4.20075521637392
3.25833333333333,0.141000000000058,-4.33901772860652
3.26666666666667,-0.120000000000009,-4.40216358191006
3.275,-0.151000000000012,-4.30097628917373
3.28333333333333,0.15900000000002,-4.22718810216034
3.29166666666667,0.0099999999999545,-4.26927417005061
3.3,0.0529999999999697,-4.3132922229018
3.30833333333333,0.0329999999999497,-4.30080015024605
3.31666666666667,0.122999999999984,-4.28428265880239
3.325,0.265999999999988,-4.32725961128447
3.33333333333333,0.028000000000028,-4.22269048852044
3.34166666666667,0.206000000000039,-4.27146824264173
3.35,-0.0259999999999705,-4.41460314632539
3.35833333333333,-0.0369999999999537,-4.27451686111774
3.36666666666667,0.147000000000008,-4.2462872423492
3.375,0.156999999999963,-4.31925296663339
3.38333333333333,0.191000000000052,-4.12458198878791
3.39166666666667,0.205000000000011,-4.25829300445876
3.4,0.110000000000054,-4.31878614206761
3.40833333333333,0.0290000000000568,-4.1801928245533
3.41666666666667,0.144999999999951,-4.30311184899372
3.425,0.241999999999964,-4.25252315242761
3.43333333333333,0.253999999999976,-4.15834347384673
3.44166666666667,0.0900000000000345,-4.25833774334347
3.45,0.110000000000054,-4.3484021266272
3.45833333333333,-0.147000000000008,-4.24251713418338
3.46666666666667,-0.0660000000000105,-4.22009463932345
3.475,-0.136000000000025,-4.39696995079621
3.48333333333333,-0.148999999999955,-4.27392198430506
3.49166666666667,0.063999999999953,-4.3333134090954
3.5,0.114999999999976,-4.28386828913379
3.50833333333333,0.0670000000000393,-4.37585826163924
3.51666666666667,0.155000000000016,-4.34181164145415
3.525,0.0689999999999857,-4.32179805409532
3.53333333333333,0.139,-4.40638246447047
3.54166666666667,0.0809999999999977,-4.37219510486863
3.55,0.210000000000043,-4.38550454547405
3.55833333333333,0.206000000000039,-4.46316005328808
3.56666666666667,0.156999999999963,-4.27713264299616
3.575,0.195000000000056,-4.57261594170701
3.58333333333333,0.126999999999988,-4.36364501833423
3.59166666666667,0.0780000000000225,-4.39724586940778
3.6,0.218999999999969,-4.43096395933952
3.60833333333333,0.149999999999983,-4.28347726618377
3.61666666666667,0.0470000000000192,-4.40769688623772
3.625,0.124000000000013,-4.26476698557189
3.63333333333333,0.0259999999999705,-4.37918438730133
3.64166666666667,0.0449999999999617,-4.25619947780037
3.65,-0.165999999999999,-4.33419418389958
3.65833333333333,-0.17900000000004,-4.26203608095865
3.66666666666667,0.00500000000003276,-4.34392172124094
3.675,-0.215999999999994,-4.24855284378987
3.68333333333333,0.124000000000013,-4.23461900184201
3.69166666666667,0.0099999999999545,-4.2104768657239
3.7,0.0210000000000488,-4.30709538254203
3.70833333333333,0.02000000000002,-4.22642225719089
3.71666666666667,-0.00699999999997925,-4.23673006563621
3.725,-0.228000000000006,-4.27484140526339
3.73333333333333,-0.136000000000025,-4.22288812582737
3.74166666666667,-0.063999999999953,-4.23020422161919
3.75,-0.0099999999999545,-4.3110054877488
3.75833333333333,0.144999999999951,-4.20688167399939
3.76666666666667,-0.259000000000009,-4.35819150506832
3.775,-0.215999999999994,-4.27820302653231
3.78333333333333,0.012000000000012,-4.18814960514965
3.79166666666667,-0.0409999999999577,-4.25139301969252
3.8,-0.0569999999999737,-4.31866991121506
3.80833333333333,0.00100000000002876,-4.30889149603106
3.81666666666667,-0.287999999999955,-4.23327487924861
3.825,0.0550000000000272,-4.18435499144046
3.83333333333333,0.087999999999977,-4.20901847406999
3.84166666666667,-0.271000000000021,-4.33037267164656
3.85,-0.273999999999996,-4.21860022217106
3.85833333333333,0.04000000000004,-4.09406239465477
3.86666666666667,0.012000000000012,-4.16107348088735
3.875,-0.170000000000003,-4.25069284121924
3.88333333333333,-0.121000000000038,-4.10549800736156
3.89166666666667,-0.122999999999984,-4.16076155484521
3.9,-0.067999999999957,-4.1568475699626
3.90833333333333,-0.0449999999999617,-4.22877517246752
3.91666666666667,-0.139,-4.17064477821769
3.925,-0.128000000000017,-4.16268884802954
3.93333333333333,-0.048000000000048,-4.18241092263557
3.94166666666667,-0.106999999999968,-4.17589176913432
3.95,-0.205000000000011,-4.10137560952563
3.95833333333333,-0.0780000000000225,-4.09375404167935
3.96666666666667,0.0250000000000528,-4.16108521977861
3.975,-0.109000000000026,-4.06017924074899
3.98333333333333,-0.228000000000006,-4.12084637989182
3.99166666666667,-0.0369999999999537,-4.11073764118046
4,0.016000000000016,-4.11794091553034
4.00833333333333,-0.125000000000042,-4.14834793793983
4.01666666666667,-0.215999999999994,-4.10002150153214
4.025,0.110000000000054,-4.20554534343383
4.03333333333333,-0.02000000000002,-4.15657367702691
4.04166666666667,-0.296999999999992,-4.3043427651242
4.05,-0.206000000000039,-4.13911760953697
4.05833333333333,0.0259999999999705,-4.23137831212372
4.06666666666667,0.188999999999995,-4.24955402109834
4.075,0.028000000000028,-4.27043337030296
4.08333333333333,-0.106999999999968,-4.12804326870294
4.09166666666667,-0.133999999999967,-4.34316784133659
4.1,-0.132000000000021,-4.26812683951597
4.10833333333333,0.04000000000004,-4.0503377116579
4.11666666666667,0.02000000000002,-4.28687578323094
4.125,0.0940000000000385,-4.18164915479712
4.13333333333333,-0.151000000000012,-4.10230982984813
4.14166666666667,-0.207999999999986,-4.41667244653349
4.15,-0.210999999999961,-4.12537184351421
4.15833333333333,0.0830000000000553,-4.13777589816324
4.16666666666667,-0.036000000000036,-4.15190843395361
4.175,-0.0409999999999577,-4.29212627630138
4.18333333333333,-0.0620000000000065,-4.17017535214936
4.19166666666667,-0.291999999999959,-4.17313623122098
4.2,-0.214999999999965,-4.21673328279305
4.20833333333333,-0.206000000000039,-4.23371222737113
4.21666666666667,-0.194999999999945,-4.34835060796807
4.225,-0.0409999999999577,-4.16178919396668
4.23333333333333,0.00900000000003676,-4.20196811170834
4.24166666666667,0.036000000000036,-4.22459697119053
4.25,-0.032000000000032,-4.26441010229465
4.25833333333333,-0.0580000000000025,-4.18188162101115
4.26666666666667,-0.117999999999951,-4.21195949625256
4.275,-0.0890000000000057,-4.21698766757353
4.28333333333333,-0.190999999999941,-4.3387811401352
4.29166666666667,-0.188999999999995,-4.29246329084212
4.3,-0.283000000000033,-4.26277070792454
4.30833333333333,-0.303999999999971,-4.19598208301785
4.31666666666667,-0.213000000000019,-4.40913973237117
4.325,-0.175000000000036,-4.3734075790952
4.33333333333333,-0.165999999999999,-4.30530735384328
4.34166666666667,-0.352000000000019,-4.27880746862271
4.35,-0.31800000000004,-4.4132119744282
4.35833333333333,-0.202000000000035,-4.42668232418855
4.36666666666667,-0.157999999999991,-4.27113371213605
4.375,-0.248000000000026,-4.31960420253193
4.38333333333333,-0.276999999999972,-4.37044177416053
4.39166666666667,-0.205000000000011,-4.51258830541092
4.4,-0.128000000000017,-4.43994277476382
4.40833333333333,-0.165999999999999,-4.30072199493
4.41666666666667,-0.445999999999946,-4.42432222857372
4.425,-0.207999999999986,-4.38345777254037
4.43333333333333,-0.19199999999997,-4.46270149452541
4.44166666666667,-0.175000000000036,-4.44764881798611
4.45,-0.241999999999964,-4.34136298788603
4.45833333333333,-0.143000000000004,-4.30389779518554
4.46666666666667,-0.0630000000000353,-4.4375828847514
4.475,-0.174000000000007,-4.34857431357017
4.48333333333333,-0.124000000000013,-4.36459872766474
4.49166666666667,0.132000000000021,-4.32554159570111
4.5,0.0670000000000393,-4.30536157269097
4.50833333333333,-0.012000000000012,-4.29881434278937
4.51666666666667,-0.079999999999969,-4.39873886996942
4.525,-0.152999999999959,-4.2589673718745
4.53333333333333,-0.148999999999955,-4.2067299394794
4.54166666666667,-0.063999999999953,-4.31129587461456
4.55,0.008000000000008,-4.18095875094548
4.55833333333333,0.0900000000000345,-4.25097756479166
4.56666666666667,-0.165999999999999,-4.17562855331779
4.575,-0.0289999999999457,-4.24196581482828
4.58333333333333,0.0970000000000137,-4.22364144300251
4.59166666666667,-0.129000000000046,-4.16003693214377
4.6,-0.116000000000005,-4.26126200339741
4.60833333333333,-0.0860000000000305,-4.14961619556864
4.61666666666667,0.121999999999955,-4.12079840819221
4.625,-0.209000000000015,-4.21263502414863
4.63333333333333,-0.012000000000012,-4.14197508535144
4.64166666666667,0.0419999999999865,-4.10584446791868
4.65,0.114999999999976,-4.12780407108267
4.65833333333333,-0.140999999999947,-4.13015776980727
4.66666666666667,0.23200000000001,-4.03928346523394
4.675,0.0329999999999497,-4.08020745489479
4.68333333333333,0.114000000000058,-4.13389393561889
4.69166666666667,0.087999999999977,-4.07318192084203
4.7,0.160999999999967,-4.1545061582252
4.70833333333333,-0.124000000000013,-4.13971268845963
4.71666666666667,0.165999999999999,-4.04277764630934
4.725,-0.016000000000016,-4.1925997486986
4.73333333333333,-0.11300000000003,-4.1673356123284
4.74166666666667,0.249000000000055,-4.07152528736667
4.75,0.0830000000000553,-4.11527805178873
4.75833333333333,-0.008000000000008,-4.23332468692434
4.76666666666667,0.263000000000013,-4.11323703529053
4.775,0.110000000000054,-4.10485884267838
4.78333333333333,-0.151000000000012,-4.2190665139127
4.79166666666667,0.273999999999996,-4.17355388640256
4.8,0,-4.07719343274416
4.80833333333333,-0.0970000000000137,-4.24888463990351
4.81666666666667,0.028000000000028,-4.19939839779033
4.825,0.0850000000000017,-4.1102885421073
4.83333333333333,0.145999999999979,-4.25912330329039
4.84166666666667,-0.102000000000046,-4.23924231890066
4.85,0.0980000000000425,-4.20242083181881
4.85833333333333,0.114000000000058,-4.13889824869756
4.86666666666667,0.0350000000000072,-4.17808326741201
4.875,0.04000000000004,-4.1389649669145
4.88333333333333,0.26499999999996,-4.22795151123351
4.89166666666667,0.255000000000005,-4.08415433088757
4.9,0.0850000000000017,-4.23021438683357
4.90833333333333,-0.02000000000002,-4.15387021651665
4.91666666666667,0.0170000000000448,-4.24974691640634
4.925,0.199999999999978,-4.15682307304367
4.93333333333333,0.0409999999999577,-4.10561733048847
4.94166666666667,0.171000000000032,-4.23724506602092
4.95,-0.0149999999999872,-4.19793414727224
4.95833333333333,0.110000000000054,-4.17261327938044
4.96666666666667,0.21199999999999,-4.16872830233692
4.975,0.206999999999957,-4.20923815167798
4.98333333333333,0.161999999999995,-4.16069985220188
4.99166666666667,0.213000000000019,-4.27252396275135
5,0.0729999999999897,-4.20527150016447
5.00833333333333,0.172999999999979,-4.14602784789075
5.01666666666667,-0.0350000000000072,-4.26781685240875
5.025,0.134999999999996,-4.17332856108163
5.03333333333333,0.199999999999978,-4.27342492649923
5.04166666666667,0.141999999999976,-4.26301972424516
5.05,0.0430000000000152,-4.14395295087245
5.05833333333333,0.0179999999999625,-4.19875947051727
5.06666666666667,0,-4.23769022789091
5.075,-0.136000000000025,-4.17541261961723
5.08333333333333,-0.0609999999999777,-4.1713922489914
5.09166666666667,-0.0949999999999562,-4.21153995815748
5.1,-0.00900000000003676,-4.16241752362621
5.10833333333333,0.151000000000012,-4.07093462902383
5.11666666666667,-0.125999999999959,-4.21584218050335
5.125,-0.117999999999951,-4.10041330668843
5.13333333333333,0.136000000000025,-4.17863508064087
5.14166666666667,0.0860000000000305,-4.1502572999062
5.15,-0.0470000000000192,-4.1527554126514
5.15833333333333,-0.00599999999995049,-4.13904471849353
5.16666666666667,0.0670000000000393,-4.1462791796822
5.175,-0.140999999999947,-4.2229471092617
5.18333333333333,-0.149999999999983,-4.1694476832116
5.19166666666667,0.0379999999999825,-4.07037165448427
5.2,-0.079999999999969,-4.10322425749262
5.20833333333333,-0.125999999999959,-4.05991011655349
5.21666666666667,0.0890000000000057,-4.06762492745208
5.225,-0.101000000000018,-4.04786504540797
5.23333333333333,0.225999999999948,-4.02922222534486
5.24166666666667,-0.144000000000033,-4.11010180514747
5.25,-0.016000000000016,-4.036881564346
5.25833333333333,-0.055999999999945,-4.09146427431026
5.26666666666667,-0.0409999999999577,-4.05086810407359
5.275,0.102999999999964,-4.08132296175592
5.28333333333333,-0.130999999999992,-4.03401097298364
5.29166666666667,-0.024000000000024,-4.04555841519674
5.3,0.0459999999999905,-4.02400101777678
5.30833333333333,0.186000000000019,-3.98453799943885
5.31666666666667,-0.213000000000019,-4.02874980705549
5.325,0.0820000000000265,-3.91571619808219
5.33333333333333,0.036000000000036,-3.93450516811962
5.34166666666667,-0.0860000000000305,-3.96763048829641
5.35,0.00599999999995049,-3.83688215580294
5.35833333333333,0.0649999999999817,-3.95047618334688
5.36666666666667,0.016000000000016,-3.89798538878004
5.375,-0.0670000000000393,-3.87787844235694
5.38333333333333,0.126999999999988,-3.85142977958001
5.39166666666667,-0.157999999999991,-3.8120446055322
5.4,-0.0419999999999865,-3.87206570036078
5.40833333333333,-0.0259999999999705,-3.8165542021038
5.41666666666667,-0.0170000000000448,-3.85915520384106
5.425,-0.075999999999965,-3.87596748602867
5.43333333333333,0.0809999999999977,-3.82333903415181
5.44166666666667,0.00699999999997925,-3.96873005977864
5.45,-0.205000000000011,-3.87254262841977
5.45833333333333,-0.0149999999999872,-3.92698589144204
5.46666666666667,-0.299000000000049,-4.01345020621849
5.475,-0.139,-3.89804623864083
5.48333333333333,-0.0660000000000105,-3.94209075959297
5.49166666666667,-0.170000000000003,-4.03287697385996
5.5,-0.10600000000005,-3.95980448037162
5.50833333333333,-0.075999999999965,-3.96099013975153
5.51666666666667,-0.17199999999995,-4.06526536080267
5.525,-0.0860000000000305,-3.99049942215094
5.53333333333333,-0.0710000000000433,-4.03345111639505
5.54166666666667,-0.230999999999981,-4.14670427652162
5.55,-0.163000000000024,-4.01901363241951
5.55833333333333,0.155000000000016,-4.04494477433579
5.56666666666667,-0.105000000000022,-4.0696152028339
5.575,-0.346999999999986,-4.09813561144526
5.58333333333333,-0.0510000000000232,-3.9767928123652
5.59166666666667,-0.0210000000000488,-4.14174095671996
5.6,-0.099999999999989,-4.12636519064369
5.60833333333333,-0.315999999999983,-4.0856833662602
5.61666666666667,-0.363000000000002,-4.08597098316739
5.625,-0.113999999999947,-4.17515388546913
5.63333333333333,-0.0350000000000072,-4.15747749454989
5.64166666666667,-0.340000000000007,-4.19023088449579
5.65,-0.302999999999942,-4.1339554165953
5.65833333333333,-0.121999999999955,-4.18052950528495
5.66666666666667,-0.0329999999999497,-4.3055347274685
5.675,-0.101000000000018,-4.13960373583716
5.68333333333333,-0.329000000000024,-4.39071138621309
5.69166666666667,-0.337000000000032,-4.29106173091077
5.7,-0.202999999999953,-4.16377627940946
5.70833333333333,-0.113999999999947,-4.19359543221373
5.71666666666667,-0.116000000000005,-4.30983406617702
5.725,-0.180999999999987,-4.23120349498319
5.73333333333333,-0.275000000000025,-4.22711720243668
5.74166666666667,-0.251000000000001,-4.2840928054136
5.75,-0.314999999999954,-4.21388804432538
5.75833333333333,-0.187999999999966,-4.41605680625854
5.76666666666667,-0.240000000000018,-4.13213293233794
5.775,-0.176999999999983,-4.21606967787461
5.78333333333333,-0.267000000000017,-4.35414048959141
5.79166666666667,-0.109999999999943,-4.28547460442365
5.8,-0.0620000000000065,-4.22883158605889
5.80833333333333,-0.172999999999979,-4.34309542805244
5.81666666666667,-0.149999999999983,-4.18801547988443
5.825,-0.248999999999944,-4.36794666192343
5.83333333333333,-0.307999999999975,-4.27245454723404
5.84166666666667,-0.364999999999949,-4.24378892769581
5.85,-0.249999999999972,-4.33429686602989
5.85833333333333,-0.252999999999948,-4.33671201619817
5.86666666666667,-0.271000000000021,-4.19722638291692
5.875,-0.221999999999944,-4.27424974839488
5.88333333333333,-0.192999999999999,-4.31923553713881
5.89166666666667,-0.377999999999989,-4.31837767073495
5.9,-0.133999999999967,-4.26518108404424
5.90833333333333,-0.0670000000000393,-4.38956168859796
5.91666666666667,-0.279000000000029,-4.37538672231068
5.925,-0.112000000000001,-4.25330733807527
5.93333333333333,-0.214999999999965,-4.28088926858107
5.94166666666667,-0.33099999999997,-4.37386978219752
5.95,-0.147000000000008,-4.31609529552393
5.95833333333333,-0.225000000000031,-4.24632780134965
5.96666666666667,-0.381999999999993,-4.26303081675368
5.975,-0.182000000000015,-4.41228852410563
5.98333333333333,-0.279000000000029,-4.27843032843054
5.99166666666667,-0.160000000000049,-4.28160965209895
6,-0.133999999999967,-4.44405008373171
6.00833333333334,-0.129999999999963,-4.32144637789999
6.01666666666667,-0.155000000000016,-4.33120689817341
6.025,-0.109000000000026,-4.24023775580468
6.03333333333333,-0.322000000000044,-4.41930617347297
6.04166666666667,-0.101000000000018,-4.39490422435722
6.05,-0.268000000000046,-4.35980621370128
6.05833333333334,-0.110999999999972,-4.26573950448612
6.06666666666667,0.0550000000000272,-4.27970106692573
6.075,-0.0419999999999865,-4.37394130695904
6.08333333333333,-0.175000000000036,-4.40973825836789
6.09166666666667,-0.171000000000032,-4.41522737339627
6.1,-0.165999999999999,-4.32044230229777
6.10833333333334,0.036000000000036,-4.31467443343366
6.11666666666667,-0.036000000000036,-4.35177557888689
6.125,-0.267000000000017,-4.34105016578909
6.13333333333334,-0.048000000000048,-4.34875118211766
6.14166666666667,-0.0170000000000448,-4.509865949258
6.15,-0.0379999999999825,-4.2543505454163
6.15833333333333,-0.139,-4.46445212407683
6.16666666666667,-0.155000000000016,-4.47303703347492
6.175,-0.207999999999986,-4.30968137817128
6.18333333333334,0.0489999999999657,-4.31665354865265
6.19166666666667,-0.0539999999999985,-4.26871843605793
6.2,-0.241000000000047,-4.36921326995066
6.20833333333333,-0.036000000000036,-4.35710180941585
6.21666666666667,0.0830000000000553,-4.25744042933521
6.225,-0.249999999999972,-4.31343096935184
6.23333333333334,-0.0529999999999697,-4.25200250011113
6.24166666666667,0,-4.30915994587031
6.25,-0.10600000000005,-4.23645904472644
6.25833333333334,-0.112000000000001,-4.41664296175537
6.26666666666667,-0.222999999999973,-4.31979458138055
6.275,0.0860000000000305,-4.26240486644032
6.28333333333333,-0.0390000000000112,-4.25553187040314
6.29166666666667,-0.179999999999958,-4.28222916756967
6.3,0.00100000000002876,-4.29636735483738
6.30833333333334,-0.048000000000048,-4.21518716505977
6.31666666666667,-0.221000000000027,-4.2233494324329
6.325,-0.02000000000002,-4.27811184730044
6.33333333333333,0.02000000000002,-4.18394093957181
6.34166666666667,-0.240000000000018,-4.22268004406617
6.35,-0.079999999999969,-4.26153718466001
6.35833333333334,0.0189999999999912,-4.16690663174889
6.36666666666667,-0.0449999999999617,-4.3029183503999
6.375,-0.183999999999962,-4.34391585978874
6.38333333333334,-0.0580000000000025,-4.2450718592416
6.39166666666667,-0.187000000000048,-4.29001226815808
6.4,-0.109000000000026,-4.35205279688183
6.40833333333333,-0.183000000000044,-4.25413958433324
6.41666666666667,0.229000000000035,-4.17286597094685
6.425,-0.0790000000000513,-4.3079520913468
6.43333333333334,-0.184999999999991,-4.2974802671871
6.44166666666667,0.0149999999999872,-4.20389820089278
6.45,-0.101000000000018,-4.25983019382284
6.45833333333333,-0.0890000000000057,-4.32895273497719
6.46666666666667,-0.125999999999959,-4.32020989978604
6.475,0.0210000000000488,-4.29783800191713
6.48333333333334,-0.0890000000000057,-4.36734747004728
6.49166666666667,-0.0219999999999665,-4.4105816414501
6.5,0.0499999999999945,-4.35773557632025
6.50833333333334,0.122999999999984,-4.51923051929146
6.51666666666667,0.125000000000042,-4.39658007904681
6.525,-0.083999999999973,-4.32508927433153
6.53333333333333,-0.0940000000000385,-4.44944247388444
6.54166666666667,-0.183999999999962,-4.61211108666111
6.55,-0.168999999999975,-4.47407643748299
6.55833333333334,-0.139,-4.39482604867803
6.56666666666667,0.0379999999999825,-4.49052431793376
6.575,0.056000000000056,-4.48956646592839
6.58333333333333,-0.144000000000033,-4.33140646768825
6.59166666666667,-0.0369999999999537,-4.34223255328344
6.6,-0.175999999999954,-4.59172372744223
6.60833333333334,-0.101000000000018,-4.41477637216448
6.61666666666667,-0.0620000000000065,-4.42552848248138
6.625,-0.059999999999949,-4.49397429983637
6.63333333333334,0.128000000000017,-4.41091388162125
6.64166666666667,0.117000000000034,-4.45293711342259
6.65,-0.063999999999953,-4.34473968323431
6.65833333333333,-0.164999999999971,-4.44877364844199
6.66666666666667,-0.214999999999965,-4.53733361476371
6.675,-0.171000000000032,-4.40086784897
6.68333333333334,-0.0869999999999482,-4.38305477989878
6.69166666666667,-0.134999999999996,-4.44134625900675
6.7,0.0499999999999945,-4.43037106020232
6.70833333333333,0.0590000000000312,-4.35799747888183
6.71666666666667,0.0550000000000272,-4.55599453858701
6.725,-0.0909999999999522,-4.29396544178199
6.73333333333334,0.036000000000036,-4.31237388553116
6.74166666666667,-0.11899999999998,-4.47225814899345
6.75,-0.125999999999959,-4.29218668458986
6.75833333333334,-0.00199999999994649,-4.47338328061912
6.76666666666667,0.0250000000000528,-4.31910845417749
6.775,-0.0269999999999992,-4.41868291757057
6.78333333333333,0.044000000000044,-4.34583313418234
6.79166666666667,0.136000000000025,-4.48750296536759
6.8,0.071999999999961,-4.57895004539698
6.80833333333334,-0.0660000000000105,-4.50439563643735
6.81666666666667,-0.032000000000032,-4.43417209258569
6.825,0.00599999999995049,-4.34717849106333
6.83333333333333,-0.132000000000021,-4.49309025614398
6.84166666666667,-0.151000000000012,-4.45215609238211
6.85,-0.180999999999987,-4.41390382145241
6.85833333333334,-0.183000000000044,-4.35318443377449
6.86666666666667,-0.132000000000021,-4.36241444200639
6.875,-0.240000000000018,-4.42507850258897
6.88333333333334,-0.198999999999949,-4.28569065674949
6.89166666666667,-0.048000000000048,-4.2713340271559
6.9,0,-4.3268774370198
6.90833333333333,-0.107999999999997,-4.37175821434115
6.91666666666667,-0.075999999999965,-4.2482571652477
6.925,-0.112000000000001,-4.25009602813605
6.93333333333334,-0.253999999999976,-4.4611946707532
6.94166666666667,-0.187999999999966,-4.337196670231
6.95,0.0179999999999625,-4.35276769132687
6.95833333333333,0.144000000000033,-4.32706608203206
6.96666666666667,-0.00599999999995049,-4.32613371051014
6.975,-0.23200000000001,-4.47442628709902
6.98333333333334,-0.117000000000034,-4.28869267253765
6.99166666666667,-0.31800000000004,-4.46531382782136
7,-0.275999999999943,-4.30211411096491
7.00833333333334,-0.17900000000004,-4.34310664750278
7.01666666666667,-0.114999999999976,-4.46268063949858
7.025,-0.0350000000000072,-4.44448893911456
7.03333333333333,-0.0139999999999585,-4.37244607166278
7.04166666666667,-0.0670000000000393,-4.43509219970931
7.05,-0.268000000000046,-4.40048267168157
7.05833333333334,-0.228000000000006,-4.43360638035801
7.06666666666667,-0.170000000000003,-4.38118299476376
7.075,-0.0860000000000305,-4.52260117418261
7.08333333333333,-0.259000000000009,-4.42685120635797
7.09166666666667,-0.175000000000036,-4.46205422688064
7.1,0.0569999999999737,-4.4699090368801
7.10833333333334,0.114999999999976,-4.38435173988563
7.11666666666667,-0.194999999999945,-4.52377802330609
7.125,-0.245999999999968,-4.44808313882594
7.13333333333334,-0.249999999999972,-4.49077586344729
7.14166666666667,-0.114999999999976,-4.41784066876646
7.15,-0.156999999999963,-4.41954398144514
7.15833333333333,-0.201000000000007,-4.46841654118636
7.16666666666667,-0.0539999999999985,-4.37298095037263
7.175,-0.121999999999955,-4.51494695631184
7.18333333333334,-0.071999999999961,-4.51062372488231
7.19166666666667,-0.205000000000011,-4.49550507796122
7.2,-0.383000000000022,-4.39361130241224
7.20833333333333,-0.0170000000000448,-4.49331154707547
7.21666666666667,-0.11899999999998,-4.352333283313
7.225,0.0470000000000192,-4.36873753081826
7.23333333333334,-0.269999999999992,-4.47593566012041
7.24166666666667,-0.273999999999996,-4.43639855188149
7.25,-0.10600000000005,-4.25795206926896
7.25833333333334,-0.269999999999992,-4.30510730353157
7.26666666666667,-0.0489999999999657,-4.22813733851144
7.275,-0.028000000000028,-4.35865466050508
7.28333333333333,-0.209000000000015,-4.25839486419047
7.29166666666667,-0.153999999999987,-4.15454109414018
7.3,0.052000000000052,-4.29548681365276
7.30833333333334,0.106999999999968,-4.21373667233944
7.31666666666667,-0.276999999999972,-4.23246185411012
7.325,-0.0729999999999897,-4.06850717625916
7.33333333333333,0.0850000000000017,-4.19250094529553
7.34166666666667,-0.278,-4.3933823248352
7.35,-0.294000000000016,-4.29374618751733
7.35833333333334,0.0210000000000488,-4.18973042400992
7.36666666666667,-0.00100000000002876,-4.24680842481385
7.375,-0.273999999999996,-4.50386464682271
7.38333333333334,-0.23200000000001,-4.4198021855192
7.39166666666667,-0.163000000000024,-4.18027868283522
7.4,-0.0139999999999585,-4.32170348106226
7.40833333333333,-0.024000000000024,-4.24343822019337
7.41666666666667,-0.225999999999948,-4.43956348359651
7.425,-0.156999999999963,-4.23464078445244
7.43333333333334,-0.140999999999947,-4.21303102632638
7.44166666666667,-0.107999999999997,-4.24930739936565
7.45,-0.195999999999974,-4.3610577698796
7.45833333333333,-0.241000000000047,-4.36120189502313
7.46666666666667,-0.170000000000003,-4.27061804957776
7.475,-0.214999999999965,-4.22519761493441
7.48333333333334,-0.0259999999999705,-4.31778655691616
7.49166666666667,-0.322000000000044,-4.44431227545634
7.5,-0.23799999999996,-4.44342278991261
7.50833333333334,-0.214000000000047,-4.26469338458619
7.51666666666667,-0.0860000000000305,-4.30213723045348
7.525,-0.0219999999999665,-4.35570535265881
7.53333333333333,-0.307999999999975,-4.56981961612827
7.54166666666667,-0.295999999999963,-4.32572036458244
7.55,-0.0149999999999872,-4.25153422493891
7.55833333333334,-0.175999999999954,-4.40326941527287
7.56666666666667,0.0700000000000145,-4.3455094989119
7.575,-0.205000000000011,-4.44968650628524
7.58333333333333,-0.228000000000006,-4.22781914594215
7.59166666666667,-0.152999999999959,-4.27101458266371
7.6,0.016000000000016,-4.39095410691909
7.60833333333334,-0.160999999999967,-4.45394062797708
7.61666666666667,-0.133999999999967,-4.26483209799243
7.625,-0.229000000000035,-4.31951068471074
7.63333333333334,-0.199999999999978,-4.34171610397912
7.64166666666667,-0.101000000000018,-4.3182926730166
7.65,-0.184999999999991,-4.33579891336865
7.65833333333333,-0.25799999999998,-4.5136790124462
7.66666666666667,-0.225000000000031,-4.36570804754974
7.675,-0.071999999999961,-4.21733037722603
7.68333333333334,-0.0569999999999737,-4.39197740038661
7.69166666666667,-0.202999999999953,-4.3983982722856
7.7,-0.255000000000005,-4.2703370847613
7.70833333333333,-0.353999999999965,-4.35948477151355
7.71666666666667,-0.107999999999997,-4.34329995557939
7.725,-0.0940000000000385,-4.49772222315503
7.73333333333334,-0.121999999999955,-4.25153343935469
7.74166666666667,-0.353000000000048,-4.6248263176475
7.75,-0.356000000000023,-4.42201438310223
7.75833333333334,-0.260000000000038,-4.36914393328678
7.76666666666667,-0.248000000000026,-4.21433323370038
7.775,-0.233999999999956,-4.34905719261389
7.78333333333333,-0.0499999999999945,-4.28113606688431
7.79166666666667,-0.221000000000027,-4.3033332191536
7.8,-0.360000000000027,-4.40846692580752
7.80833333333334,-0.337000000000032,-4.31239773965543
7.81666666666667,-0.394000000000005,-4.26012414641746
7.825,-0.372999999999957,-4.38820756714377
7.83333333333333,-0.240000000000018,-4.37803763710488
7.84166666666667,-0.268999999999964,-4.31059941441214
7.85,-0.221999999999944,-4.31702219399568
7.85833333333334,-0.0289999999999457,-4.43598764388765
7.86666666666667,-0.0289999999999457,-4.29025667864095
7.875,-0.315999999999983,-4.39991542368562
7.88333333333334,-0.318999999999958,-4.28014942026053
7.89166666666667,-0.241999999999964,-4.28838433400621
7.9,-0.160999999999967,-4.19378484852138
7.90833333333333,-0.237000000000043,-4.37289638610644
7.91666666666667,-0.31800000000004,-4.28227489916137
7.925,-0.300999999999996,-4.21089011539797
7.93333333333334,-0.294000000000016,-4.21720104867569
7.94166666666667,-0.242999999999993,-4.40539447835759
7.95,-0.229999999999952,-4.2528892983893
7.95833333333333,-0.360000000000027,-4.24494005075562
7.96666666666667,-0.251000000000001,-4.37134883966265
7.975,-0.237000000000043,-4.44019482395845
7.98333333333334,-0.229000000000035,-4.25475894718473
7.99166666666667,-0.283000000000033,-4.27935592469355
8,-0.334999999999974,-4.35174791462195
8.00833333333333,-0.288999999999984,-4.39193642717311
8.01666666666667,-0.202000000000035,-4.34034578521959
8.025,-0.317000000000012,-4.23628268442317
8.03333333333333,-0.318999999999958,-4.4233978705323
8.04166666666667,-0.333999999999945,-4.47590898418177
8.05,-0.268999999999964,-4.43466260141047
8.05833333333334,-0.321000000000016,-4.31233472210656
8.06666666666667,-0.283999999999951,-4.37203056719529
8.075,-0.313000000000008,-4.56477308223868
8.08333333333334,-0.322000000000044,-4.59224066397708
8.09166666666667,-0.225999999999948,-4.4797229207517
8.1,-0.213000000000019,-4.52488390292383
8.10833333333333,-0.195999999999974,-4.40425247034914
8.11666666666667,-0.357999999999969,-4.42563179787949
8.125,-0.375000000000014,-4.3902052975225
8.13333333333333,-0.206000000000039,-4.56839004909111
8.14166666666667,-0.217000000000023,-4.47604145762067
8.15,-0.302000000000024,-4.34708601179103
8.15833333333333,-0.0780000000000225,-4.33429126020307
8.16666666666667,0.0210000000000488,-4.34632713428037
8.175,-0.095999999999985,-4.32649199479339
8.18333333333334,-0.35099999999999,-4.26151072380436
8.19166666666667,-0.260000000000038,-4.24722749927715
8.2,-0.345999999999957,-4.28361796261369
8.20833333333334,-0.206000000000039,-4.34291645669295
8.21666666666667,-0.23799999999996,-4.26877993912239
8.225,-0.0419999999999865,-4.19653498068765
8.23333333333333,-0.0670000000000393,-4.33541536624909
8.24166666666667,-0.226999999999977,-4.32305517899767
8.25,-0.194000000000027,-4.30811011966549
8.25833333333333,-0.101000000000018,-4.22670780509728
8.26666666666667,-0.116000000000005,-4.17713552334139
8.275,-0.337000000000032,-4.239340121053
8.28333333333333,-0.283999999999951,-4.24869959019105
8.29166666666667,-0.0909999999999522,-4.17531417673145
8.3,-0.357000000000052,-4.22148771356442
8.30833333333334,-0.255000000000005,-4.13899543352534
8.31666666666667,0.0620000000000065,-4.26452624634605
8.325,-0.206000000000039,-4.15695381069641
8.33333333333334,-0.224000000000002,-4.24213073259063
8.34166666666667,-0.091999999999981,-4.28043094208005
8.35,-0.210000000000043,-4.1653853861857
8.35833333333333,-0.0620000000000065,-4.22112538294384
8.36666666666667,-0.0750000000000473,-4.19238215702864
8.375,-0.256000000000034,-4.17902869515568
8.38333333333333,-0.0909999999999522,-4.14658590499771
8.39166666666667,-0.00599999999995049,-4.17809937912175
8.4,-0.121000000000038,-4.18954560386871
8.40833333333333,-0.0590000000000312,-4.15156127062529
8.41666666666667,-0.008000000000008,-4.12260295027797
8.425,-0.242999999999993,-4.11075665484279
8.43333333333334,-0.00599999999995049,-4.21763755395172
8.44166666666667,-0.0149999999999872,-4.11879228335447
8.45,-0.215999999999994,-4.13270440386272
8.45833333333334,-0.0489999999999657,-4.17380139834403
8.46666666666667,-0.167999999999946,-4.09254316454764
8.475,-0.269999999999992,-4.19835380205236
8.48333333333333,0.0980000000000425,-4.13994844251043
8.49166666666667,-0.0179999999999625,-4.14371048244981
8.5,-0.190999999999941,-4.17851751369442
8.50833333333333,0.0620000000000065,-4.07646548221086
8.51666666666667,-0.0900000000000345,-4.23560681832809
8.525,-0.126999999999988,-4.17087862958126
8.53333333333333,-0.0269999999999992,-4.0877722305101
8.54166666666667,-0.0409999999999577,-4.18175612165641
8.55,-0.055999999999945,-4.20068901781417
8.55833333333334,-0.102999999999964,-4.07310561025096
8.56666666666667,-0.151000000000012,-4.19517908307904
8.575,-0.139,-4.20300406329683
8.58333333333334,-0.0310000000000032,-4.15036792161249
8.59166666666667,-0.228000000000006,-4.22729543702025
8.6,-0.175000000000036,-4.20025593121099
8.60833333333333,-0.0249999999999417,-4.15102154703328
8.61666666666667,-0.160000000000049,-4.23991299977349
8.625,-0.225000000000031,-4.2055450336498
8.63333333333333,0.0210000000000488,-4.31189576637952
8.64166666666667,0.117000000000034,-4.2927342966124
8.65,-0.110999999999972,-4.2187175329431
8.65833333333333,-0.145999999999979,-4.35995581600859
8.66666666666667,-0.144999999999951,-4.3136423315687
8.675,-0.195999999999974,-4.30042392352439
8.68333333333334,-0.136000000000025,-4.3547106513477
8.69166666666667,-0.02000000000002,-4.28871164862281
8.7,-0.008000000000008,-4.34877223870551
8.70833333333334,-0.175999999999954,-4.36714184824448
8.71666666666667,-0.385999999999997,-4.22895331249998
8.725,-0.195999999999974,-4.35384559973414
8.73333333333333,-0.110999999999972,-4.3463694270863
8.74166666666667,-0.0700000000000145,-4.28153533097148
8.75,-0.0310000000000032,-4.37447897590779
8.75833333333333,-0.139,-4.28555395031673
8.76666666666667,-0.0409999999999577,-4.39221488874806
8.775,-0.052000000000052,-4.57937842852714
8.78333333333333,-0.164999999999971,-4.42959988335351
8.79166666666667,-0.148999999999955,-4.42112718807141
8.8,-0.174000000000007,-4.43907130257887
8.80833333333334,-0.221999999999944,-4.48291705085654
8.81666666666667,-0.178000000000011,-4.38006675544134
8.825,-0.260999999999956,-4.53860153232334
8.83333333333334,-0.245000000000051,-4.36772232652604
8.84166666666667,-0.255000000000005,-4.33557493951306
8.85,-0.198999999999949,-4.40661943931908
8.85833333333333,-0.140999999999947,-4.40087476013952
8.86666666666667,-0.265999999999988,-4.38406795521493
8.875,-0.255000000000005,-4.28913093720167
8.88333333333333,-0.230999999999981,-4.31590143288066
8.89166666666667,-0.133999999999967,-4.36308971620062
8.9,-0.114999999999976,-4.31599286864255
8.90833333333333,-0.245999999999968,-4.20592125615082
8.91666666666667,-0.342999999999982,-4.23055506985832
8.925,-0.130999999999992,-4.1803856006031
8.93333333333334,-0.207999999999986,-4.19129368973523
8.94166666666667,-0.255000000000005,-4.11611199419364
8.95,-0.205000000000011,-4.11803674291959
8.95833333333334,-0.187999999999966,-4.18231105463398
8.96666666666667,-0.288999999999984,-4.20815796910427
8.975,-0.17900000000004,-4.14515783462793
8.98333333333333,-0.110999999999972,-4.11548180439993
8.99166666666667,0.00299999999997524,-4.07666985437731
9,-0.028000000000028,-4.18615535084828
9.00833333333333,-0.024000000000024,-4.22513596899199
9.01666666666667,0.114000000000058,-4.22590204423519
9.025,-0.00599999999995049,-4.21645604188252
9.03333333333333,-0.194999999999945,-4.28754305644864
9.04166666666667,-0.186000000000019,-4.28006158519684
9.05,-0.0850000000000017,-4.30063289104376
9.05833333333334,0.071999999999961,-4.12597788418653
9.06666666666667,-0.112000000000001,-4.30673620018182
9.075,0.0790000000000513,-4.25145414616237
9.08333333333334,0.114000000000058,-4.09110878712307
9.09166666666667,0.21199999999999,-4.13743809299993
9.1,0.194000000000027,-4.30567506463333
9.10833333333333,0.202999999999953,-4.113862105609
9.11666666666667,0.0830000000000553,-3.95642583282266
9.125,0.349999999999961,-4.09798645947235
9.13333333333333,0.426000000000037,-4.12924856696016
9.14166666666667,0.485999999999986,-3.81748753661052
9.15,0.553000000000026,-3.62322519991811
9.15833333333333,0.724000000000058,-3.35091102060701
9.16666666666667,1.00100000000003,-3.22590579134567
9.175,1.07999999999997,-2.88830263621856
9.18333333333334,0.894999999999979,-2.79710503157154
9.19166666666667,0.912000000000024,-2.60073573325682
9.2,0.722,-2.75773948171753
9.20833333333334,0.828000000000051,-2.37906921683509
