time,height,log(Hersey number)
s,mm,1
0,1.14999999999998,-1.1537654968675
0.00833333333333333,1.35699999999994,-1.08878946168565
0.0166666666666667,1.39400000000001,-1.55984798293394
0.025,1.17099999999992,-1.14905158877279
0.0333333333333333,0.974999999999948,-1.64116583358247
0.0416666666666667,0.98100000000001,-1.38739499743463
0.05,0.946000000000002,-1.30932688043977
0.0583333333333333,1.19099999999994,-1.62002400733269
0.0666666666666667,1.30599999999992,-1.24662852825851
0.075,1.14599999999998,-1.59197018157761
0.0833333333333333,0.81500000000001,-1.48546809056617
0.0916666666666667,0.941999999999998,-1.52625824721479
0.1,0.923000000000007,-1.70134473804776
0.108333333333333,1.04199999999999,-1.48301201106997
0.116666666666667,1.00899999999993,-1.85101370678193
0.125,1.07000000000002,-1.52999289055282
0.133333333333333,1.02099999999994,-1.80253074668762
0.141666666666667,0.916999999999946,-1.54196465602962
0.15,0.738000000000016,-1.60645970668962
0.158333333333333,0.98100000000001,-1.61492585536899
0.166666666666667,0.796999999999937,-1.44914917169913
0.175,0.883999999999996,-1.73441733793215
0.183333333333333,0.793999999999961,-1.47984524751733
0.191666666666667,0.87399999999993,-1.5982264569109
0.2,0.875999999999988,-1.5953441974979
0.208333333333333,0.850999999999935,-1.47426956116198
0.216666666666667,0.826999999999911,-1.69910656591673
0.225,0.608999999999971,-1.47145242948257
0.233333333333333,0.626000000000015,-1.62548997294312
0.241666666666667,1.04300000000002,-1.5695850605972
0.25,0.684000000000018,-1.69648221511636
0.258333333333333,0.643999999999978,-1.78886262069123
0.266666666666667,0.890999999999975,-1.63196188966791
0.275,0.684000000000018,-1.99924497663739
0.283333333333333,0.770999999999966,-1.82976101014289
0.291666666666667,0.858999999999943,-2.05305186866622
0.3,0.775999999999999,-2.05769620818906
0.308333333333333,0.968999999999998,-2.02696217414227
0.316666666666667,0.842999999999927,-2.20360230961725
0.325,0.70199999999998,-2.07881757703543
0.333333333333333,0.811000000000006,-2.23590029235321
0.341666666666667,1,-2.08673020028968
0.35,0.734000000000012,-2.11188154197073
0.358333333333333,0.838999999999923,-2.19324623174235
0.366666666666667,0.715999999999939,-1.9784670489879
0.375,0.723999999999947,-2.24734149701657
0.383333333333333,0.817999999999985,-2.15098660051852
0.391666666666667,0.580999999999943,-2.26553622811217
0.4,0.98699999999996,-2.21839286727023
0.408333333333333,0.599000000000016,-2.23279393542197
0.416666666666667,0.747999999999971,-2.2734680729277
0.425,0.874999999999959,-2.16186589906042
0.433333333333333,0.547999999999993,-2.27684209387038
0.441666666666667,0.842999999999927,-2.1003855362628
0.45,0.726000000000004,-2.15780240044054
0.458333333333333,0.793999999999961,-2.11405849246182
0.466666666666667,0.916999999999946,-2.04251297484514
0.475,0.677999999999956,-2.19815465068279
0.483333333333333,1.07299999999999,-2.02915945277837
0.491666666666667,0.747999999999971,-2.19074603462814
0.5,0.780999999999921,-2.18503610104516
0.508333333333333,0.935999999999937,-2.08252084499062
0.516666666666667,0.745999999999913,-2.23787667468373
0.525,0.601999999999991,-2.07019838952371
0.533333333333333,0.589999999999979,-2.23717109899149
0.541666666666667,0.796000000000019,-2.09851309055642
0.55,0.910999999999995,-2.05368984832978
0.558333333333333,0.993999999999939,-2.22317504681767
0.566666666666667,1.027,-2.0372483808312
0.575,0.858999999999943,-2.28746425262967
0.583333333333333,0.788000000000011,-2.23845167567033
0.591666666666667,0.80799999999992,-2.23960036799221
0.6,0.965999999999911,-2.3181789313487
0.608333333333333,0.717999999999996,-2.14341650106107
0.616666666666667,0.974999999999948,-2.25636831841006
0.625,0.98100000000001,-2.12275961306646
0.633333333333333,0.885999999999942,-2.13630347881776
0.641666666666667,0.968999999999998,-2.11440021777988
0.65,0.882999999999967,-2.12743176273942
0.658333333333333,0.885999999999942,-2.10350912529556
0.666666666666667,0.967999999999969,-2.03810845151697
0.675,1.07699999999999,-2.15735977826707
0.683333333333333,1.07000000000002,-1.94659574364638
0.691666666666667,1.05299999999997,-2.10941203998483
0.7,0.982999999999956,-2.07133629363171
0.708333333333333,1.04599999999999,-1.97911160694069
0.716666666666667,1.07499999999994,-2.23130695224289
0.725,0.910999999999995,-1.97543604781884
0.733333333333333,0.902999999999987,-2.16106085787201
0.741666666666667,1.11600000000001,-2.20018160453502
0.75,1.22800000000001,-2.02823034305
0.758333333333333,1.21499999999997,-2.20635978823823
0.766666666666667,1.10999999999994,-2.03533036041125
0.775,0.882999999999967,-2.1511062068197
0.783333333333333,1.06699999999993,-2.00770476157781
0.791666666666667,1.15799999999999,-1.99918478311659
0.8,1.00199999999995,-2.00255790112802
0.808333333333333,1.166,-1.8637499983785
0.816666666666667,1.25799999999998,-1.97782471106651
0.825,1.10499999999991,-1.85699217696691
0.833333333333333,1.17800000000001,-1.94471288953799
0.841666666666667,1.13599999999992,-1.90748326516092
0.85,1.06499999999998,-1.87256592520396
0.858333333333333,1.29799999999991,-1.97807526975703
0.866666666666667,0.902999999999987,-1.74563828776498
0.875,1.24000000000002,-1.98021962453917
0.883333333333333,1.08900000000001,-1.75825786539375
0.891666666666667,1.13399999999997,-1.82880804465557
0.9,0.973999999999919,-1.81806405385215
0.908333333333333,1.22899999999992,-1.75240026833443
0.916666666666667,1.18799999999997,-1.97492839602137
0.925,0.861000000000001,-1.70181511442221
0.933333333333333,1.18999999999991,-1.95202844132266
0.941666666666667,1.03599999999993,-1.84284453012021
0.95,0.944999999999974,-1.77301754598374
0.958333333333333,0.761000000000012,-1.85689949812827
0.966666666666667,1.16299999999991,-1.62660169164207
0.975,0.892999999999922,-1.79350263133664
0.983333333333333,0.865999999999922,-1.57598558717974
0.991666666666667,0.990999999999964,-1.63487188498274
1,1.01200000000001,-1.61648642077306
1.00833333333333,0.703999999999927,-1.55757652170543
1.01666666666667,0.741999999999909,-1.7246621612552
1.025,0.711999999999935,-1.60554912523415
1.03333333333333,0.622000000000011,-1.94510653388246
1.04166666666667,0.641000000000003,-1.76418807075893
1.05,0.865000000000005,-1.71528095758887
1.05833333333333,0.601999999999991,-1.89495035778804
1.06666666666667,0.612999999999975,-1.6495766648074
1.075,0.761999999999929,-1.81498713367833
1.08333333333333,0.766999999999962,-1.58411024605778
1.09166666666667,0.552999999999915,-1.81336154028141
1.1,0.619999999999954,-1.81685163841634
1.10833333333333,0.487000000000015,-1.61381675567894
1.11666666666667,0.514999999999932,-1.92908959129136
1.125,0.668000000000002,-1.65099460087687
1.13333333333333,0.587000000000004,-1.89624309826022
1.14166666666667,0.548999999999911,-1.81394436777723
1.15,0.568999999999931,-1.70205226414501
1.15833333333333,0.556000000000001,-1.95487223764713
1.16666666666667,0.549999999999939,-1.54217906413276
1.175,0.52299999999994,-1.9402028381002
1.18333333333333,0.515999999999961,-1.52817706362858
1.19166666666667,0.514999999999932,-1.79017130895723
1.2,0.569999999999959,-1.69509268967809
1.20833333333333,0.626000000000015,-1.64668013371286
1.21666666666667,0.499999999999945,-1.74982418609577
1.225,0.375999999999932,-1.66422166933144
1.23333333333333,0.502000000000002,-1.79077031049592
1.24166666666667,0.52299999999994,-1.78556624321583
1.25,0.379999999999936,-1.69980489116803
1.25833333333333,0.519999999999965,-1.85982120896258
1.26666666666667,0.43699999999991,-1.62910508340689
1.275,0.560000000000005,-1.81215761100054
1.28333333333333,0.267000000000017,-1.67148768425287
1.29166666666667,0.344000000000011,-1.69032278275284
1.3,0.431999999999988,-1.74858479945716
1.30833333333333,0.341999999999953,-1.68665683514378
1.31666666666667,0.309999999999921,-1.84949991782289
1.325,0.337999999999949,-1.6996575523886
1.33333333333333,0.446999999999975,-1.90828523772301
1.34166666666667,0.441999999999942,-1.82499225705436
1.35,0.274999999999914,-1.87283611351995
1.35833333333333,0.238999999999989,-1.98369524469412
1.36666666666667,0.243999999999911,-1.8561514448561
1.375,0.341999999999953,-2.10223628549276
1.38333333333333,0.280999999999976,-1.89661277883315
1.39166666666667,0.240000000000018,-2.06777637978017
1.4,0.526999999999944,-2.08163097455787
1.40833333333333,0.305,-1.92025606647354
1.41666666666667,0.226999999999977,-2.18743291512019
1.425,0.618999999999925,-1.95311059438489
1.43333333333333,0.318999999999958,-2.21746056554941
1.44166666666667,0.349999999999961,-2.12558946704504
1.45,0.395999999999952,-2.25484841407867
1.45833333333333,0.580999999999943,-2.27252378389849
1.46666666666667,0.375000000000014,-2.26159574270517
1.475,0.587999999999922,-2.35217500118433
1.48333333333333,0.678999999999985,-2.21007331024278
1.49166666666667,0.638999999999945,-2.37997307782971
1.5,0.456000000000012,-2.36283187458831
1.50833333333333,0.488999999999962,-2.24670021799271
1.51666666666667,0.65599999999999,-2.33549762955284
1.525,0.572000000000017,-2.32821572414121
1.53333333333333,0.638999999999945,-2.43773593417828
1.54166666666667,0.426999999999955,-2.3241132760278
1.55,0.551999999999997,-2.24882773795277
1.55833333333333,0.386999999999915,-2.45406518321943
1.56666666666667,0.381999999999993,-2.2213380823218
1.575,0.564999999999927,-2.31763798303346
1.58333333333333,0.654999999999961,-2.27360245898934
1.59166666666667,0.483999999999929,-2.26188918444496
1.6,0.550999999999968,-2.2463441368469
1.60833333333333,0.539999999999985,-2.25065367247305
1.61666666666667,0.468999999999942,-2.29684180552073
1.625,0.352000000000019,-2.14643838910171
1.63333333333333,0.348000000000015,-2.37317501399658
1.64166666666667,0.305,-2.1923866142929
1.65,0.475999999999921,-2.29336378790803
1.65833333333333,0.195999999999974,-2.30168426283429
1.66666666666667,0.42399999999998,-2.19610757971314
1.675,0.406000000000017,-2.35956787186845
1.68333333333333,0.307999999999975,-2.20653177569425
1.69166666666667,0.292999999999988,-2.31354275290299
1.7,0.272999999999968,-2.29673235816439
1.70833333333333,0.205999999999928,-2.26148638814486
1.71666666666667,0.201000000000007,-2.37977096170705
1.725,0.377999999999989,-2.31858025525332
1.73333333333333,0.444999999999918,-2.3716065754039
1.74166666666667,0.215999999999994,-2.39761772974453
1.75,0.134999999999996,-2.33992684693858
1.75833333333333,0.228000000000006,-2.48177819671146
1.76666666666667,0.375000000000014,-2.27449059957838
1.775,0.399999999999956,-2.50303984164233
1.78333333333333,0.301999999999913,-2.29368330637665
1.79166666666667,0.422999999999951,-2.39832183209188
1.8,0.309000000000004,-2.39183899656681
1.80833333333333,0.29099999999993,-2.32753476949493
1.81666666666667,0.23200000000001,-2.45224605640103
1.825,0.273999999999996,-2.27369741438366
1.83333333333333,0.240000000000018,-2.43621633218003
1.84166666666667,0.346999999999986,-2.38590914070758
1.85,0.344999999999929,-2.3100338049443
1.85833333333333,0.249999999999972,-2.4735315031693
1.86666666666667,0.165999999999999,-2.34746205341487
1.875,0.324999999999909,-2.3785134140482
1.88333333333333,0.40399999999996,-2.30944803215919
1.89166666666667,0.259999999999927,-2.38986207465982
1.9,0.328999999999913,-2.30573726891259
1.90833333333333,0.299999999999967,-2.34090691395435
1.91666666666667,0.273999999999996,-2.38913248120308
1.925,0.151000000000012,-2.23353531094847
1.93333333333333,0.228000000000006,-2.25369239316248
1.94166666666667,0.345999999999957,-2.32033901579234
1.95,0.333999999999945,-2.30345232904649
1.95833333333333,0.059999999999949,-2.22114478896187
1.96666666666667,0.398999999999927,-2.17001772289927
1.975,0.273999999999996,-2.24150002704487
1.98333333333333,0.315999999999983,-2.00747775299217
1.99166666666667,0.315999999999983,-2.18968422110817
2,0.332999999999917,-2.04276550273106
2.00833333333333,0.179999999999958,-2.16545500366002
2.01666666666667,0.349999999999961,-2.15943798329342
2.025,0.0779999999999115,-2.01962681237979
2.03333333333333,0.419999999999976,-2.22930893137848
2.04166666666667,0.256999999999952,-2.00975075035477
2.05,0.431999999999988,-2.0876465573411
2.05833333333333,0.355999999999912,-2.05957941582645
2.06666666666667,0.315999999999983,-1.96386434135464
2.075,0.313000000000008,-2.06000574028433
2.08333333333333,0.377999999999989,-1.95779948180339
2.09166666666667,0.460000000000016,-2.0254826743268
2.1,0.288999999999984,-2.11567693735048
2.10833333333333,0.391999999999948,-2.10462495437888
2.11666666666667,0.415999999999972,-2.20177256990247
2.125,0.248999999999944,-2.11795833120322
2.13333333333333,0.475999999999921,-2.26693206983928
2.14166666666667,0.367999999999924,-2.12975651516101
2.15,0.483000000000011,-2.13406268352355
2.15833333333333,0.579999999999914,-2.21770110604523
2.16666666666667,0.468999999999942,-2.0907802672472
2.175,0.634999999999941,-2.20354746062295
2.18333333333333,0.470999999999999,-2.11902966552472
2.19166666666667,0.360999999999945,-2.18822240685436
2.2,0.560000000000005,-2.11619434492535
2.20833333333333,0.53700000000001,-2.04465158670211
2.21666666666667,0.533000000000006,-2.2441813826672
2.225,0.215999999999994,-1.83499852747547
2.23333333333333,0.518999999999936,-2.10146715545462
2.24166666666667,0.37100000000001,-1.98501073569517
2.25,0.450999999999979,-1.93931691645712
2.25833333333333,0.479999999999925,-2.16279930773634
2.26666666666667,0.315999999999983,-1.86058107627765
2.275,0.247999999999915,-2.19888937846813
2.28333333333333,0.396999999999981,-1.95127657847676
2.29166666666667,0.530999999999948,-2.03599921633859
2.3,0.287999999999955,-2.11349311935418
2.30833333333333,0.508999999999982,-1.85706421926408
2.31666666666667,0.376999999999961,-2.20052387935496
2.325,0.275999999999943,-1.94278034085272
2.33333333333333,0.460000000000016,-2.09551065814804
2.34166666666667,0.328999999999913,-2.14023870047507
2.35,0.340000000000007,-2.04950833621978
2.35833333333333,0.355999999999912,-2.23564165870901
2.36666666666667,0.214999999999965,-2.0688074293775
2.375,0.394000000000005,-2.12415416805454
2.38333333333333,0.195999999999974,-2.08316774468588
2.39166666666667,0.272999999999968,-2.24840639295396
2.4,0.166999999999917,-2.08207204747277
2.40833333333333,0.153999999999987,-2.1869621062054
2.41666666666667,0.203999999999982,-2.43946486702062
2.425,0.160999999999967,-2.08246196498192
2.43333333333333,0.291999999999959,-2.28600390583394
2.44166666666667,0.0129999999999297,-2.24065719288434
2.45,0.218999999999969,-2.26751321330259
2.45833333333333,0.0769999999999937,-2.27074627973165
2.46666666666667,0.162999999999913,-2.19892364956385
2.475,0.135999999999914,-2.34117648264754
2.48333333333333,-0.0100000000000655,-2.17954064200043
2.49166666666667,0.103999999999993,-2.26123037336702
2.5,0.129999999999963,-2.24578006017324
2.50833333333333,-0.119000000000091,-2.19507027427709
2.51666666666667,0.071999999999961,-2.37202682680854
2.525,-0.190000000000023,-2.15380103699192
2.53333333333333,0.023999999999913,-2.28585512085307
2.54166666666667,0.0729999999999897,-2.16061956625863
2.55,-0.064000000000064,-2.16855637770224
2.55833333333333,-0.00900000000003676,-2.29398496472998
2.56666666666667,-0.273000000000079,-2.15108226359131
2.575,0.0269999999999992,-2.33982143382932
2.58333333333333,-0.188000000000077,-2.11709664955986
2.59166666666667,-0.00900000000003676,-2.23191643810566
2.6,-0.233000000000039,-2.0966983380151
2.60833333333333,-0.110000000000054,-2.04281059003497
2.61666666666667,-0.37100000000001,-2.21711986380822
2.625,-0.269999999999992,-2.06719401725225
2.63333333333333,-0.215999999999994,-2.26361693481547
2.64166666666667,-0.330000000000052,-2.15599157215828
2.65,-0.333000000000028,-2.29985431006714
2.65833333333333,-0.363000000000002,-2.29431628611136
2.66666666666667,-0.226000000000059,-2.33590015195794
2.675,-0.578000000000078,-2.37442147758058
2.68333333333333,-0.205000000000011,-2.35128549465315
2.69166666666667,-0.454000000000065,-2.40063304078796
2.7,-0.319999999999987,-2.45373941676688
2.70833333333333,-0.408000000000075,-2.49400226222222
2.71666666666667,-0.134999999999996,-2.70435751481916
2.725,-0.244000000000022,-2.65542042515633
2.73333333333333,-0.273000000000079,-2.78814116921787
2.74166666666667,-0.095999999999985,-2.74995456848314
2.75,-0.176999999999983,-2.81773406432663
2.75833333333333,-0.0950000000000673,-2.93255443173427
2.76666666666667,-0.0510000000000232,-2.76110749386623
2.775,-0.161000000000078,-2.91531115627558
2.78333333333333,-0.064000000000064,-2.83202012443706
2.79166666666667,-0.036000000000036,-2.86657407730527
2.8,0.0269999999999992,-2.72489136303889
2.80833333333333,-0.0510000000000232,-2.73368973981793
2.81666666666667,0.0229999999999952,-2.79850562451953
2.825,-0.188000000000077,-2.76700559150755
2.83333333333333,-0.091999999999981,-2.74305057126836
2.84166666666667,-0.0550000000000272,-2.82262717090001
2.85,-0.0510000000000232,-2.77541668478855
2.85833333333333,-0.184000000000073,-2.75683356807297
2.86666666666667,-0.153999999999987,-2.76136638943932
2.875,-0.227000000000088,-2.7658820168918
2.88333333333333,-0.188000000000077,-2.78242890557043
2.89166666666667,-0.17300000000009,-2.75180567468216
2.9,-0.304000000000082,-2.69216363110141
2.90833333333333,-0.0149999999999872,-2.69701580366084
2.91666666666667,-0.00200000000005751,-2.79405536070767
2.925,-0.214000000000047,-2.66211197214605
2.93333333333333,-0.230000000000063,-2.87553295954248
2.94166666666667,-0.342999999999982,-2.74891809946162
2.95,-0.373999999999985,-2.75247971730489
2.95833333333333,-0.435000000000074,-2.80636256088745
2.96666666666667,-0.437000000000021,-2.70311609047162
2.975,-0.388000000000055,-2.80903036085097
2.98333333333333,-0.352000000000019,-2.71785963582807
2.99166666666667,-0.628000000000073,-2.68751794247783
3,-0.39100000000003,-2.78484161711549
3.00833333333333,-0.282000000000004,-2.74653657226149
3.01666666666667,-0.468000000000024,-2.76402390608656
3.025,-0.285000000000091,-2.71782747582233
3.03333333333333,-0.439999999999996,-2.86463605269455
3.04166666666667,-0.207999999999986,-2.7902310706292
3.05,-0.251000000000001,-2.79560292751357
3.05833333333333,-0.350000000000072,-2.82810278369288
3.06666666666667,-0.251000000000001,-2.66303715924314
3.075,-0.132000000000021,-2.76359597830744
3.08333333333333,-0.412999999999997,-2.60859056494071
3.09166666666667,-0.425000000000009,-2.6365363103823
3.1,-0.134999999999996,-2.73260552958586
3.10833333333333,-0.327000000000077,-2.55303172097257
3.11666666666667,-0.321000000000016,-2.61758071891113
3.125,-0.140000000000029,-2.5648690922969
3.13333333333333,-0.234999999999985,-2.5304993394559
3.14166666666667,-0.200000000000089,-2.54345602247877
3.15,-0.044000000000044,-2.6365170070665
3.15833333333333,-0.19900000000006,-2.64185646353802
3.16666666666667,-0.0220000000000775,-2.59643064251112
3.175,0.187999999999966,-2.7066225055008
3.18333333333333,-0.0630000000000353,-2.56633172152521
3.19166666666667,0.311999999999979,-2.64801566292799
3.2,0.195999999999974,-2.54304024107062
3.20833333333333,0.213999999999936,-2.32026754711263
3.21666666666667,0.157999999999991,-2.55350679499211
3.225,0.291999999999959,-2.21108297687453
3.23333333333333,0.083999999999973,-2.27870268393223
3.24166666666667,0.141999999999976,-2.33336758058351
3.25,0.195999999999974,-2.35140553697794
3.25833333333333,0.216999999999912,-2.23213870134366
3.26666666666667,0.354999999999994,-2.11158253877381
3.275,-0.0340000000000895,-2.28226068469912
3.28333333333333,0.340999999999925,-2.02310028778934
3.29166666666667,0.15199999999993,-2.0908563316586
3.3,0.375000000000014,-2.13573717040308
3.30833333333333,0.341999999999953,-2.00135373484246
3.31666666666667,0.425000000000009,-2.18420570530021
3.325,0.546999999999964,-1.9945753937379
3.33333333333333,0.352000000000019,-2.10086808856218
3.34166666666667,0.596999999999959,-2.03289870117992
3.35,0.331999999999999,-1.91027820645181
3.35833333333333,0.670999999999977,-1.99117198917303
3.36666666666667,0.508999999999982,-1.73833819788788
3.375,0.564999999999927,-1.86157613636459
3.38333333333333,0.430999999999959,-1.6703820226314
3.39166666666667,0.400999999999985,-1.66095199975304
3.4,0.430999999999959,-1.64204648313871
3.40833333333333,0.44999999999995,-1.4141352850031
3.41666666666667,0.243999999999911,-1.55551829606891
3.425,0.36399999999992,-1.35058153189659
3.43333333333333,0.45699999999993,-1.51846538121735
3.44166666666667,0.524999999999998,-1.42296637195055
3.45,0.410999999999939,-1.5148991728851
3.45833333333333,0.251000000000001,-1.60468222974189
3.46666666666667,0.0819999999999155,-1.48820660516386
3.475,0.298999999999938,-1.75938692907043
3.48333333333333,0.305999999999917,-1.72687462865361
3.49166666666667,0.0509999999999122,-1.72612779568443
3.5,0.124000000000013,-1.89671894070302
3.50833333333333,0.202999999999953,-1.6618732835909
3.51666666666667,0.311999999999979,-2.04111277034834
3.525,0.245999999999968,-1.74720008156478
3.53333333333333,0.121999999999955,-2.07392137508955
3.54166666666667,0.259999999999927,-1.96999254216646
3.55,0.167999999999946,-2.12962465571437
3.55833333333333,0.0740000000000185,-2.11808739480661
3.56666666666667,-0.0180000000000735,-2.1646165939168
3.575,0.0539999999999985,-2.20827807685653
3.58333333333333,0.133999999999967,-2.22211307386682
3.59166666666667,0.203999999999982,-2.11904412369673
3.6,0.116000000000005,-2.20359166138801
3.60833333333333,0.101000000000018,-1.9322866110181
3.61666666666667,0.0419999999999865,-2.11615137723559
3.625,0.135999999999914,-1.91634472590504
3.63333333333333,0.219999999999998,-2.14538365482805
3.64166666666667,0.28499999999998,-2.02993169071005
3.65,-0.0910000000000633,-2.08622061390823
3.65833333333333,0.0829999999999442,-2.08468944485078
3.66666666666667,-0.157000000000074,-1.92687420896248
3.675,0.0609999999999777,-2.07622715427976
3.68333333333333,-0.170000000000003,-1.94980618394611
3.69166666666667,0.126999999999988,-2.02374595302319
3.7,-0.0910000000000633,-2.04160821017122
3.70833333333333,0.0409999999999577,-1.98005381182958
3.71666666666667,-0.0930000000000097,-2.21566757015062
3.725,0.00099999999991773,-2.0835775034159
3.73333333333333,-0.0570000000000848,-2.30065394079992
3.74166666666667,0.00199999999994649,-2.24798220794344
3.75,-0.0370000000000648,-2.31496255160394
3.75833333333333,-0.157999999999991,-2.33304228536723
3.76666666666667,-0.0740000000000185,-2.27541184094675
3.775,-0.160000000000049,-2.37918361813332
3.78333333333333,-0.00600000000006151,-2.29389267474642
3.79166666666667,-0.268000000000046,-2.41606328955975
3.8,0.0620000000000065,-2.39449562063923
3.80833333333333,-0.11300000000003,-2.44949276156085
3.81666666666667,-0.213000000000019,-2.51123010759335
3.825,-0.10600000000005,-2.47708513486924
3.83333333333333,-0.0710000000000433,-2.58153486757191
3.84166666666667,-0.111000000000083,-2.54240562330718
3.85,-0.141000000000058,-2.62389533817792
3.85833333333333,-0.116000000000005,-2.62531564816703
3.86666666666667,-0.141000000000058,-2.61512662851856
3.875,-0.0860000000000305,-2.72413727307651
3.88333333333333,-0.226000000000059,-2.64812315167825
3.89166666666667,-0.116000000000005,-2.75501357304077
3.9,-0.267000000000017,-2.7343192284758
3.90833333333333,-0.364000000000031,-2.70033306440763
3.91666666666667,-0.0740000000000185,-2.72500798288137
3.925,-0.188000000000077,-2.69191619899568
3.93333333333333,-0.138000000000083,-2.74880713618729
3.94166666666667,-0.304000000000082,-2.7082974013007
3.95,-0.398000000000009,-2.79200655969114
3.95833333333333,-0.210000000000043,-2.77064935359465
3.96666666666667,-0.363000000000002,-2.82682415321041
3.975,-0.434000000000045,-2.87375176980312
3.98333333333333,-0.422000000000033,-2.78250316759079
3.99166666666667,-0.211000000000072,-2.88620785905115
4,-0.223000000000084,-2.86542959259713
4.00833333333333,-0.423000000000062,-2.79865066747304
4.01666666666667,-0.454999999999983,-2.91733462027508
4.025,-0.512999999999986,-2.83962128447971
4.03333333333333,-0.346999999999986,-2.84653203557481
4.04166666666667,-0.236000000000014,-2.85234967346162
4.05,-0.435000000000074,-2.93330996497593
4.05833333333333,-0.487000000000015,-2.86359995809256
4.06666666666667,-0.483000000000011,-2.90244468347812
4.075,-0.609000000000082,-2.94543464627937
4.08333333333333,-0.417000000000001,-2.83248470071237
4.09166666666667,-0.554000000000054,-2.98230046905211
4.1,-0.493999999999994,-2.94851107268183
4.10833333333333,-0.547999999999993,-2.85393986368791
4.11666666666667,-0.553000000000026,-3.02021849410887
4.125,-0.48400000000004,-2.81799245398926
4.13333333333333,-0.452000000000008,-2.87503549566078
4.14166666666667,-0.468000000000024,-2.88525559354688
4.15,-0.622000000000011,-2.8135641523708
4.15833333333333,-0.55000000000005,-2.95129126074851
4.16666666666667,-0.485000000000069,-2.7525680901431
4.175,-0.555000000000083,-2.90530654055764
4.18333333333333,-0.488000000000044,-2.82803093306227
4.19166666666667,-0.545000000000018,-2.7914395658766
4.2,-0.539000000000067,-2.81909304822235
4.20833333333333,-0.542000000000042,-2.7318464648009
4.21666666666667,-0.466000000000077,-2.81274481258068
4.225,-0.565000000000038,-2.67872900020164
4.23333333333333,-0.520000000000076,-2.79456557311269
4.24166666666667,-0.296000000000074,-2.68243041223231
4.25,-0.515000000000043,-2.75250796416611
4.25833333333333,-0.627000000000044,-2.73365700531426
4.26666666666667,-0.441000000000025,-2.70042919914934
4.275,-0.443000000000082,-2.76255118941479
4.28333333333333,-0.454999999999983,-2.70232520527089
4.29166666666667,-0.50400000000006,-2.75021913928619
4.3,-0.258000000000091,-2.69459906264713
4.30833333333333,-0.434000000000045,-2.6783886167946
4.31666666666667,-0.473000000000057,-2.75327759387538
4.325,-0.244000000000022,-2.60789604207596
4.33333333333333,-0.589000000000062,-2.6818042972972
4.34166666666667,-0.438000000000049,-2.67360451141149
4.35,-0.475000000000003,-2.65559547841297
4.35833333333333,-0.390000000000001,-2.66165622265195
4.36666666666667,-0.267000000000017,-2.6378060691488
4.375,-0.485999999999986,-2.70863976295496
4.38333333333333,-0.105000000000022,-2.66287756911042
4.39166666666667,-0.32500000000002,-2.68677036082021
4.4,-0.454000000000065,-2.74563854188579
4.40833333333333,-0.294000000000016,-2.65043437851775
4.41666666666667,-0.398000000000009,-2.68636372303993
4.425,-0.156000000000045,-2.62875153072163
4.43333333333333,-0.449000000000033,-2.66137274908366
4.44166666666667,-0.138000000000083,-2.68087099673916
4.45,-0.238000000000071,-2.53987373556108
4.45833333333333,-0.032000000000032,-2.65410589267145
4.46666666666667,-0.163000000000024,-2.51273969657424
4.475,0.008000000000008,-2.61817680898538
4.48333333333333,-0.275000000000025,-2.56189007633177
4.49166666666667,0.0379999999999825,-2.58197596835292
4.5,-0.190000000000023,-2.56408599756352
4.50833333333333,0.0549999999999162,-2.51704880846327
4.51666666666667,-0.23200000000001,-2.55513908297492
4.525,0.008000000000008,-2.48131131688258
4.53333333333333,-0.288999999999984,-2.53325691811989
4.54166666666667,0.00599999999995049,-2.49079258865499
4.55,0.00499999999992173,-2.51026737427499
4.55833333333333,0.031999999999921,-2.53660675965962
4.56666666666667,0.0229999999999952,-2.41581489136409
4.575,0.095999999999985,-2.5151712193306
4.58333333333333,0.128999999999935,-2.45069183445683
4.59166666666667,-0.044000000000044,-2.46126347666888
4.6,0.130999999999992,-2.55662978790862
4.60833333333333,0.137999999999971,-2.46881125608243
4.61666666666667,0.198999999999949,-2.56132594701061
4.625,0.027999999999917,-2.44299713929112
4.63333333333333,0,-2.52466863408608
4.64166666666667,0.106999999999968,-2.49801080511922
4.65,-0.0130000000000408,-2.39943143574073
4.65833333333333,0.0789999999999402,-2.51966790945795
4.66666666666667,0.279999999999947,-2.44994328278094
4.675,-0.00600000000006151,-2.44698683278019
4.68333333333333,0.290000000000012,-2.44688229945726
4.69166666666667,0.213000000000019,-2.48965712755832
4.7,-0.0109999999999832,-2.40278158247496
4.70833333333333,0.109999999999943,-2.38281255737957
4.71666666666667,0.201999999999924,-2.4979062143659
4.725,0.00599999999995049,-2.29292847635334
4.73333333333333,-0.256000000000034,-2.43798652490903
4.74166666666667,0.087999999999977,-2.42667965739973
4.75,0.192999999999999,-2.31291925851466
4.75833333333333,-0.0250000000000528,-2.43222439719952
4.76666666666667,-0.197000000000003,-2.31686533104382
4.775,0.004000000000004,-2.41984716784175
4.78333333333333,0.0939999999999275,-2.36755008859156
4.79166666666667,0.188999999999995,-2.33312988301258
4.8,0.149999999999983,-2.46099910646346
4.80833333333333,0.307999999999975,-2.24669880533288
4.81666666666667,0.0809999999999977,-2.46714171980963
4.825,0.0930000000000097,-2.34745435652124
4.83333333333333,-0.091999999999981,-2.39728543157855
4.84166666666667,0.101999999999935,-2.41437869134034
4.85,-0.178000000000011,-2.31620615152434
4.85833333333333,0.0329999999999497,-2.48471270726949
4.86666666666667,0.0109999999999832,-2.23336922845842
4.875,-0.0689999999999857,-2.49560705520104
4.88333333333333,0,-2.28886208437881
4.89166666666667,-0.0210000000000488,-2.49384637096436
4.9,0.079999999999969,-2.43091158947163
4.90833333333333,0.0749999999999362,-2.35046161777853
4.91666666666667,0.0589999999999202,-2.57421599777716
4.925,0.240000000000018,-2.2783715769616
4.93333333333333,0.0859999999999195,-2.5122183374986
4.94166666666667,0.203999999999982,-2.3863935251527
4.95,0.282000000000004,-2.38321366973413
4.95833333333333,0.248999999999944,-2.4959370797336
4.96666666666667,0.0809999999999977,-2.24835104511992
4.975,-0.0490000000000768,-2.45658095595036
4.98333333333333,0.21199999999999,-2.45765082718915
4.99166666666667,0.130999999999992,-2.34983329266195
5,0.256999999999952,-2.42684788959004
5.00833333333333,0.0789999999999402,-2.35836378359042
5.01666666666667,0.251000000000001,-2.39385286662625
5.025,0.249999999999972,-2.42450976787038
5.03333333333333,0.0169999999999337,-2.38308015473489
5.04166666666667,0.144999999999951,-2.3617445181324
5.05,0.326999999999966,-2.41155221131846
5.05833333333333,-0.0550000000000272,-2.36620209340656
5.06666666666667,0.255999999999923,-2.34091893073062
5.075,0.145999999999979,-2.41999919239121
5.08333333333333,0.159999999999938,-2.29616135535123
5.09166666666667,0.297999999999909,-2.49301533896764
5.1,0.116999999999923,-2.32552685494171
5.10833333333333,0.102999999999964,-2.33678913006291
5.11666666666667,0.272999999999968,-2.40144285021951
5.125,0.091999999999981,-2.31197925274017
5.13333333333333,0.185999999999908,-2.41540197393084
5.14166666666667,0.0129999999999297,-2.40366087078338
5.15,0.166999999999917,-2.41838646667503
5.15833333333333,0.265999999999988,-2.47559178520956
5.16666666666667,-0.0330000000000608,-2.40307056681402
5.175,0.122999999999984,-2.46385643624522
5.18333333333333,0.0930000000000097,-2.44701636030908
5.19166666666667,0.104999999999911,-2.51218034353968
5.2,-0.00300000000008627,-2.50015053664329
5.20833333333333,0.105999999999939,-2.48880325680397
5.21666666666667,0.063999999999953,-2.53416238270391
5.225,0.00299999999997524,-2.54817799775758
5.23333333333333,-0.10600000000005,-2.5682805636504
5.24166666666667,-0.121000000000038,-2.59522468814937
5.25,0.15199999999993,-2.5809256786183
5.25833333333333,-0.0660000000000105,-2.68538112682787
5.26666666666667,-0.0490000000000768,-2.60310631244258
5.275,-0.0930000000000097,-2.73974052823118
5.28333333333333,-0.0580000000000025,-2.6673567061349
5.29166666666667,-0.0189999999999912,-2.71540817458992
5.3,-0.0900000000000345,-2.74955546077771
5.30833333333333,0.075999999999965,-2.64422225999475
5.31666666666667,-0.21199999999999,-2.79690563458763
5.325,-0.101000000000018,-2.67684124693426
5.33333333333333,-0.130999999999992,-2.70955977350322
5.34166666666667,-0.335000000000085,-2.77762501379317
5.35,-0.138000000000083,-2.75340951074073
5.35833333333333,-0.0510000000000232,-2.71245019184472
5.36666666666667,-0.0820000000000265,-2.67116991826158
5.375,-0.197000000000003,-2.80050924621083
5.38333333333333,-0.276000000000054,-2.72615481586321
5.39166666666667,-0.384000000000051,-2.79844647351714
5.4,-0.354999999999994,-2.79845021466518
5.40833333333333,-0.287000000000037,-2.85785985741255
5.41666666666667,-0.194000000000027,-2.91518220006003
5.425,-0.184999999999991,-2.74356831467025
5.43333333333333,-0.335000000000085,-2.88329575730727
5.44166666666667,-0.547999999999993,-2.79216058400278
5.45,-0.31800000000004,-2.90262473439914
5.45833333333333,-0.23200000000001,-2.90856489874153
5.46666666666667,-0.269999999999992,-2.7167106724465
5.475,-0.481000000000065,-2.93182562880721
5.48333333333333,-0.748000000000082,-2.7660687111266
5.49166666666667,-0.503000000000031,-2.91377368897754
5.5,-0.512999999999986,-2.89060336517027
5.50833333333333,-0.508999999999982,-2.77084453436138
5.51666666666667,-0.488000000000044,-2.97043976538816
5.525,-0.551999999999997,-2.77043555653649
5.53333333333333,-0.689000000000051,-2.97123733295788
5.54166666666667,-0.685000000000047,-2.85897019591198
5.55,-0.515000000000043,-2.94545811250827
5.55833333333333,-0.573000000000046,-2.96622438218199
5.56666666666667,-0.485999999999986,-2.8742166275878
5.575,-0.480000000000036,-3.02622553490613
5.58333333333333,-0.546000000000046,-2.90553354972036
5.59166666666667,-0.468000000000024,-3.00847105792984
5.6,-0.518000000000018,-2.98269321170498
5.60833333333333,-0.533000000000006,-2.86964487620741
5.61666666666667,-0.430000000000041,-2.99834761046549
5.625,-0.609999999999999,-2.88656569020005
5.63333333333333,-0.439999999999996,-2.92395906995012
5.64166666666667,-0.478000000000089,-2.93649648905806
5.65,-0.214000000000047,-2.82737554903405
5.65833333333333,-0.492000000000048,-2.92595872915844
5.66666666666667,-0.508000000000064,-2.85152056510666
5.675,-0.48400000000004,-2.85719121053939
5.68333333333333,-0.427999999999984,-2.79343724000018
5.69166666666667,-0.31800000000004,-2.85858647060178
5.7,-0.415000000000054,-2.7551120103434
5.70833333333333,-0.595000000000012,-2.72061568376902
5.71666666666667,-0.566000000000066,-2.92013640102655
5.725,-0.281000000000087,-2.78601087701689
5.73333333333333,-0.527000000000055,-2.82730756570727
5.74166666666667,-0.491000000000019,-2.83602669283296
5.75,-0.457000000000041,-2.86753923602955
5.75833333333333,-0.354999999999994,-2.93290165711135
5.76666666666667,-0.421000000000005,-2.78527783747844
5.775,-0.352000000000019,-2.89317753896957
5.78333333333333,-0.291000000000041,-2.91175983790772
5.79166666666667,-0.435999999999992,-2.87084182199084
5.8,-0.32500000000002,-2.84695268290197
5.80833333333333,-0.296000000000074,-2.81594567767431
5.81666666666667,-0.331000000000081,-2.72642217770012
5.825,-0.435000000000074,-2.75474702522231
5.83333333333333,-0.0769999999999937,-2.61007968330658
5.84166666666667,-0.412000000000079,-2.6772240742345
5.85,-0.124000000000013,-2.59092374543744
5.85833333333333,-0.526000000000026,-2.70795548731298
5.86666666666667,-0.056000000000056,-2.65797059333601
5.875,-0.340000000000007,-2.77432572997798
5.88333333333333,-0.165999999999999,-2.85725105540696
5.89166666666667,-0.0100000000000655,-2.84620253968467
5.9,-0.125000000000042,-2.80560414223361
5.90833333333333,-0.442000000000053,-2.761094155796
5.91666666666667,-0.0109999999999832,-2.81678134168176
5.925,0.0430000000000152,-2.60884024553867
5.93333333333333,-0.0870000000000593,-2.73420466509166
5.94166666666667,-0.0570000000000848,-2.67763236594905
5.95,-0.151000000000012,-2.66550355457318
5.95833333333333,0.031999999999921,-2.79087458541179
5.96666666666667,-0.0769999999999937,-2.69835841573486
5.975,-0.196000000000085,-2.81525884133217
5.98333333333333,-0.06000000000006,-2.71571036747697
5.99166666666667,-0.230999999999981,-2.79539875865115
6,-0.209000000000015,-2.73396568768224
6.00833333333334,-0.0590000000000312,-2.68178363175724
6.01666666666667,-0.0870000000000593,-2.76932661721849
6.025,-0.474000000000085,-2.55568786327026
6.03333333333333,-0.138000000000083,-2.68702683186934
6.04166666666667,0.0310000000000032,-2.73682438625007
6.05,-0.238000000000071,-2.69344506650972
6.05833333333334,-0.311000000000061,-2.64871894309445
6.06666666666667,-0.0210000000000488,-2.64577230701753
6.075,-0.143000000000004,-2.75177292737214
6.08333333333333,-0.310000000000032,-2.6331315109304
6.09166666666667,-0.372000000000039,-2.73156751953895
6.1,-0.221000000000027,-2.67245810961972
6.10833333333334,-0.10600000000005,-2.61624119609741
6.11666666666667,-0.230000000000063,-2.78790032332486
6.125,-0.333000000000028,-2.72750188784465
6.13333333333334,-0.437000000000021,-2.73072415464997
6.14166666666667,-0.385999999999997,-2.62210595765965
6.15,-0.161000000000078,-2.76198277746714
6.15833333333333,-0.109000000000026,-2.79757709337688
6.16666666666667,-0.130999999999992,-2.61644242254671
6.175,-0.34500000000004,-2.76460625951037
6.18333333333334,-0.553000000000026,-2.71077972476256
6.19166666666667,-0.335000000000085,-2.67041042294586
6.2,-0.27200000000005,-2.68353322556062
6.20833333333333,-0.305,-2.72188219065565
6.21666666666667,-0.119000000000091,-2.68809178420156
6.225,-0.0220000000000775,-2.55437046553306
6.23333333333334,-0.143000000000004,-2.75585907009126
6.24166666666667,0.016000000000016,-2.62663013735148
6.25,-0.0769999999999937,-2.57165159016899
6.25833333333334,-0.197000000000003,-2.77543158328901
6.26666666666667,-0.183000000000044,-2.60921395403654
6.275,-0.435000000000074,-2.69845870600638
6.28333333333333,-0.264000000000042,-2.73968211283914
6.29166666666667,-0.15300000000007,-2.63652990665114
6.3,-0.265000000000071,-2.70111861413049
6.30833333333334,-0.149000000000066,-2.66813401513028
6.31666666666667,-0.350000000000072,-2.55608573727016
6.325,-0.358999999999998,-2.52553785746664
6.33333333333333,-0.21199999999999,-2.62889488660114
6.34166666666667,-0.329000000000024,-2.37006871712134
6.35,-0.236000000000014,-2.50200685445279
6.35833333333334,0.156999999999963,-2.44925424898661
6.36666666666667,-0.064000000000064,-2.41131679703475
6.375,0.133999999999967,-2.5602230999406
6.38333333333334,0.0419999999999865,-2.30885940243806
6.39166666666667,-0.299000000000049,-2.47604614162726
6.4,-0.116000000000005,-2.44030602206251
6.40833333333333,-0.0820000000000265,-2.42591124423826
6.41666666666667,-0.00600000000006151,-2.64429517080821
6.425,-0.307000000000057,-2.33868965595174
6.43333333333334,-0.402000000000013,-2.48996607827928
6.44166666666667,-0.120000000000009,-2.46706167811933
6.45,-0.0310000000000032,-2.39472403068174
6.45833333333333,-0.398000000000009,-2.49595373094935
6.46666666666667,-0.0530000000000808,-2.43254091842006
6.475,-0.17900000000004,-2.54141811302907
6.48333333333334,-0.0689999999999857,-2.56533068085083
6.49166666666667,-0.132000000000021,-2.53501904707884
6.5,-0.476000000000032,-2.57590653482878
6.50833333333334,-0.130999999999992,-2.54169023155471
6.51666666666667,-0.203999999999982,-2.55392346954568
6.525,-0.0390000000000112,-2.47158663355281
6.53333333333333,-0.296999999999992,-2.55002581462567
6.54166666666667,-0.0630000000000353,-2.51032785945372
6.55,-0.088000000000088,-2.50210561347391
6.55833333333334,-0.126000000000071,-2.57062411968821
6.56666666666667,-0.116000000000005,-2.50225947071753
6.575,-0.35800000000008,-2.59162343266994
6.58333333333333,-0.115000000000087,-2.53099985953212
6.59166666666667,-0.372000000000039,-2.5288024712494
6.6,-0.23200000000001,-2.55296291550366
6.60833333333334,-0.354000000000076,-2.46714402068385
6.61666666666667,-0.15900000000002,-2.60087207206583
6.625,-0.269999999999992,-2.47683183314061
6.63333333333334,-0.165000000000082,-2.70521851860572
6.64166666666667,-0.406000000000017,-2.55264893461176
6.65,-0.210000000000043,-2.67415764320563
6.65833333333333,-0.112000000000001,-2.66160362623411
6.66666666666667,-0.269000000000075,-2.59240999682449
6.675,-0.215000000000076,-2.74027175271368
6.68333333333334,-0.53000000000003,-2.62361991925783
6.69166666666667,-0.506000000000006,-2.69263056168731
6.7,-0.253000000000059,-2.63899836369516
6.70833333333333,-0.443000000000082,-2.60967584647639
6.71666666666667,-0.223000000000084,-2.76551315984741
6.725,-0.170000000000003,-2.59835434390868
6.73333333333334,-0.445000000000029,-2.68829140516345
6.74166666666667,-0.215999999999994,-2.76320414379094
6.75,-0.450000000000061,-2.68163027560533
6.75833333333334,-0.481000000000065,-2.76450277563942
6.76666666666667,-0.469000000000053,-2.77899673670107
6.775,-0.234000000000067,-2.82417219930163
6.78333333333333,-0.32500000000002,-2.75588051993649
6.79166666666667,-0.546000000000046,-2.81924797788574
6.8,-0.406000000000017,-2.73512816111884
6.80833333333334,-0.53700000000001,-2.78868582643577
6.81666666666667,-0.287000000000037,-2.78992317467735
6.825,-0.430000000000041,-2.76784009208632
6.83333333333333,-0.233000000000039,-2.85133714548747
6.84166666666667,-0.407000000000046,-2.71633982278228
6.85,-0.493999999999994,-2.85322869742616
6.85833333333334,-0.458000000000069,-2.7680167918357
6.86666666666667,-0.51699999999999,-2.77876392669813
6.875,-0.448000000000004,-2.87745445858201
6.88333333333334,-0.439999999999996,-2.67340829962093
6.89166666666667,-0.319999999999987,-2.85288751711753
6.9,-0.446000000000057,-2.74913206870117
6.90833333333333,-0.435999999999992,-2.78092350219295
6.91666666666667,-0.51699999999999,-2.94170758564021
6.925,-0.392000000000059,-2.70706076870988
6.93333333333334,-0.294000000000016,-2.82377243923145
6.94166666666667,-0.456000000000012,-2.89780684014433
6.95,-0.161000000000078,-2.70582892733203
6.95833333333333,-0.362000000000084,-2.91335472235635
6.96666666666667,-0.281000000000087,-2.84441187387636
6.975,-0.373000000000068,-2.77904046694049
6.98333333333334,-0.380000000000047,-2.79400489897814
6.99166666666667,-0.379000000000018,-2.82855593382459
7,-0.473000000000057,-2.80096402806952
7.00833333333334,-0.288999999999984,-2.66426133324032
7.01666666666667,-0.230999999999981,-2.85588718637746
7.025,-0.191000000000052,-2.73278678283064
7.03333333333333,-0.412000000000079,-2.73658872751923
7.04166666666667,-0.364000000000031,-2.73675594103769
7.05,-0.244000000000022,-2.72550711946092
7.05833333333334,-0.110000000000054,-2.87757428917733
7.06666666666667,-0.234999999999985,-2.66885620128779
7.075,-0.334000000000056,-2.79121596542317
7.08333333333333,-0.327999999999995,-2.67746985399422
7.09166666666667,-0.0830000000000553,-2.88355229697846
7.1,-0.10600000000005,-2.78930706783437
7.10833333333334,-0.392000000000059,-2.69357225131077
7.11666666666667,-0.545000000000018,-2.77993552849531
7.125,0.0299999999999745,-2.80405472327814
7.13333333333334,-0.152000000000041,-2.86751380458418
7.14166666666667,-0.341000000000036,-2.76963366164348
7.15,-0.255000000000005,-2.7656746380392
7.15833333333333,-0.261000000000067,-2.8146853269128
7.16666666666667,-0.0470000000000192,-2.75652031077034
7.175,-0.261999999999984,-2.76817476678453
7.18333333333334,-0.265999999999988,-2.64434782888226
7.19166666666667,-0.260000000000038,-2.82507111555503
7.2,-0.04000000000004,-2.70721223338298
7.20833333333333,-0.331999999999999,-2.63598747486229
7.21666666666667,-0.157000000000074,-2.85143044878606
7.225,0.00099999999991773,-2.60051168776795
7.23333333333334,-0.288999999999984,-2.64660501120967
7.24166666666667,0.0660000000000105,-2.67136055104072
7.25,-0.107999999999997,-2.5718702752848
7.25833333333334,-0.218000000000051,-2.75311421842261
7.26666666666667,0.0219999999999665,-2.55758767571933
7.275,-0.261000000000067,-2.69998668600701
7.28333333333333,0.0169999999999337,-2.58502631041463
7.29166666666667,0.00199999999994649,-2.57901296424914
7.3,-0.249000000000055,-2.59328550548393
7.30833333333334,0.0489999999999657,-2.48934903402737
7.31666666666667,-0.144000000000033,-2.62058573297642
7.325,-0.0350000000000072,-2.52794166140515
7.33333333333333,0.023999999999913,-2.62326488697244
7.34166666666667,-0.163000000000024,-2.54558270275994
7.35,0.039999999999929,-2.57429738022985
7.35833333333334,-0.161999999999995,-2.63826003181769
7.36666666666667,-0.249000000000055,-2.53281212340592
7.375,-0.0499999999999945,-2.65353138320439
7.38333333333334,-0.248000000000026,-2.51134097114047
7.39166666666667,-0.0930000000000097,-2.62426310961086
7.4,0.059999999999949,-2.67660445577411
7.40833333333333,-0.165999999999999,-2.60018080333842
7.41666666666667,-0.457000000000041,-2.61549191683764
7.425,0.0129999999999297,-2.66112877394167
7.43333333333334,-0.00700000000009027,-2.64524569378233
7.44166666666667,-0.0670000000000393,-2.57169014035979
7.45,-0.201000000000007,-2.64313058258444
7.45833333333333,-0.118000000000062,-2.55511363203131
7.46666666666667,-0.167000000000028,-2.59708406847707
7.475,-0.223000000000084,-2.74084818389878
7.48333333333334,-0.330000000000052,-2.508872619137
7.49166666666667,-0.385999999999997,-2.71536750893398
7.5,-0.306000000000028,-2.70827943472231
7.50833333333334,-0.186000000000019,-2.55386650354405
7.51666666666667,-0.206000000000039,-2.73668954336386
7.525,-0.118000000000062,-2.61238022674774
7.53333333333333,-0.02000000000002,-2.62361263240241
7.54166666666667,0.051999999999941,-2.71086673096597
7.55,0.101000000000018,-2.60647663598174
7.55833333333334,0.0939999999999275,-2.57134459180463
7.56666666666667,0.11899999999998,-2.71641636031617
7.575,0.0949999999999562,-2.75335732591728
7.58333333333333,0.099999999999989,-2.52646547213746
7.59166666666667,0.17199999999995,-2.76834138912
7.6,-0.207999999999986,-2.73780030961171
7.60833333333334,-0.102000000000046,-2.54450684201014
7.61666666666667,-0.149999999999983,-2.77050660197431
7.625,0.0549999999999162,-2.67088837745375
7.63333333333334,0.0890000000000057,-2.75636528482715
7.64166666666667,0.0819999999999155,-2.58789348351802
7.65,0.209999999999932,-2.65530885402169
7.65833333333333,-0.076000000000076,-2.76734629936869
7.66666666666667,-0.0370000000000648,-2.59096573328885
7.675,0.0289999999999457,-2.67882095331074
7.68333333333334,-0.0109999999999832,-2.54135765674257
7.69166666666667,0.125999999999959,-2.69289792185182
7.7,-0.161999999999995,-2.63976704726175
7.70833333333333,-0.138000000000083,-2.64676743476294
7.71666666666667,0.0589999999999202,-2.67353287876065
7.725,0.136999999999943,-2.6700599660586
7.73333333333334,-0.0670000000000393,-2.71189870073463
7.74166666666667,0.0779999999999115,-2.68110589332448
7.75,0.0169999999999337,-2.62667363826847
7.75833333333334,0.00899999999992573,-2.71302440779885
7.76666666666667,0.0209999999999377,-2.57752897224932
7.775,0.107999999999997,-2.75321044651294
7.78333333333333,0.0899999999999235,-2.64694220756276
7.79166666666667,0.213999999999936,-2.77994860722046
7.8,0.0769999999999937,-2.74705179369497
7.80833333333334,0.004000000000004,-2.64438837441609
7.81666666666667,0.035999999999925,-2.87168738714921
7.825,0.0169999999999337,-2.7327142538551
7.83333333333333,-0.145000000000062,-2.8271509498466
7.84166666666667,0.0509999999999122,-2.80219383760885
7.85,0.0189999999999912,-2.91829959041265
7.85833333333334,0.0649999999999817,-2.88008373010035
7.86666666666667,0.0469999999999082,-2.76025520835493
7.875,-0.048000000000048,-2.85304888955297
7.88333333333334,-0.116000000000005,-2.78551086382966
7.89166666666667,-0.044000000000044,-2.83781164854643
7.9,0.0269999999999992,-2.73650625107977
7.90833333333333,-0.0790000000000513,-2.79359058250836
7.91666666666667,-0.0269999999999992,-2.84971719931698
7.925,0.027999999999917,-2.6150440050233
7.93333333333334,-0.091999999999981,-2.77593422084202
7.94166666666667,-0.0379999999999825,-2.85103248549404
7.95,-0.0570000000000848,-2.83058665172391
7.95833333333333,-0.04000000000004,-2.73425986322337
7.96666666666667,-0.253000000000059,-2.71220029852256
7.975,-0.268000000000046,-2.91584787421525
7.98333333333334,-0.00300000000008627,-2.80064234822115
7.99166666666667,0.0419999999999865,-2.74748572808786
8,-0.117000000000034,-2.79997547471124
8.00833333333333,0.031999999999921,-2.78554422294785
8.01666666666667,-0.227000000000088,-2.90886669224585
8.025,-0.19900000000006,-2.74622002760081
8.03333333333333,-0.0950000000000673,-2.92998137591428
8.04166666666667,-0.308000000000086,-2.86246964595583
8.05,-0.335000000000085,-2.7664195359023
8.05833333333334,-0.323000000000073,-2.94944027937158
8.06666666666667,-0.138000000000083,-2.86713262161967
8.075,-0.393000000000088,-2.91874866414161
8.08333333333334,-0.31800000000004,-2.85520058836015
8.09166666666667,-0.369999999999981,-3.00490281367748
8.1,-0.148000000000037,-2.88912267880462
8.10833333333333,-0.215000000000076,-2.77895984029148
8.11666666666667,-0.198000000000031,-2.95146187285666
8.125,-0.296000000000074,-2.78617041472273
8.13333333333333,-0.197000000000003,-2.80484667584052
8.14166666666667,-0.302000000000024,-2.84548935283202
8.15,-0.354999999999994,-2.82986747288289
8.15833333333333,-0.349000000000044,-2.69264043795379
8.16666666666667,-0.188999999999995,-2.69630222357749
8.175,-0.250000000000083,-2.84207097119804
8.18333333333334,-0.0620000000000065,-2.63784490838884
8.19166666666667,-0.354999999999994,-2.65541589618931
8.2,-0.184999999999991,-2.66078281058174
8.20833333333334,-0.0459999999999905,-2.64100042998036
8.21666666666667,-0.327999999999995,-2.5950853260633
8.225,-0.0170000000000448,-2.5898985394261
8.23333333333333,-0.0390000000000112,-2.57089837846026
8.24166666666667,-0.230000000000063,-2.57709618694052
8.25,-0.0260000000000815,-2.45965006103221
8.25833333333333,-0.148000000000037,-2.59557166433425
8.26666666666667,-0.126999999999988,-2.42882712392083
8.275,-0.192999999999999,-2.5864388903948
8.28333333333333,-0.142000000000087,-2.4482840132085
8.29166666666667,-0.008000000000008,-2.55580754519018
8.3,-0.114000000000058,-2.46894754192722
8.30833333333334,0.106999999999968,-2.4054492947137
8.31666666666667,-0.207000000000068,-2.50062740407706
8.325,0.0689999999999857,-2.38503848390431
8.33333333333334,-0.186000000000019,-2.45573578385868
8.34166666666667,0.179999999999958,-2.48455627848954
8.35,0.0299999999999745,-2.49553616106805
8.35833333333333,0.33099999999997,-2.59345426705126
8.36666666666667,0.226999999999977,-2.52408977179401
8.375,0.230999999999981,-2.60060522246396
8.38333333333333,0.42399999999998,-2.52395564133144
8.39166666666667,0.348999999999933,-2.47975892248791
8.4,0.691999999999915,-2.30322551093711
8.40833333333333,0.747999999999971,-2.13892037491092
8.41666666666667,0.815999999999928,-2.12323332700428
8.425,1.17199999999995,-1.9033246335139
8.43333333333334,1.37999999999994,-1.98993246250885
8.44166666666667,1.359,-1.72281359035797
