time,height,log(Hersey number)
s,mm,1
0,4.24900000000006,0.841852456894514
0.00833333333333333,4.1540000000001,1.19611397429031
0.0166666666666667,4.11000000000006,0.577619061501928
0.025,4.28800000000007,0.94771267809019
0.0333333333333333,4.23800000000008,0.680162893057258
0.0416666666666667,4.11100000000009,0.473105368638649
0.05,4.0960000000001,0.800033558015871
0.0583333333333333,3.91300000000006,0.398572792670051
0.0666666666666667,3.77900000000009,0.512952612409322
0.075,3.75300000000001,0.292394303417852
0.0833333333333333,3.52700000000006,0.563853711167005
0.0916666666666667,3.58600000000009,0.600853468653143
0.1,3.54600000000005,0.177653948934712
0.108333333333333,3.68600000000008,0.333414304493703
0.116666666666667,3.79600000000002,0.0077164698568615
0.125,3.68600000000008,0.296265479685807
0.133333333333333,3.59100000000001,0.145001486842848
0.141666666666667,3.54900000000003,0.380319143949691
0.15,3.637,-0.0953938767237152
0.158333333333333,3.52300000000005,0.114293174490253
0.166666666666667,3.41400000000003,0.120883452324975
0.175,3.19000000000003,0.250047024663302
0.183333333333333,2.9610000000001,0.365750497470548
0.191666666666667,3.16000000000005,0.126625743281941
0.2,3.054,0.366567989214054
0.208333333333333,3.10500000000003,0.343500838322906
0.216666666666667,3.24200000000008,-0.0916027708805849
0.225,3.24900000000006,-0.0626183176487381
0.233333333333333,3.02100000000005,-0.0663400905004598
0.241666666666667,2.70900000000007,-0.133991309805397
0.25,2.66900000000003,-0.150993007587429
0.258333333333333,2.81700000000007,-0.512050421928923
0.266666666666667,2.85600000000008,-0.236736736228973
0.275,2.87300000000001,-0.24405333684518
0.283333333333333,3.0920000000001,-0.483581538466694
0.291666666666667,2.95300000000009,-0.32969617196344
0.3,2.749,-0.64663186690913
0.308333333333333,2.53600000000009,-0.92009604581076
0.316666666666667,2.53300000000001,-1.09724138419239
0.325,2.42200000000004,-0.638590234659142
0.333333333333333,2.552,-0.771605957864921
0.341666666666667,2.57300000000005,-0.807495468631102
0.35,2.66200000000005,-0.548131759469891
0.358333333333333,2.72100000000008,-0.692007369209267
0.366666666666667,2.46100000000005,-0.756679410443139
0.375,2.44100000000003,-1.1669508891599
0.383333333333333,2.41500000000006,-0.520633210175042
0.391666666666667,2.20200000000004,-0.549172791556226
0.4,2.48100000000007,-0.60118004636711
0.408333333333333,2.38900000000009,-0.604479385288418
0.416666666666667,2.3740000000001,-1.0626401334936
0.425,2.3430000000001,-0.752347700034656
0.433333333333333,2.19000000000003,-1.03179501599943
0.441666666666667,2.17300000000009,-0.612202141846133
0.45,2.24000000000002,-0.840382803589018
0.458333333333333,2.30600000000003,-0.645725170777395
0.466666666666667,2.14100000000006,-0.531016119268008
0.475,2.04800000000005,-0.780543314646769
0.483333333333333,1.99400000000005,-0.756835765916204
0.491666666666667,1.97600000000009,-1.13621347718139
0.5,2.04700000000002,-0.900836633800442
0.508333333333333,1.98500000000001,-1.10994076068426
0.516666666666667,1.87900000000008,-1.63862573991017
0.525,1.861,-0.904498120235256
0.533333333333333,1.94800000000006,-1.31709472377831
0.541666666666667,1.85500000000005,-1.07828515506332
0.55,1.79200000000002,-0.987914129693888
0.558333333333333,1.60300000000002,-1.09713504128671
0.566666666666667,1.79800000000008,-0.908990863324678
0.575,1.85000000000002,-1.7299573934975
0.583333333333333,1.83900000000004,-1.24864649877333
0.591666666666667,1.92400000000004,-1.2969641783938
0.6,1.85100000000005,-1.48913878382784
0.608333333333333,1.91800000000009,-1.00108398537627
0.616666666666667,1.89700000000004,-1.42049426535896
0.625,1.86600000000003,-0.791732434959052
0.633333333333333,1.86500000000001,-1.29750649438731
0.641666666666667,1.77100000000008,-1.13311600639112
0.65,1.68900000000005,-1.67790389054016
0.658333333333333,1.68800000000002,-1.21561855566987
0.666666666666667,1.76700000000007,-1.03806399414533
0.675,1.8720000000001,-0.909535332378065
0.683333333333333,1.86800000000009,-1.31382388701839
0.691666666666667,1.637,-1.32885220664028
0.7,1.60800000000005,-1.20687744920704
0.708333333333333,1.68700000000011,-1.33446941988637
0.716666666666667,1.67300000000004,-0.902834943891224
0.725,1.74600000000003,-1.24485106147127
0.733333333333333,1.71500000000002,-1.29210751197497
0.741666666666667,1.55200000000011,-1.38960065441494
0.75,1.61900000000004,-1.41109459532649
0.758333333333333,1.69700000000006,-1.20599491543718
0.766666666666667,1.59700000000007,-0.929552964867961
0.775,1.50000000000006,-1.55689611502799
0.783333333333333,1.39300000000009,-1.3064580778729
0.791666666666667,1.50900000000009,-1.3242368687531
0.8,1.29900000000005,-1.43222735113422
0.808333333333333,1.07700000000011,-1.10035136164176
0.816666666666667,0.986000000000042,-1.25683436644031
0.825,0.941000000000081,-1.30809026217749
0.833333333333333,1.09900000000007,-1.50525205517598
0.841666666666667,1.16400000000005,-1.51882513611165
0.85,1.39400000000001,-1.59332754977111
0.858333333333333,1.4900000000001,-1.3478517406047
0.866666666666667,1.46500000000005,-1.34914606929917
0.875,1.37200000000004,-1.41274500930449
0.883333333333333,1.15100000000001,-1.91445635225711
0.891666666666667,1.09300000000001,-1.17220525959167
0.9,1.14800000000004,-1.48758260877838
0.908333333333333,0.866000000000033,-1.54073670962966
0.916666666666667,1.0690000000001,-1.51286998169723
0.925,1.4090000000001,-1.32822302556959
0.933333333333333,1.3240000000001,-1.39285070807891
0.941666666666667,1.30200000000003,-1.45186569630023
0.95,1.07200000000007,-1.69354339663345
0.958333333333333,1.03300000000006,-1.45958251829509
0.966666666666667,0.805000000000056,-1.83875691230293
0.975,0.876000000000099,-1.50277871396032
0.983333333333333,1.02200000000008,-1.37626253618471
0.991666666666667,1.26100000000007,-1.78061661514573
1,1.2660000000001,-1.33447828920662
1.00833333333333,1.04500000000007,-1.25994053117914
1.01666666666667,0.898000000000065,-1.81422613916079
1.025,0.970000000000026,-1.45311650107139
1.03333333333333,0.717000000000079,-1.23509071781403
1.04166666666667,1.01000000000007,-1.18199018250038
1.05,1.29100000000004,-1.56502227172831
1.05833333333333,1.22200000000006,-1.4325403259495
1.06666666666667,0.964000000000076,-1.5548556615102
1.075,0.721000000000083,-1.75439383799628
1.08333333333333,0.808000000000031,-1.18851921326788
1.09166666666667,0.941999999999998,-1.40949112323199
1.1,1.18800000000008,-1.73738323786112
1.10833333333333,1.19200000000008,-1.34861891888878
1.11666666666667,0.960000000000072,-1.73802084231559
1.125,1.0150000000001,-1.50382240861881
1.13333333333333,0.694000000000083,-1.46032198574821
1.14166666666667,0.693000000000055,-1.60627943620097
1.15,0.940000000000052,-1.46444551913406
1.15833333333333,1.16300000000003,-1.33529858351799
1.16666666666667,0.970000000000026,-1.77643269653281
1.175,0.910000000000077,-1.76136344440184
1.18333333333333,0.907000000000102,-1.34492259019919
1.19166666666667,0.651000000000068,-1.50460742569946
1.2,0.824000000000047,-1.49433505088437
1.20833333333333,1.03700000000007,-1.32097125347505
1.21666666666667,0.931000000000015,-1.57243237378961
1.225,0.867000000000062,-1.48220763431006
1.23333333333333,0.814000000000092,-1.33598657557237
1.24166666666667,0.553000000000026,-1.50283144069651
1.25,0.842000000000009,-1.34763581860101
1.25833333333333,0.99400000000005,-1.26553771460848
1.26666666666667,0.918000000000085,-1.80413261656844
1.275,0.851000000000046,-1.8558144618614
1.28333333333333,0.823000000000018,-1.2960409115195
1.29166666666667,0.555000000000083,-1.38747952497419
1.3,0.644000000000089,-1.32078077574349
1.30833333333333,0.906000000000073,-1.40238673385396
1.31666666666667,1.14300000000001,-1.72555585707349
1.325,0.919000000000003,-1.6535252501163
1.33333333333333,0.728000000000062,-1.30994847839005
1.34166666666667,0.686000000000075,-1.35371117181435
1.35,0.486000000000097,-1.9745607846531
1.35833333333333,0.506000000000006,-1.53622715170999
1.36666666666667,0.650000000000039,-1.28039409756363
1.375,0.828000000000051,-1.21042055393621
1.38333333333333,0.761000000000012,-1.57688308921731
1.39166666666667,0.796000000000019,-1.73398779621674
1.4,0.674000000000063,-1.21613565496886
1.40833333333333,0.721000000000083,-1.45555216975627
1.41666666666667,0.444,-1.95990079274201
1.425,0.437000000000021,-1.18914649148749
1.43333333333333,0.584000000000029,-1.54707816436317
1.44166666666667,0.781000000000032,-1.34152804435139
1.45,0.804000000000027,-1.6237937058491
1.45833333333333,0.686000000000075,-1.55828081134193
1.46666666666667,0.482000000000093,-1.29015377693465
1.475,0.422000000000033,-2.07681738170849
1.48333333333333,0.500000000000056,-1.83358619498992
1.49166666666667,0.490000000000101,-1.31219364206634
1.5,0.53700000000001,-1.79562044827123
1.50833333333333,0.566000000000066,-1.64418352992612
1.51666666666667,0.78900000000004,-1.52827578062722
1.525,0.672000000000006,-1.87551811785494
1.53333333333333,0.727000000000033,-1.90071702907534
1.54166666666667,0.791000000000097,-1.5920337110395
1.55,0.880000000000103,-1.39685809197035
1.55833333333333,0.698000000000087,-1.80592796721926
1.56666666666667,0.622000000000011,-1.55078346649222
1.575,0.767000000000073,-1.6258119856
1.58333333333333,0.452000000000008,-1.92016227789919
1.59166666666667,0.43100000000007,-1.49838334900512
1.6,0.275000000000025,-1.63841464872478
1.60833333333333,0.322000000000044,-1.86401961645404
1.61666666666667,0.339000000000089,-1.94138514473223
1.625,0.410000000000021,-1.9677367039348
1.63333333333333,0.551000000000079,-1.49888973046534
1.64166666666667,0.330000000000052,-1.41253218301309
1.65,0.256000000000034,-1.92944664715672
1.65833333333333,0.478000000000089,-1.88256406696849
1.66666666666667,0.401000000000096,-2.12906605265246
1.675,0.495000000000023,-1.56360566702668
1.68333333333333,0.453000000000037,-1.43495603746561
1.69166666666667,0.324000000000102,-1.8924922702704
1.7,0.246000000000079,-0.923627909847616
1.70833333333333,0.462000000000073,nan
1.71666666666667,0.653000000000015,-2.10873330782513
1.725,0.569000000000042,-1.98802115435817
1.73333333333333,0.470999999999999,-1.94333259423665
1.74166666666667,0.640000000000085,-1.86563019406289
1.75,0.518000000000018,-1.71179480383806
1.75833333333333,1.17900000000004,-1.64689036985052
1.76666666666667,0.826000000000104,-1.88212179581538
1.775,0.863000000000058,-2.03848636615677
1.78333333333333,0.620000000000065,-1.84691071655014
1.79166666666667,0.478000000000089,-2.04989053781755
1.8,0.456000000000012,-1.92764080999674
1.80833333333333,0.513000000000097,-1.73944287199015
1.81666666666667,0.529000000000002,-1.76888276327722
1.825,0.678000000000067,-2.05502745466884
1.83333333333333,0.706000000000095,-1.75569189686014
1.84166666666667,0.496000000000052,-1.78960028993914
1.85,0.511000000000039,-2.19780173275437
1.85833333333333,0.395000000000034,-2.34983397170548
1.86666666666667,0.374000000000096,-1.84556437431255
1.875,0.380000000000047,-1.80033554368612
1.88333333333333,0.628000000000073,-2.09180684212236
1.89166666666667,0.52400000000008,-1.61639933629392
1.9,0.387000000000026,-1.66008088162952
1.90833333333333,0.444,-1.76567275887948
1.91666666666667,0.278,-1.88115466309248
1.925,0.406000000000017,-1.92794632118849
1.93333333333333,0.59000000000009,-1.69340149494646
1.94166666666667,0.480000000000036,-1.7097094031124
1.95,0.440000000000107,-2.15218490675473
1.95833333333333,0.368000000000035,-1.82960366484525
1.96666666666667,0.395000000000034,-1.75080592756558
1.975,0.551000000000079,-1.77446371710503
1.98333333333333,0.55700000000003,-1.66325589972057
1.99166666666667,0.273000000000079,-1.86895273304997
2,0.369000000000064,-1.97974827296406
2.00833333333333,0.382000000000104,-1.86101670739587
2.01666666666667,0.595000000000012,-1.6065252878006
2.025,0.351000000000101,-1.56150446230406
2.03333333333333,0.273000000000079,-1.78458509169649
2.04166666666667,0.468000000000024,-1.9596528796833
2.05,0.447000000000086,-1.6600429317208
2.05833333333333,0.552000000000108,-1.34414664598867
2.06666666666667,0.320000000000098,-1.79314458658118
2.075,0.299000000000049,-1.88552191756291
2.08333333333333,0.398000000000009,-1.67834444821558
2.09166666666667,0.593000000000066,-1.42229097901245
2.1,0.607000000000024,-1.55691930344763
2.10833333333333,0.314000000000036,-1.86377884649755
2.11666666666667,0.421000000000005,-2.09221018338921
2.125,0.420000000000087,-1.45409853478661
2.13333333333333,0.649000000000011,-1.44500559558687
2.14166666666667,0.39100000000003,-2.04396422003127
2.15,0.423000000000062,-1.964411739016
2.15833333333333,0.356000000000023,-1.5750727964367
2.16666666666667,0.660000000000105,-2.10030147215414
2.175,0.596000000000041,-1.4029407716755
2.18333333333333,0.509000000000093,-1.89934394023296
2.19166666666667,0.354000000000076,-1.86969736953697
2.2,0.447000000000086,-1.68102687717401
2.20833333333333,0.569000000000042,-1.51131292839894
2.21666666666667,0.393000000000088,-1.53205197370585
2.225,0.37100000000001,-1.95531184230194
2.23333333333333,0.445000000000029,-1.83932070460962
2.24166666666667,0.433000000000017,-1.70890820816391
2.25,0.39100000000003,-1.95999802784862
2.25833333333333,0.558000000000058,-1.29234752896217
2.26666666666667,0.66300000000008,-1.62837445221924
2.275,0.281000000000087,-1.77111721465232
2.28333333333333,0.346000000000068,-1.65618253599073
2.29166666666667,0.419000000000058,-1.67831515877352
2.3,0.350000000000072,-1.4124740150346
2.30833333333333,0.555000000000083,-1.47625885716009
2.31666666666667,0.612000000000057,-1.64136177149805
2.325,0.519000000000047,-1.60805429136329
2.33333333333333,0.516000000000072,-1.36412443114355
2.34166666666667,0.340000000000007,-1.50243845756287
2.35,0.313000000000008,-1.6402971710587
2.35833333333333,0.165000000000082,-1.30554640418454
2.36666666666667,0.319000000000069,-1.42840969990545
2.375,0.327000000000077,-1.84957286146193
2.38333333333333,0.417000000000001,-1.43651977694453
2.39166666666667,0.230000000000063,-1.72702196411304
2.4,0.251000000000001,-1.9159941681434
2.40833333333333,0.10600000000005,-1.92805294942638
2.41666666666667,0.115000000000087,-1.77384460556367
2.425,0.461000000000045,-1.901158411091
2.43333333333333,0.143000000000004,-1.95882195839342
2.44166666666667,0.0970000000000137,-2.00382984592456
2.45,0.29800000000002,-1.81907392085506
2.45833333333333,0.273000000000079,-1.89759740678264
2.46666666666667,0.217000000000023,-1.8109088042583
2.475,0.329000000000024,-1.91617289829318
2.48333333333333,0.409000000000104,-1.92435681576308
2.49166666666667,0.372000000000039,-1.63710479097688
2.5,0.334000000000056,-2.10601414061692
2.50833333333333,0.102000000000046,-1.86576804064154
2.51666666666667,0.109000000000026,-1.97783761580358
2.525,0.186000000000019,-1.83073481691443
2.53333333333333,0.176000000000065,-1.8726847399243
2.54166666666667,0.155000000000016,-1.93816149894889
2.55,0.304000000000082,-2.00921220173211
2.55833333333333,0.306000000000028,-1.71174570712119
2.56666666666667,0.261000000000067,-1.60372456261932
2.575,0.331000000000081,-1.9133137741939
2.58333333333333,0.136000000000025,-1.90601288201121
2.59166666666667,0.0570000000000848,-1.83070695069869
2.6,0.126000000000071,-1.96369322647702
2.60833333333333,0.052000000000052,-1.66260059235969
2.61666666666667,0.0700000000000145,-1.68017691932984
2.625,0.120000000000009,-1.86827572306884
2.63333333333333,0.235000000000096,-1.76141148083305
2.64166666666667,0.0230000000001063,-1.94119438735685
2.65,0.0930000000000097,-1.78418654452864
2.65833333333333,0.0290000000000568,-1.40409042394336
2.66666666666667,0.104000000000104,-1.7944032988434
2.675,0.334000000000056,-1.5723562455565
2.68333333333333,0.17900000000004,-1.80110329266582
2.69166666666667,0.221000000000027,-1.84294460985274
2.7,0.048000000000048,-1.37695764437205
2.70833333333333,0.287000000000037,-1.69539918041404
2.71666666666667,0.0750000000000473,-2.06853260368006
2.725,0.056000000000056,-1.67975553338845
2.73333333333333,0.0230000000001063,-1.65210590339558
2.74166666666667,0.0470000000000192,-1.58204695524167
2.75,0.204000000000093,-1.89752782820433
2.75833333333333,0.032000000000032,-1.78071382924729
2.76666666666667,0.024000000000024,-1.71944976115294
2.775,0.032000000000032,-1.61507307386285
2.78333333333333,0.151000000000012,-1.73458815402467
2.79166666666667,0.120000000000009,-1.91542681597971
2.8,0.170000000000003,-1.86474882939284
2.80833333333333,-0.087999999999977,-1.51703223664706
2.81666666666667,0.161000000000078,-1.78149071925088
2.825,-0.0529999999999697,-1.99471397635621
2.83333333333333,0,-1.85856977302425
2.84166666666667,0.17900000000004,-1.46053526717443
2.85,0.163000000000024,-1.73039277773882
2.85833333333333,0.144000000000033,-2.04704476173684
2.86666666666667,-0.00399999999989298,-1.90817759339627
2.875,0.004000000000004,-1.55971136076154
2.88333333333333,0.0990000000000713,-1.64039940287488
2.89166666666667,0.190000000000023,-1.89595885135364
2.9,0.0100000000000655,-2.07896873767375
2.90833333333333,-0.0309999999998922,-1.92945195529357
2.91666666666667,0.0950000000000673,-1.52840151120292
2.925,-0.00399999999989298,-1.86901565102925
2.93333333333333,0.165999999999999,-1.77435519173717
2.94166666666667,-0.0259999999999705,-2.14195066950648
2.95,-0.0259999999999705,-1.7854143544493
2.95833333333333,-0.126999999999988,-1.58086231589653
2.96666666666667,0.221000000000027,-2.01688685342405
2.975,0.111000000000083,-1.98696952283759
2.98333333333333,-0.083999999999973,-1.88325119533689
2.99166666666667,0.104000000000104,-2.09012685551938
3,-0.079999999999969,-1.89671990015251
3.00833333333333,0.0570000000000848,-1.85086198285095
3.01666666666667,0.175000000000036,-1.68222095760421
3.025,-0.0169999999999337,-2.37659259681674
3.03333333333333,-0.0329999999999497,-2.13363180598231
3.04166666666667,-0.15199999999993,-1.91453177961225
3.05,-0.293999999999905,-1.85332734234023
3.05833333333333,-0.0369999999999537,-1.90869915386492
3.06666666666667,0.141000000000058,-1.87009751130985
3.075,-0.112000000000001,-2.08213085912873
3.08333333333333,-0.122999999999984,-2.20250259983333
3.09166666666667,0.024000000000024,-1.89049025595053
3.1,-0.253999999999976,-2.18504625090101
3.10833333333333,-0.356999999999941,-1.98015181741893
3.11666666666667,0.108000000000108,-2.2680616862952
3.125,0.122000000000066,-1.80322825693622
3.13333333333333,-0.119999999999898,-2.05653871373532
3.14166666666667,-0.139999999999918,-2.54619877377812
3.15,-0.136999999999943,-2.08744123240489
3.15833333333333,-0.00399999999989298,-2.19995403113941
3.16666666666667,-0.169999999999892,-2.40385035956069
3.175,-0.167999999999946,-1.90012285686627
3.18333333333333,-0.251999999999919,-2.20386904543087
3.19166666666667,-0.183999999999962,-2.12727009994487
3.2,-0.281999999999893,-1.99404670059033
3.20833333333333,-0.0099999999999545,-2.32323516543189
3.21666666666667,-0.0829999999999442,-2.46724704937338
3.225,0.0290000000000568,-1.89520501410198
3.23333333333333,-0.183999999999962,-2.24732539832213
3.24166666666667,-0.175999999999954,-2.32913423036197
3.25,-0.107999999999997,-2.30286582861067
3.25833333333333,-0.0579999999998915,-2.26370488565737
3.26666666666667,-0.213999999999936,-1.97236928185076
3.275,-0.438999999999967,-2.24352983821897
3.28333333333333,-0.226999999999977,-2.2178080442903
3.29166666666667,-0.24499999999994,-2.16534141533582
3.3,-0.329999999999941,-2.21907755684075
3.30833333333333,0.092000000000092,-2.38035731531403
3.31666666666667,-0.00099999999991773,-1.97481136149002
3.325,-0.218999999999969,-2.1336576773275
3.33333333333333,-0.201999999999924,-2.54495450093167
3.34166666666667,-0.220999999999916,-2.44751509432659
3.35,-0.202999999999953,-2.40636158396327
3.35833333333333,-0.0709999999999322,-2.19814141083571
3.36666666666667,-0.162999999999913,-2.17661711498844
3.375,-0.194999999999945,-2.49003489693546
3.38333333333333,-0.199999999999978,-2.44586504202935
3.39166666666667,-0.140999999999947,-2.54105257719436
3.4,-0.071999999999961,-2.31596364034431
3.40833333333333,-0.293999999999905,-2.00925759560723
3.41666666666667,-0.139,-2.41335030107709
3.425,-0.140999999999947,-2.41395813288677
3.43333333333333,-0.205999999999928,-2.43352178049946
3.44166666666667,-0.133999999999967,-2.41397039370543
3.45,-0.2049999999999,-2.16566812536145
3.45833333333333,-0.170999999999921,-2.25466855687137
3.46666666666667,-0.179999999999958,-2.16351238272248
3.475,-0.219999999999998,-2.46077659426773
3.48333333333333,-0.218999999999969,-2.47193565478786
3.49166666666667,-0.223999999999891,-2.15412129709699
3.5,-0.180999999999987,-1.94706680309065
3.50833333333333,-0.0989999999999602,-2.12913016200782
3.51666666666667,-0.315999999999983,nan
3.525,nan,-2.95496647522053
3.53333333333333,nan,-3.14150543312403
3.54166666666667,nan,-2.47381553056279
3.55,nan,-2.53148017033985
3.55833333333333,nan,-2.91510371187611
3.56666666666667,nan,-3.13618591943837
3.575,nan,-2.87064528226679
3.58333333333333,nan,nan
3.59166666666667,-0.135999999999914,-2.13548895202995
3.6,-0.023999999999913,-1.97166530155275
3.60833333333333,-0.393999999999894,-2.08066017197128
3.61666666666667,-0.285999999999897,-2.14231532885808
3.625,-0.0779999999999115,-2.16645397650548
3.63333333333333,-0.114999999999976,-2.40561046547585
3.64166666666667,-0.188999999999995,-2.11477985746575
3.65,-0.152999999999959,-2.12941276766201
3.65833333333333,0.0110000000000943,-1.88355531709897
3.66666666666667,-0.352999999999937,-2.06206940365768
3.675,-0.0449999999999617,-2.26402705214577
3.68333333333333,-0.112999999999919,-2.17910202957551
3.69166666666667,-0.015999999999905,-2.29694001119599
3.7,-0.067999999999957,-2.02507344380871
3.70833333333333,-0.103999999999993,-2.05648629553608
3.71666666666667,-0.207999999999986,-2.12041237183888
3.725,-0.2049999999999,-2.10317211165362
3.73333333333333,-0.135999999999914,-2.01438392643892
3.74166666666667,-0.099999999999989,-2.44318361022303
3.75,-0.0899999999999235,-2.06198521736743
3.75833333333333,-0.123999999999902,-1.89282220889323
3.76666666666667,0.275000000000025,-2.20086905089525
3.775,-0.142999999999893,-2.00594644756353
3.78333333333333,0.068000000000068,-1.98154679776537
3.79166666666667,0.10600000000005,-2.12413959974436
3.8,-0.019999999999909,-1.92638960008671
3.80833333333333,0.246000000000079,-2.0011247621714
3.81666666666667,0.149000000000066,-2.10469731990761
3.825,0.214000000000047,-2.44774374042899
3.83333333333333,0.064000000000064,-2.3764347066453
3.84166666666667,0.0170000000000448,-1.97897032712815
3.85,0.393000000000088,-2.09244011024897
3.85833333333333,0.0900000000000345,-2.07580376207745
3.86666666666667,0.238000000000071,-2.54069917890458
3.875,0.218000000000051,-2.15288744049523
3.88333333333333,-0.0189999999999912,-1.0482884362375
3.89166666666667,0.157000000000074,-2.11010000394862
3.9,0.00100000000002876,-2.1049693524928
3.90833333333333,0.125000000000042,-1.84635593100853
3.91666666666667,-0.162999999999913,-1.99889716396546
3.925,0.0150000000000983,-2.09938989541793
3.93333333333333,0.117000000000034,-2.1460461666637
3.94166666666667,-0.104999999999911,-1.91303657118069
3.95,0.0700000000000145,-1.73626381261767
3.95833333333333,-0.0249999999999417,-1.87378825852475
3.96666666666667,0.02000000000002,-2.18852075370883
3.975,-0.0269999999999992,-1.97387089096491
3.98333333333333,0.211000000000072,-1.60980312445065
3.99166666666667,-0.149999999999983,-1.74562325282232
4,-0.117999999999951,-2.15174929484217
4.00833333333333,-0.0109999999999832,-2.07517031409789
4.01666666666667,0.0510000000000232,-1.77114736891171
4.025,0.146000000000091,-1.90440491900354
4.03333333333333,-0.198999999999949,-1.68925970766078
4.04166666666667,0.056000000000056,-1.95558585849929
4.05,0.0860000000000305,-1.86868235550454
4.05833333333333,0.19900000000006,-1.5969507440471
4.06666666666667,0.004000000000004,-1.89002638508547
4.075,-0.0709999999999322,-1.89477817890403
4.08333333333333,0.217000000000023,-1.76817752103374
4.09166666666667,0.0820000000000265,-1.80549878935703
4.1,0.185000000000102,-1.6041382714666
4.10833333333333,0.0210000000000488,-1.70379423507286
4.11666666666667,0.163000000000024,-1.6896577686388
4.125,-0.063999999999953,-1.505957317369
4.13333333333333,0.0430000000000152,-1.68615103925459
4.14166666666667,0.203000000000064,-1.71399507456115
4.15,0.0500000000001055,-1.78996895287296
4.15833333333333,0.144000000000033,-1.52833179142202
4.16666666666667,0.228000000000006,-1.8998711407426
4.175,0.247000000000108,-2.00425311649431
4.18333333333333,0.056000000000056,-1.93858850540726
4.19166666666667,0.028000000000028,-1.66424345528503
4.2,-0.175999999999954,-1.74524610355234
4.20833333333333,0.0950000000000673,-2.04077814835593
4.21666666666667,0.136000000000025,-1.98363392321813
4.225,0.237000000000043,-1.94540108845487
4.23333333333333,0.0130000000000408,-1.7634582355251
4.24166666666667,-0.0229999999999952,-2.07970588676221
4.25,0.156000000000045,-2.06513875509371
4.25833333333333,0.226000000000059,-1.9301710109151
4.26666666666667,-0.031999999999921,-1.94111967550265
4.275,-0.0689999999999857,-1.83592749840623
4.28333333333333,-0.222999999999973,-2.02474454895194
4.29166666666667,-0.0979999999999315,-2.32738742224449
4.3,-0.185999999999908,-1.82833197785036
4.30833333333333,0.00200000000005751,-1.79154187132935
4.31666666666667,0.0220000000000775,-1.7520231451311
4.325,0.016000000000016,-2.04618904961566
4.33333333333333,-0.117999999999951,-1.96586298797518
4.34166666666667,-0.0509999999999122,-1.94476214329509
4.35,0.0210000000000488,-1.68129348151189
4.35833333333333,-0.051999999999941,-2.07738061112003
4.36666666666667,0.008000000000008,-2.0378776584326
4.375,0.0539999999999985,-1.85682725368132
4.38333333333333,-0.129999999999963,-1.72451060566751
4.39166666666667,-0.0139999999999585,-1.7541553646366
4.4,-0.015999999999905,-1.85035808204608
4.40833333333333,-0.0739999999999075,-1.8102926682014
4.41666666666667,-0.0929999999998987,-1.81317048442721
4.425,-0.00799999999989698,-1.96128934740209
4.43333333333333,0.00300000000008627,-1.5555759413176
4.44166666666667,-0.112000000000001,-1.9139248249123
4.45,-0.236999999999932,-1.70948095453747
4.45833333333333,-0.0249999999999417,-1.65104578220103
4.46666666666667,0.0610000000000888,-1.85038651463978
4.475,-0.0349999999998962,-1.54580433298429
4.48333333333333,-0.135999999999914,-2.07933867752587
4.49166666666667,-0.0850000000000017,-1.64525673056209
4.5,-0.202999999999953,-1.47674309688082
4.50833333333333,0.0269999999999992,-1.8504411407662
4.51666666666667,-0.147999999999926,-1.8471092123636
4.525,-0.0749999999999362,-1.62390684592344
4.53333333333333,-0.196999999999892,-1.93029752981394
4.54166666666667,-0.417000000000001,-1.53145650407962
4.55,-0.019999999999909,-1.76368413094973
4.55833333333333,-0.168999999999975,-2.07215285125852
4.56666666666667,-0.0389999999999002,-1.84045965796034
4.575,-0.155999999999934,-1.47667222295272
4.58333333333333,-0.160999999999967,-1.71268603481757
4.59166666666667,-0.108999999999915,-1.82447875487146
4.6,-0.127999999999906,-1.63256803519754
4.60833333333333,-0.22499999999992,-1.92173755100625
4.61666666666667,-0.428999999999902,-1.38366250731566
4.625,-0.079999999999969,-1.84227542626564
4.63333333333333,-0.13199999999991,-1.83873240827624
4.64166666666667,-0.0789999999999402,-1.71971537670774
4.65,-0.306999999999946,-1.48190649189534
4.65833333333333,-0.0459999999999905,-1.82225307439232
4.66666666666667,-0.200999999999896,-1.90203299070708
4.675,-0.156999999999963,-1.63448437755171
4.68333333333333,-0.302999999999942,-1.7544424053312
4.69166666666667,-0.440999999999914,-1.62373174373314
4.7,-0.308999999999893,-1.6886486484123
4.70833333333333,-0.063999999999953,-1.9531388022303
4.71666666666667,-0.174999999999925,-1.66710814176841
4.725,-0.468999999999942,-1.74955361945441
4.73333333333333,0,-1.65930694044644
4.74166666666667,0.004000000000004,-1.81137694216255
4.75,-0.220999999999916,-2.02154506299705
4.75833333333333,-0.312999999999897,-1.53112931771257
4.76666666666667,-0.358999999999998,-1.56405855160458
4.775,0.032000000000032,-1.7458825571818
4.78333333333333,-0.22499999999992,-1.90943506840955
4.79166666666667,-0.24499999999994,-1.6899924394293
4.8,-0.274999999999914,-1.77378927714028
4.80833333333333,-0.396999999999981,-1.68991516814995
4.81666666666667,0.0450000000000728,-1.78167358470886
4.825,-0.200999999999896,-1.70666041029354
4.83333333333333,-0.170999999999921,-1.85883848013097
4.84166666666667,-0.172999999999979,-1.79436802721952
4.85,-0.280999999999976,-2.0448124661433
4.85833333333333,-0.312999999999897,-1.76739851890541
4.86666666666667,-0.386999999999915,-1.78714735776922
4.875,-0.239999999999907,-1.9819161322532
4.88333333333333,-0.139999999999918,-1.83846970039989
4.89166666666667,-0.194999999999945,-1.85489293689641
4.9,-0.167999999999946,-1.95651286035951
4.90833333333333,-0.199999999999978,-1.84719040565026
4.91666666666667,-0.315999999999983,-1.93035576330374
4.925,-0.359999999999916,-1.76463113949205
4.93333333333333,-0.108999999999915,-2.06248005521779
4.94166666666667,-0.165999999999999,-1.97990065691943
4.95,-0.19799999999992,-1.69394039970561
4.95833333333333,-0.196999999999892,-2.11779367515634
4.96666666666667,-0.193999999999916,-2.09170117035897
4.975,-0.190999999999941,-1.89106196943761
4.98333333333333,-0.183999999999962,-2.17911950285746
4.99166666666667,-0.420999999999894,-2.13521122997567
5,-0.440999999999914,-1.77909353259461
5.00833333333333,-0.31099999999995,-1.89329402492328
5.01666666666667,-0.258999999999898,-1.91891443717222
5.025,-0.411999999999968,-1.8733590929903
5.03333333333333,-0.0949999999999562,-2.21607597023797
5.04166666666667,0.00100000000002876,-1.71700350437119
5.05,-0.283999999999951,-1.64399637255834
5.05833333333333,-0.230999999999981,-2.1564064829033
5.06666666666667,-0.235999999999903,-2.02626659374488
5.075,-0.235999999999903,-1.90576365450953
5.08333333333333,-0.0749999999999362,-1.81247308375848
5.09166666666667,-0.161999999999995,-1.83471536970639
5.1,-0.195999999999974,-2.09756216951106
5.10833333333333,-0.136999999999943,-1.93417695211342
5.11666666666667,-0.140999999999947,-2.09729145415283
5.125,-0.236999999999932,-1.71662253925833
5.13333333333333,-0.13199999999991,-1.83667002022921
5.14166666666667,-0.252999999999948,-1.98578412396221
5.15,-0.309999999999921,-2.16372533520789
5.15833333333333,-0.38399999999994,-2.05395776199323
5.16666666666667,-0.213999999999936,nan
5.175,nan,-2.30480762882396
5.18333333333333,nan,-2.66048022543303
5.19166666666667,nan,-2.33981257023457
5.2,nan,-2.27841089971988
5.20833333333333,nan,-2.43230065327725
5.21666666666667,nan,-2.80753392953661
5.225,nan,-2.63650439700787
5.23333333333333,nan,-3.16410263715883
5.24166666666667,nan,-2.0324299053014
5.25,nan,-2.20858479224983
5.25833333333333,nan,-2.94305901600743
5.26666666666667,nan,-3.24875144523762
5.275,nan,-2.77593857333577
5.28333333333333,nan,nan
5.29166666666667,-0.557999999999947,-1.86552536477203
5.3,-0.100999999999907,-0.872038743988589
5.30833333333333,-0.40999999999991,-2.12903319297125
5.31666666666667,-0.414999999999943,-1.92353398923544
5.325,-0.324999999999909,-1.69197981339269
5.33333333333333,-0.157999999999991,-1.90039145235111
5.34166666666667,-0.194999999999945,-2.02493878270385
5.35,-0.280999999999976,-1.84063064513566
5.35833333333333,-0.0489999999999657,-1.68465308924528
5.36666666666667,-0.269999999999992,-1.82389441676049
5.375,-0.342999999999982,-1.71368935875112
5.38333333333333,-0.123999999999902,-1.96764517287676
5.39166666666667,-0.157999999999991,-2.03859679242648
5.4,-0.230999999999981,-1.78325720677968
5.40833333333333,-0.175999999999954,-1.68559170835674
5.41666666666667,-0.227999999999895,-1.94933787855411
5.425,-0.26499999999996,-1.65036175316704
5.43333333333333,-0.0739999999999075,-1.96113228524844
5.44166666666667,-0.112999999999919,-2.33708752246597
5.45,-0.128999999999935,-1.76527828219624
5.45833333333333,0,-1.760404683646
5.46666666666667,-0.278,-2.03942043856952
5.475,-0.139999999999918,-2.02515273867757
5.48333333333333,-0.102999999999964,-1.83045916039554
5.49166666666667,0.0140000000000695,-2.00902497276822
5.5,-0.129999999999963,-1.75832464746709
5.50833333333333,-0.137999999999971,-2.00143508677862
5.51666666666667,-0.176999999999983,-1.83406711278014
5.525,-0.0179999999999625,-2.31417401606435
5.53333333333333,-0.0489999999999657,-2.22481832531892
5.54166666666667,-0.0789999999999402,-1.62358430950153
5.55,-0.156999999999963,-2.02575447920369
5.55833333333333,-0.121999999999955,-1.85146034604066
5.56666666666667,0.0990000000000713,-1.94111622633828
5.575,-0.132999999999939,-2.04798163522399
5.58333333333333,-0.0850000000000017,-1.71024926643302
5.59166666666667,-0.222999999999973,-1.75409094946612
5.6,0.0110000000000943,-2.09918934759415
5.60833333333333,-0.0689999999999857,-1.89050691292853
5.61666666666667,0.076000000000076,-1.84811157148797
5.625,0.124000000000013,-1.81447306565788
5.63333333333333,-0.17199999999995,-1.77799326636115
5.64166666666667,-0.0209999999999377,-1.77874772894979
5.65,0.0340000000000895,-2.05659207197321
5.65833333333333,0.110000000000054,-1.839607794345
5.66666666666667,0.0330000000000608,-1.81015758896781
5.675,-0.1779999999999,-1.64057256615178
5.68333333333333,-0.0449999999999617,-1.93917586369043
5.69166666666667,0.107000000000079,-1.97913631297404
5.7,0.00900000000003676,-1.48298621838397
5.70833333333333,-0.199999999999978,-1.63878276043198
5.71666666666667,0.0370000000000648,-1.85964239999165
5.725,-0.027999999999917,-1.9047010146172
5.73333333333333,0.0610000000000888,-1.4002267885887
5.74166666666667,-0.043999999999933,-1.67461340952093
5.75,0.0670000000000393,-1.82204142338035
5.75833333333333,0.184000000000073,-1.78416522374568
5.76666666666667,-0.0619999999998955,-1.72050907242039
5.775,0.220000000000109,-1.43721136798773
5.78333333333333,0.00100000000002876,-1.48914974296608
5.79166666666667,0.101000000000018,-1.87501332134937
5.8,0.132000000000021,-1.52283222138471
5.80833333333333,0.156000000000045,-1.21994954017445
5.81666666666667,-0.0509999999999122,-1.56482024821466
5.825,0.132000000000021,-1.83847755925121
5.83333333333333,0.138000000000083,-1.51874430905028
5.84166666666667,0.012000000000012,-1.52755578942086
5.85,0.0830000000000553,-1.59303158337832
5.85833333333333,0.277000000000083,-1.71032277744675
5.86666666666667,0.141000000000058,-2.05400953108348
5.875,0.160000000000049,-1.6608295029511
5.88333333333333,0.164000000000053,-1.28680449859974
5.89166666666667,0.175000000000036,-1.66340502597882
5.9,-0.047999999999937,-1.66809326339987
5.90833333333333,0.227000000000088,-1.88192925743035
5.91666666666667,0.330000000000052,-1.85536124012862
5.925,0.158000000000103,-1.68171134243424
5.93333333333333,0.276000000000054,-1.60280007208218
5.94166666666667,0.29200000000007,-1.53515925065238
5.95,0.152000000000041,-1.5809566685991
5.95833333333333,0.0730000000001008,-1.79466113812198
5.96666666666667,0.340000000000007,-1.68551426746075
5.975,0.189000000000106,-1.54794551036998
5.98333333333333,0.210000000000043,-1.57021207424402
5.99166666666667,0.268000000000046,-1.43490244539001
6,0.226000000000059,-1.95381213229986
6.00833333333334,0.304000000000082,-1.46595903201935
6.01666666666667,0.237000000000043,-1.43259954378618
6.025,0.0410000000000688,-1.54366985734362
6.03333333333333,0.044000000000044,-1.76482204797543
6.04166666666667,0.340000000000007,-1.50537872726971
6.05,0.110000000000054,-1.73735006235588
6.05833333333334,0.0170000000000448,-1.57139903026917
6.06666666666667,0.172000000000061,-1.68716309168516
6.075,0.337000000000032,-1.9395066478423
6.08333333333333,0.169000000000086,-1.71540954288729
6.09166666666667,0.064000000000064,-1.46259642524559
6.1,0.0830000000000553,-1.71797696490075
6.10833333333334,0.227000000000088,-1.9062141879851
6.11666666666667,0.309000000000004,-1.69190070807146
6.125,0.0510000000000232,-1.64433643514298
6.13333333333334,-0.0379999999999825,-1.53298777933874
6.14166666666667,-0.0739999999999075,-1.70747700487611
6.15,-0.0299999999999745,-1.83755905223718
6.15833333333333,0.0290000000000568,-1.52708469751776
6.16666666666667,0.0690000000000968,-1.59225040590404
6.175,0.0460000000001015,-1.45159960591552
6.18333333333334,-0.00399999999989298,-1.8249091451014
6.19166666666667,-0.0869999999999482,-1.62344191681554
6.2,0.084000000000084,-1.5344337704873
6.20833333333333,-0.0339999999999785,-1.38996284707368
6.21666666666667,-0.0309999999998922,-1.57311040199867
6.225,0.111000000000083,-1.77591017441745
6.23333333333334,-0.165999999999999,-1.54005737391666
6.24166666666667,-0.0619999999998955,-1.38071658952921
6.25,0,-1.45084871477698
6.25833333333334,0.189000000000106,-1.5911702987471
6.26666666666667,-0.0939999999999275,-1.59895285125574
6.275,-0.0609999999999777,-1.589214572409
6.28333333333333,0.0150000000000983,-1.53896721287135
6.29166666666667,-0.110999999999972,-1.37226488863964
6.3,-0.301999999999913,-1.32947648599528
6.30833333333334,-0.0889999999998947,-1.44165527057552
6.31666666666667,-0.146999999999897,-1.43407476373613
6.325,0.0230000000001063,-1.705157828874
6.33333333333333,-0.00899999999992573,-1.37812623662428
6.34166666666667,-0.159999999999938,-1.6250878341276
6.35,-0.198999999999949,-1.34660958637135
6.35833333333334,-0.095999999999985,-1.30823673394887
6.36666666666667,0.10600000000005,-1.5889240512006
6.375,-0.00199999999994649,-1.38319810729125
6.38333333333334,-0.083999999999973,-1.60880065157306
6.39166666666667,-0.102999999999964,-1.49976726034968
6.4,-0.163999999999942,-1.40654129351423
6.40833333333333,-0.0939999999999275,-1.3751144872644
6.41666666666667,-0.127999999999906,-1.68486043734652
6.425,-0.039999999999929,-1.8788291137282
6.43333333333334,-0.0689999999999857,-1.14553559653139
6.44166666666667,-0.327999999999995,-1.65641856548004
6.45,-0.079999999999969,-1.28737963995351
6.45833333333333,-0.0689999999999857,-1.72269787556659
6.46666666666667,-0.0699999999999035,-1.63826584075946
6.475,0.028000000000028,-1.46706624314805
6.48333333333334,-0.209999999999932,-1.23769177124449
6.49166666666667,-0.129999999999963,-1.37261965961166
6.5,-0.149999999999983,-1.68827664303391
6.50833333333334,-0.0989999999999602,-1.54885468683267
6.51666666666667,-0.17199999999995,-1.19958061751866
6.525,-0.11899999999998,-1.3238763834732
6.53333333333333,-0.146999999999897,-1.4836105535796
6.54166666666667,-0.0179999999999625,-1.47504721347925
6.55,-0.121999999999955,-1.69662408612738
6.55833333333334,-0.390000000000001,-1.2389948515562
6.56666666666667,-0.0249999999999417,-1.47759571721592
6.575,-0.266999999999906,-1.50140354329228
6.58333333333333,-0.039999999999929,-1.52932104709459
6.59166666666667,-0.179999999999958,-1.28387006003587
6.6,-0.393999999999894,-1.2699349399032
6.60833333333334,-0.205999999999928,-1.74321586441603
6.61666666666667,-0.222999999999973,-1.46590103738541
6.625,-0.055999999999945,-1.42052590340018
6.63333333333334,-0.273999999999996,-1.16531193378189
6.64166666666667,-0.0419999999999865,-1.68591578439447
6.65,-0.22499999999992,-1.42973407378902
6.65833333333333,-0.143999999999922,-1.43444441962129
6.66666666666667,-0.203999999999982,-1.28520467307511
6.675,-0.283999999999951,-1.38309172080628
6.68333333333334,-0.219999999999998,-1.64418029799809
6.69166666666667,-0.200999999999896,-1.34476003950001
6.7,-0.19799999999992,-1.42398828073617
6.70833333333333,-0.413999999999914,-1.18520958849719
6.71666666666667,-0.279999999999947,-1.52473376908339
6.725,-0.122999999999984,-1.36460182863083
6.73333333333334,-0.341999999999953,-1.57754518086951
6.74166666666667,-0.388999999999973,-1.07609323543372
6.75,-0.303999999999971,-1.64781715452873
6.75833333333334,-0.133999999999967,-1.44316940311974
6.76666666666667,-0.255999999999923,-1.46978385526292
6.775,-0.337999999999949,-1.34460222254545
6.78333333333333,0.0730000000001008,-1.27649780291424
6.79166666666667,-0.132999999999939,-1.50316216945682
6.8,-0.153999999999987,-1.4278175464651
6.80833333333334,-0.362999999999891,-1.6313453103049
6.81666666666667,-0.400999999999985,-1.32532797710295
6.825,-0.113999999999947,-1.50074097304289
6.83333333333333,-0.281999999999893,-1.6344847843102
6.84166666666667,-0.147999999999926,-1.61723885240668
6.85,-0.255999999999923,-1.41120398003254
6.85833333333334,-0.338999999999978,-1.42916647341753
6.86666666666667,-0.24499999999994,-1.32528619486201
6.875,-0.110999999999972,-1.51826266831229
6.88333333333334,-0.287999999999955,-1.62257999872479
6.89166666666667,-0.152999999999959,-1.34202637837805
6.9,-0.170999999999921,-1.42061463006347
6.90833333333333,-0.356999999999941,-1.49198298446895
6.91666666666667,-0.302999999999942,-1.25891131091515
6.925,-0.115999999999894,-1.7325041486684
6.93333333333334,-0.0729999999999897,-1.48327494896956
6.94166666666667,-0.155999999999934,-1.41809969429235
6.95,-0.145999999999979,-1.77389508434991
6.95833333333333,-0.0769999999999937,-1.35023547227876
6.96666666666667,-0.341999999999953,-1.61097524509612
6.975,-0.454999999999983,-1.54391558144338
6.98333333333334,-0.0219999999999665,-1.14834054722545
6.99166666666667,-0.225999999999948,-1.74324253572968
7,-0.205999999999928,-1.69013783802088
7.00833333333334,-0.136999999999943,-1.62765015256459
7.01666666666667,-0.303999999999971,-1.627520864899
7.025,-0.4829999999999,-1.58167016348029
7.03333333333333,-0.362999999999891,-1.63409089365525
7.04166666666667,-0.392999999999977,-1.74085923897636
7.05,-0.348999999999933,-1.92074803889812
7.05833333333334,0.0140000000000695,-1.74472062501345
7.06666666666667,-0.185999999999908,-1.50425763140124
7.075,-0.249999999999972,-1.87970500362949
7.08333333333333,-0.220999999999916,-1.85013231815962
7.09166666666667,-0.219999999999998,-2.12552416167395
7.1,-0.219999999999998,-1.92121308312646
7.10833333333334,-0.245999999999968,-1.58499155583834
7.11666666666667,-0.164999999999971,-2.05119843922867
7.125,-0.152999999999959,-1.8293064181222
7.13333333333334,-0.214999999999965,-1.9059278085723
7.14166666666667,-0.142999999999893,-2.01931523122793
7.15,-0.168999999999975,-1.98398748612489
7.15833333333333,-0.309999999999921,-1.60002515141733
7.16666666666667,-0.175999999999954,-1.9406503892353
7.175,-0.220999999999916,-2.09697263583634
7.18333333333334,-0.236999999999932,-1.88218560899736
7.19166666666667,-0.229999999999952,-1.89548347777697
7.2,-0.318999999999958,-1.79104823686238
7.20833333333333,-0.17199999999995,-1.85709750517339
7.21666666666667,-0.229999999999952,-2.08098265012997
7.225,-0.22499999999992,-2.07418024202813
7.23333333333334,-0.323999999999991,-2.3059075732413
7.24166666666667,-0.245999999999968,-1.94291576774667
7.25,-0.190999999999941,-2.05028199058409
7.25833333333334,-0.112000000000001,-1.83015827978209
7.26666666666667,-0.432999999999906,-1.98410961152014
7.275,-0.400999999999985,-2.15922148670558
7.28333333333333,-0.289999999999901,-2.0984061587328
7.29166666666667,-0.335999999999892,-2.19893848744065
7.3,-0.231999999999899,-2.07503827183538
7.30833333333334,-0.299999999999967,-2.09101263132513
7.31666666666667,-0.178999999999929,-1.92106545349071
7.325,-0.22499999999992,-1.96716994223697
7.33333333333333,-0.207999999999986,-2.078725642822
7.34166666666667,-0.308999999999893,-1.81410898402523
7.35,-0.399999999999956,-2.06611276991712
7.35833333333334,-0.413999999999914,-2.00485539727989
7.36666666666667,-0.40999999999991,-1.96823901924592
7.375,-0.26499999999996,-1.87224463784633
7.38333333333334,-0.121999999999955,-1.93914605076755
7.39166666666667,-0.182999999999933,-2.30826102908832
7.4,-0.170999999999921,-1.93917422396137
7.40833333333333,-0.280999999999976,-2.26151234377016
7.41666666666667,-0.278,-1.85542783386223
7.425,-0.319999999999987,-1.8535079080719
7.43333333333334,-0.375999999999932,-2.31832830565855
7.44166666666667,-0.361999999999973,-1.94397646013052
7.45,-0.230999999999981,-2.07495538710236
7.45833333333333,-0.0539999999999985,-1.86809240131391
7.46666666666667,-0.167999999999946,-2.05557471969983
7.475,-0.207999999999986,-1.92202703426165
7.48333333333334,-0.0179999999999625,-1.60497911946391
7.49166666666667,-0.252999999999948,-1.86535294610281
7.5,-0.285999999999897,-1.99438766491728
7.50833333333334,-0.174999999999925,-1.96829722768684
7.51666666666667,-0.180999999999987,-1.54319657041039
7.525,-0.162999999999913,-1.86087339395067
7.53333333333333,-0.188999999999995,-1.65949791393576
7.54166666666667,-0.329999999999941,-1.96403008425737
7.55,-0.328999999999913,-1.75022408565204
7.55833333333334,-0.249999999999972,-2.14617435775384
7.56666666666667,-0.13199999999991,-1.91795481963181
7.575,-0.192999999999999,-1.69970680157035
7.58333333333333,-0.0569999999999737,-1.79152220623714
7.59166666666667,-0.205999999999928,-1.57487249254477
7.6,-0.319999999999987,-1.89414482964412
7.60833333333334,-0.352999999999937,-1.75355275563342
7.61666666666667,-0.00799999999989698,-1.92606074278055
7.625,-0.117999999999951,-2.14032478708832
7.63333333333334,-0.121999999999955,-1.82042034747837
7.64166666666667,-0.183999999999962,-1.48371896079025
7.65,-0.317999999999929,-2.04167971646894
7.65833333333333,-0.335999999999892,-1.99796385787119
7.66666666666667,-0.144999999999951,-1.77047496056723
7.675,-0.152999999999959,-1.65566780840146
7.68333333333334,-0.0579999999998915,-1.76456883849965
7.69166666666667,-0.159999999999938,-1.60300608977549
7.7,-0.278,-1.67286861083695
7.70833333333333,-0.126999999999988,-1.85035113057167
7.71666666666667,-0.0179999999999625,-1.90601420497492
7.725,-0.0489999999999657,-2.02919014797776
7.73333333333334,-0.051999999999941,-1.80891685854592
7.74166666666667,0.0190000000001023,-1.44403893162128
7.75,0.016000000000016,-1.85663514387723
7.75833333333334,0.06000000000006,-1.81973374390862
7.76666666666667,0.0220000000000775,-1.64736679342443
7.775,0.064000000000064,-1.78778520394167
7.78333333333333,0.137000000000054,-1.4536157784276
7.79166666666667,0.1000000000001,-1.76871063398267
7.8,0.15300000000007,-1.76992967305245
7.80833333333334,0.220000000000109,-1.64587224606796
7.81666666666667,0.110000000000054,-1.73731135900261
7.825,0.296000000000074,-1.73658024320968
7.83333333333333,0.144000000000033,-1.67337161787421
7.84166666666667,0.205000000000011,-1.66286969286894
7.85,0.295000000000045,-1.61994417833091
7.85833333333334,0.308000000000086,-1.79812103045898
7.86666666666667,0.417000000000001,-1.70148915861961
7.875,0.156000000000045,-1.42263086028673
7.88333333333334,0.186000000000019,-1.77755303031269
7.89166666666667,0.280000000000058,-1.7315513042336
7.9,0.184000000000073,-1.50184477733218
7.90833333333333,0.369000000000064,-1.41463916952526
7.91666666666667,0.127000000000099,-1.66320206929401
7.925,0.186000000000019,-1.69861603652344
7.93333333333334,0.178000000000011,-1.81349151600407
7.94166666666667,0.0269999999999992,-1.65105456558593
7.95,-0.00299999999997524,-1.37788977369036
7.95833333333333,-0.0829999999999442,-1.38746757731449
7.96666666666667,-0.0229999999999952,-1.49719712710739
7.975,-0.00099999999991773,-1.57335979699294
7.98333333333334,0.123000000000095,-1.24985620933232
7.99166666666667,0.0310000000000032,-1.35860360495064
8,-0.0099999999999545,-1.44266391020827
8.00833333333333,0.256000000000034,-1.62481829245567
8.01666666666667,0.092000000000092,-1.66306085055602
8.025,0.140000000000029,-1.18634440107636
8.03333333333333,0.215000000000076,-1.14777942316694
8.04166666666667,0.441000000000025,-1.75887317449371
8.05,0.326000000000048,-2.26078201977716
8.05833333333334,0.187000000000048,-1.24025058678599
8.06666666666667,0.163000000000024,-0.346943108847019
8.075,0.0850000000000017,-1.44753091395317
8.08333333333334,0.211000000000072,-1.41698628356171
8.09166666666667,0.206000000000039,-1.38340179838892
8.1,0.0620000000000065,-1.77199298643937
8.10833333333333,0.102000000000046,-1.65350723121367
8.11666666666667,0.187000000000048,-1.49005174119914
8.125,0.056000000000056,-1.56927599525215
8.13333333333333,0.249000000000055,-1.52913489117882
8.14166666666667,0.243000000000104,-1.23115128467026
8.15,0.164000000000053,-1.55377902827329
8.15833333333333,0.125000000000042,-1.57428730657734
8.16666666666667,0.191000000000052,-1.47158863349157
8.175,0.0530000000000808,-1.81108710876835
8.18333333333334,0.249000000000055,-1.2351586560543
8.19166666666667,0.403000000000042,-1.38997800511635
8.2,0.134000000000079,-1.37882183404584
8.20833333333334,0.188000000000077,-1.53564859683473
8.21666666666667,0.076000000000076,-1.17629812369903
8.225,0.0860000000000305,-1.35313742063998
8.23333333333333,0.198000000000031,-1.31739909889392
8.24166666666667,0.379000000000018,-1.37245952199674
8.25,0.210000000000043,-1.19227294634708
8.25833333333333,0.191000000000052,-1.36589710068555
8.26666666666667,0.198000000000031,-1.62163270455492
8.275,0.107000000000079,-1.22510320661698
8.28333333333333,0.260000000000038,-1.23580431698375
8.29166666666667,0.271000000000021,-1.50619661006859
8.3,0.0380000000000935,-1.6180042449958
8.30833333333334,0.202000000000035,-1.04143433990776
8.31666666666667,0.310000000000032,-1.32492952664609
8.325,0.0210000000000488,-1.62968366941488
8.33333333333334,0.0890000000000057,-1.14000992411868
8.34166666666667,0.246000000000079,-1.35633743649474
8.35,0.240000000000018,-1.515503464506
8.35833333333333,0.0150000000000983,-1.42811943158626
8.36666666666667,0.168000000000057,-1.21156364172245
8.375,0.15900000000002,-1.55859369239535
8.38333333333333,0.141000000000058,-1.48138896184124
8.39166666666667,0.168000000000057,-1.48879285511645
8.4,0.143000000000004,-1.27449736305232
8.40833333333333,-0.0259999999999705,-1.41499739856955
8.41666666666667,0.201000000000007,-1.46656564708359
8.425,0,-1.21158056679644
8.43333333333334,0.112000000000001,-1.40968724935815
8.44166666666667,0.102000000000046,-1.45480805717496
8.45,0.245000000000051,-1.43092972867369
8.45833333333334,0.0380000000000935,-1.3621805119865
8.46666666666667,0.186000000000019,-1.38452888537274
8.475,0.0140000000000695,-1.45894196280476
8.48333333333333,0.25200000000003,-1.61385661899005
8.49166666666667,0.024000000000024,-1.26167367569857
8.5,0.155000000000016,-1.12454759032414
8.50833333333333,0.207000000000068,-1.58682735055698
8.51666666666667,0.0610000000000888,-1.38172635618519
8.525,0.21900000000008,-1.65568263707728
8.53333333333333,0.200000000000089,-1.08852682748927
8.54166666666667,0.139,-1.1776467516505
8.55,0.19900000000006,-1.36327743207909
8.55833333333334,0.0530000000000808,-1.42811269712467
8.56666666666667,0.225000000000031,-1.39709983227071
8.575,-0.0939999999999275,-1.06545897012205
8.58333333333334,0.265000000000071,-1.30373724249701
8.59166666666667,0.136000000000025,-1.28943162317349
8.6,-0.150999999999901,-1.19648522710171
8.60833333333333,-0.102999999999964,-1.20847253459533
8.61666666666667,-0.0699999999999035,-1.15137162725115
8.625,0.08000000000008,-1.54018565273041
8.63333333333333,0.151000000000012,-1.06644882446335
8.64166666666667,0.04000000000004,-1.13935564484711
8.65,-0.0869999999999482,-1.57943056280646
8.65833333333333,-0.0289999999999457,-1.13812064254866
8.66666666666667,-0.108999999999915,-1.13582115684015
8.675,0.122000000000066,-1.25051218319615
8.68333333333334,-0.0409999999999577,-1.31265315500678
8.69166666666667,-0.173999999999896,-1.22305502521299
8.7,-0.0689999999999857,-1.05144623806799
8.70833333333334,0.0980000000000425,-1.36286849086269
8.71666666666667,-0.146999999999897,-1.22071698828653
8.725,-0.367999999999924,-1.09285109594905
8.73333333333333,0.0490000000000768,-1.27101366038244
8.74166666666667,0.0260000000000815,-1.30938890470994
8.75,-0.221999999999944,-1.19619048817393
8.75833333333333,-0.106999999999968,-1.12019652464255
8.76666666666667,-0.091999999999981,-1.46967538603053
8.775,-0.0869999999999482,-1.57997251311896
8.78333333333333,-0.11899999999998,-1.24281028685816
8.79166666666667,-0.234999999999985,-1.241620015404
8.8,0,-1.56921464592657
8.80833333333334,-0.195999999999974,-1.3705842837837
8.81666666666667,0.0510000000000232,-1.43970071122542
8.825,-0.240999999999936,-1.22511562030459
8.83333333333334,-0.0209999999999377,-1.30055372208447
8.84166666666667,-0.0819999999999155,-1.75544881585065
8.85,-0.190999999999941,-1.44855561380844
8.85833333333333,-0.405999999999906,-1.3630445027551
8.86666666666667,-0.115999999999894,-1.38541973455278
8.875,0.0750000000000473,-1.4035309470093
8.88333333333333,-0.117999999999951,-1.6231999745697
8.89166666666667,-0.099999999999989,-1.37962532079151
8.9,-0.259999999999927,-1.36984212211097
8.90833333333333,0.00200000000005751,-1.359774922131
8.91666666666667,-0.201999999999924,-1.84815925632305
8.925,-0.0989999999999602,-1.51382780660321
8.93333333333334,-0.19799999999992,-1.4299731198019
8.94166666666667,-0.295999999999963,-1.53392791420462
8.95,-0.169999999999892,-1.31653856262091
8.95833333333334,-0.192999999999999,-1.80123542007234
8.96666666666667,-0.181999999999904,-1.50761659129382
8.975,-0.0299999999999745,-1.58093459867047
8.98333333333333,-0.387999999999944,-1.80636037228285
8.99166666666667,-0.425999999999926,-1.38717559651438
9,-0.261999999999984,-1.35370683835512
9.00833333333333,-0.232999999999928,-1.8092407737402
9.01666666666667,-0.208999999999904,-1.65282480151301
9.025,-0.21799999999994,-1.75704929284393
9.03333333333333,-0.234999999999985,-1.51578569707689
9.04166666666667,-0.208999999999904,-1.52041191629233
9.05,-0.166999999999917,-1.73120823273489
9.05833333333334,-0.19799999999992,-1.48183090939206
9.06666666666667,-0.362999999999891,-1.81668910348906
9.075,-0.391999999999948,-1.54429698805255
9.08333333333334,-0.233999999999956,-1.40191907839075
9.09166666666667,-0.0859999999999195,-1.66011787151154
9.1,-0.253999999999976,-1.75953548669287
9.10833333333333,-0.291999999999959,-1.84891691407471
9.11666666666667,-0.091999999999981,-1.34638319235659
9.125,-0.166999999999917,-1.62580312553599
9.13333333333333,-0.164999999999971,-1.75116332761973
9.14166666666667,-0.162999999999913,-1.59686394017622
9.15,-0.174999999999925,-1.74203438190417
9.15833333333333,-0.236999999999932,-1.34486028333861
9.16666666666667,-0.302999999999942,-1.47490039838951
9.175,-0.172999999999979,-1.64688970104564
9.18333333333334,-0.309999999999921,-1.80625808640283
9.19166666666667,-0.384999999999969,-1.4380744889937
9.2,-0.388999999999973,-1.51828888874838
9.20833333333334,-0.324999999999909,-1.59461204226446
9.21666666666667,-0.249999999999972,-1.57744116649978
9.225,-0.386999999999915,-1.74962851708362
9.23333333333333,-0.367999999999924,-1.32607826158541
9.24166666666667,-0.278,-1.58502351098491
9.25,-0.256999999999952,-1.69720738563118
9.25833333333333,-0.335999999999892,-1.93878774619495
9.26666666666667,-0.378999999999907,-1.48398682914817
9.275,-0.365999999999977,-1.59162010970593
9.28333333333333,-0.288999999999984,-1.67639962317878
9.29166666666667,-0.252999999999948,-1.65564060768001
9.3,-0.334999999999974,-1.83255984894065
9.30833333333334,-0.202999999999953,-1.53849283523467
9.31666666666667,-0.202999999999953,-1.58917336575539
9.325,-0.153999999999987,-1.76762593391271
9.33333333333334,-0.0409999999999577,-1.76603921719795
9.34166666666667,-0.142999999999893,-1.99738792912589
9.35,-0.208999999999904,-1.58358834978735
9.35833333333333,-0.227999999999895,-1.64748119008902
9.36666666666667,-0.140999999999947,-1.87792064074066
9.375,-0.182999999999933,-1.8519242308628
9.38333333333333,-0.108999999999915,-2.00080633142202
9.39166666666667,-0.225999999999948,-1.83960465730693
9.4,-0.148999999999955,-1.91122820203568
9.40833333333333,-0.153999999999987,-1.45519577184922
9.41666666666667,-0.19799999999992,-1.67260983659011
9.425,-0.351999999999908,-1.86205576342105
9.43333333333334,-0.359999999999916,-1.68229533811558
9.44166666666667,-0.28499999999998,-2.0489736764683
9.45,-0.346999999999986,-1.8127331238234
9.45833333333334,-0.301999999999913,-1.76031701543519
9.46666666666667,-0.128999999999935,nan
9.475,-0.339999999999896,-1.89107867670963
9.48333333333333,-0.137999999999971,-1.9540238486032
9.49166666666667,-0.152999999999959,-2.14902433026664
9.5,-0.158999999999909,-1.95384224000286
9.50833333333333,-0.222999999999973,-1.80871922187898
9.51666666666667,-0.095999999999985,-1.53727722830703
9.525,-0.283999999999951,nan
9.53333333333333,nan,-1.95334277578334
9.54166666666667,nan,-2.22398726841176
9.55,nan,-0.363225565003446
9.55833333333334,nan,-2.39319243199419
9.56666666666667,nan,-3.41559671043785
9.575,nan,nan
9.58333333333334,-0.155999999999934,-1.9346298519732
9.59166666666667,-0.121999999999955,nan
9.6,0.008000000000008,-1.96698136932546
9.60833333333333,-0.0189999999999912,-2.25541937011476
9.61666666666667,-0.035999999999925,-1.53345840251432
9.625,0.256000000000034,-1.76614310272555
9.63333333333333,-0.0169999999999337,-1.80594859579856
9.64166666666667,-0.0379999999999825,-1.97675188487566
9.65,0.0710000000000433,-1.76834231954963
9.65833333333333,-0.0699999999999035,-1.98256774540287
9.66666666666667,-0.156999999999963,-1.58765641317188
9.675,-0.252999999999948,-1.5443556233644
9.68333333333334,-0.0379999999999825,-1.8544004674085
9.69166666666667,-0.0859999999999195,-1.85648345084313
9.7,-0.0669999999999282,-2.00011875213943
9.70833333333334,-0.166999999999917,-1.66381846058551
9.71666666666667,-0.317999999999929,-1.53883333246586
9.725,0.00300000000008627,-1.80430413755223
9.73333333333333,-0.00399999999989298,-2.09023077116397
9.74166666666667,-0.0819999999999155,-1.8300402751799
9.75,-0.0969999999999027,-1.59325659402164
9.75833333333333,-0.319999999999987,-1.58025855078127
9.76666666666667,-0.166999999999917,-1.82228046882129
9.775,-0.00199999999994649,-1.90859850996555
9.78333333333333,0.0100000000000655,-1.97550362242042
9.79166666666667,-0.125999999999959,-1.5824143778463
9.8,-0.166999999999917,-1.91159067739344
9.80833333333334,-0.219999999999998,-1.75616781547763
9.81666666666667,0.117000000000034,-2.06980810307219
9.825,-0.0419999999999865,-2.04600010338641
9.83333333333334,-0.0509999999999122,-2.12373052442091
9.84166666666667,0.0170000000000448,-1.84941061884821
9.85,-0.233999999999956,-1.58401929814578
9.85833333333333,-0.156999999999963,-1.62048513199484
9.86666666666667,-0.0659999999998995,-2.12489025137988
9.875,-0.063999999999953,-2.09826597607485
9.88333333333333,-0.0269999999999992,-1.88998953419162
9.89166666666667,-0.0539999999999985,-1.59586071086553
9.9,-0.184999999999991,-1.71666631998741
9.90833333333333,-0.160999999999967,-2.11064205683827
9.91666666666667,0.0100000000000655,-2.06708656659559
9.925,0.0660000000000105,-1.96605048582706
9.93333333333334,-0.0309999999998922,-2.24401440382837
9.94166666666667,-0.0379999999999825,-1.62128551266739
9.95,-0.0299999999999745,-1.56179335304749
9.95833333333334,-0.179999999999958,-1.7862133963716
9.96666666666667,-0.108999999999915,-2.08315911256226
9.975,-0.0509999999999122,-2.12728081086615
9.98333333333333,0.0350000000000072,-1.69399642367128
9.99166666666667,-0.105999999999939,-2.19423187638733
10,-0.0549999999999162,-1.71968842690693
10.0083333333333,-0.172999999999979,-2.02375155162102
10.0166666666667,-0.0809999999999977,-1.72853246391992
10.025,-0.0649999999999817,-2.02675046008928
10.0333333333333,-0.125999999999959,-2.06603117690669
10.0416666666667,-0.055999999999945,-1.89358420074127
10.05,0.00700000000009027,-1.8593177461202
10.0583333333333,-0.156999999999963,-2.35818491346369
10.0666666666667,-0.135999999999914,-2.11252083978602
10.075,-0.26499999999996,-1.52211479877954
10.0833333333333,-0.17199999999995,-1.83905655257522
10.0916666666667,-0.241999999999964,-1.92477170658659
10.1,-0.179999999999958,-1.98633442368709
10.1083333333333,0.036000000000036,-2.00421667465409
10.1166666666667,0.107000000000079,-2.23719282094992
10.125,0.0300000000000855,-1.9377910030736
10.1333333333333,0.0340000000000895,-1.7093459094595
10.1416666666667,0.012000000000012,-1.80097838550363
10.15,0.004000000000004,-1.81827384274788
10.1583333333333,-0.161999999999995,-1.96708992607914
10.1666666666667,-0.221999999999944,-1.78553935243841
10.175,-0.106999999999968,-1.55588506337555
10.1833333333333,-0.252999999999948,-1.97234244838326
10.1916666666667,-0.278999999999918,-1.79843736606615
10.2,-0.163999999999942,-2.07145697589905
10.2083333333333,-0.0850000000000017,-1.77723971485653
10.2166666666667,-0.0609999999999777,-1.90365716045626
10.225,-0.0309999999998922,-1.75846764908514
10.2333333333333,-0.110999999999972,-1.82003015721919
10.2416666666667,-0.0309999999998922,-1.71821339491885
10.25,0.0690000000000968,-1.72499575300604
10.2583333333333,0.052000000000052,-1.55293705954849
10.2666666666667,-0.0129999999999297,-1.54039995639797
10.275,-0.0179999999999625,-1.63744415884136
10.2833333333333,0.148000000000037,-1.74607675495481
10.2916666666667,-0.043999999999933,-1.61347472470028
10.3,-0.112000000000001,-1.61100880822362
10.3083333333333,0.0350000000000072,-1.72964901736079
10.3166666666667,0.0940000000000385,-1.6658328461813
10.325,-0.267999999999935,-1.63562541715645
10.3333333333333,-0.275999999999943,-1.57450704608559
10.3416666666667,-0.239999999999907,-1.7291662057595
10.35,-0.119999999999898,-1.77404214083224
10.3583333333333,-0.218999999999969,-1.67203058785624
10.3666666666667,-0.298999999999938,-1.56739433958358
10.375,-0.019999999999909,-1.64769544054848
10.3833333333333,-0.173999999999896,-1.951935039204
10.3916666666667,-0.0419999999999865,-1.76043913091534
10.4,-0.206999999999957,-1.65749651599585
10.4083333333333,0.0100000000000655,-1.45514398633752
10.4166666666667,0.068000000000068,-1.85323644323919
10.425,0.004000000000004,-1.83291522776859
10.4333333333333,-0.127999999999906,-1.76157835630839
10.4416666666667,-0.0739999999999075,-1.67371443173135
10.45,0.016000000000016,-1.65959026483564
10.4583333333333,-0.0459999999999905,-1.45615780083845
10.4666666666667,-0.0850000000000017,-1.81415282711031
10.475,-0.193999999999916,-1.61598675771067
10.4833333333333,-0.248999999999944,-1.51535837259248
10.4916666666667,-0.079999999999969,-1.58986078724166
10.5,-0.00099999999991773,-1.43178804732315
10.5083333333333,-0.011999999999901,-1.36254518789289
10.5166666666667,-0.0989999999999602,-1.74455619615877
10.525,-0.19799999999992,-1.64072015503064
10.5333333333333,-0.286999999999926,-1.18576165615212
10.5416666666667,-0.193999999999916,-1.32385353340405
10.55,-0.182999999999933,-1.50570935323285
10.5583333333333,-0.109999999999943,-1.50514946094351
10.5666666666667,-0.0249999999999417,-1.5379993129025
10.575,-0.0979999999999315,-1.03762955896372
10.5833333333333,-0.227999999999895,-1.29821319453698
10.5916666666667,-0.083999999999973,-1.15495786191498
10.6,0.0420000000000975,-1.36895302950258
10.6083333333333,-0.019999999999909,-1.33601035703638
10.6166666666667,-0.0149999999999872,-1.29321590250793
10.625,-0.164999999999971,-1.12127145926967
10.6333333333333,-0.0749999999999362,-0.950898621372097
10.6416666666667,-0.112000000000001,-1.46445057419499
10.65,-0.0299999999999745,-1.72703187055252
10.6583333333333,-0.0379999999999825,-1.15224952528701
10.6666666666667,-0.248999999999944,-0.887127753108324
10.675,-0.0899999999999235,-0.981754952716815
10.6833333333333,-0.0289999999999457,-1.26967980988113
10.6916666666667,-0.0459999999999905,-1.43459308629657
10.7,-0.137999999999971,-1.02790643337773
10.7083333333333,-0.205999999999928,-0.91334913831588
10.7166666666667,-0.165999999999999,-0.825562904618786
10.725,-0.0289999999999457,-1.17193105121769
10.7333333333333,-0.0219999999999665,-1.54085876784028
10.7416666666667,-0.0489999999999657,-1.17584385558583
10.75,0.0990000000000713,-0.881337850091836
10.7583333333333,-0.146999999999897,-1.06999129636661
10.7666666666667,0.012000000000012,-0.955831011635859
10.775,0.102000000000046,-1.19345204235769
10.7833333333333,-0.168999999999975,-1.20929363175527
10.7916666666667,-0.015999999999905,-1.20428219623921
10.8,-0.0899999999999235,-1.39781933722091
10.8083333333333,-0.106999999999968,-0.841566756364073
10.8166666666667,-0.0749999999999362,-1.15699601673835
10.825,-0.0129999999999297,-0.857877132701784
10.8333333333333,0.143000000000004,-1.04046267500575
10.8416666666667,0.120000000000009,-0.946943416663898
10.85,-0.149999999999983,-1.53402472631363
10.8583333333333,-0.136999999999943,-0.882920190153309
10.8666666666667,-0.251999999999919,-1.53692449424539
10.875,-0.307999999999975,-1.50445492344446
10.8833333333333,-0.285999999999897,-0.980353291170003
10.8916666666667,-0.135999999999914,-1.35219913006392
10.9,-0.142999999999893,-1.99391456843709
10.9083333333333,-0.142999999999893,-1.15801343248429
10.9166666666667,-0.0899999999999235,-1.64799142253228
10.925,-0.083999999999973,-1.94248599445173
10.9333333333333,-0.0949999999999562,-1.61398171233308
10.9416666666667,-0.079999999999969,-2.82684504756158
10.95,-0.0589999999999202,-2.48242795240386
10.9583333333333,-0.112000000000001,-3.25165623534671
10.9666666666667,-0.035999999999925,-3.03530266890796
10.975,-0.0259999999999705,-3.1861471262096
10.9833333333333,-0.027999999999917,-2.56872115442331
10.9916666666667,-0.00499999999992173,-1.7635060861238
11,0.072000000000072,-0.837594998626992
11.0083333333333,0.210000000000043,-1.21096633584289
11.0166666666667,0.276000000000054,-1.6014163458334
11.025,0.322000000000044,-1.20151956212642
11.0333333333333,0.253000000000059,-1.7772618858397
11.0416666666667,0.314000000000036,-1.07276693427581
11.05,0.426000000000037,-1.17282616112688
11.0583333333333,0.479000000000007,-1.05903342969302
11.0666666666667,0.71600000000005,-1.85133575760148
11.075,0.779000000000085,-0.612986490023036
