Program version:	Fatigue ver. 4.0
Date and time:	17-08-2015 12:47:31
Operator:	vanj
Project ID:	44584
Sample ID:	EQA03-05
	
Mode of operation:	Ten-ten
Low load setpoint [kN]:	0.000000
Displacement rate [mm/s]:	0.030000
Sample rate [Hz]:	10.000000
Procentage of E-max [%]:	90.000000
Sample width [mm]:	25.350000
Sample thickness [mm]:	4.490000
Strain sensor:	Extensometer
Number of strain sensors:	2
Channel configuration:	0 6 1,1,0,0,0,0 1,4,1,2,3,4
	
Machine SN:	88R1331
Load cell SN:	UK 230
Load cell [kN]:	50.000000
Extensometer 1 SN:	1758
Gauge length 1 [mm]:	50.000000
Full scale 1 [%]:	2.000000
Extensometer 2 SN:	2040
Gauge length 2 [mm]:	50.000000
Full scale 2 [%]:	2.000000
	
Modulus estimate from [%]:	0.050000
Modulus estimate to [%]:	0.250000
Strain correction a1 [%]:	-0.002290
Strain correction a2 [%]:	-0.001713
Strain correction b1 [%]:	0.004839
Strain correction b2 [%]:	0.003816
Modulus a [GPa]:	35.936666
Modulus b [GPa]:	36.071588
Difference [%]:	0.374039
Modulus a1 [GPa]:	35.301702
Modulus b1 [GPa]:	35.473147
Modulus a2 [GPa]:	36.594825
Modulus b2 [GPa]:	36.690505
Max strain [%]:	0.496478
Max stress [MPa]:	178.419194
	
	
Time [ms]	State	Position [mm]	Load [kN]	Strain1 [%]	Strain2 [%]
0.000000E+0	1.000000E+0	1.441807E+0	-2.717972E-3	218.153000E-6	236.272812E-6
100.000000E-3	1.000000E+0	1.445055E+0	36.752224E-3	836.610794E-6	748.634338E-6
200.000000E-3	1.000000E+0	1.446104E+0	64.128637E-3	1.685858E-3	1.545668E-3
300.000000E-3	1.000000E+0	1.450306E+0	106.424093E-3	2.737522E-3	2.753735E-3
400.000000E-3	1.000000E+0	1.451772E+0	155.407190E-3	3.673315E-3	3.571749E-3
500.000000E-3	1.000000E+0	1.455116E+0	202.739239E-3	4.775286E-3	4.748821E-3
600.000000E-3	1.000000E+0	1.457554E+0	244.534016E-3	6.026983E-3	5.773306E-3
700.000000E-3	1.000000E+0	1.461035E+0	287.735462E-3	6.880045E-3	6.900072E-3
800.000000E-3	1.000000E+0	1.463938E+0	333.249569E-3	7.968187E-3	7.867575E-3
900.000000E-3	1.000000E+0	1.466703E+0	367.265940E-3	8.936405E-3	8.797884E-3
1.000000E+0	1.000000E+0	1.469666E+0	410.407782E-3	9.939671E-3	9.835720E-3
1.100000E+0	1.000000E+0	1.472813E+0	459.307432E-3	10.930777E-3	10.726452E-3
1.200000E+0	1.000000E+0	1.474381E+0	494.122505E-3	11.927366E-3	11.680603E-3
1.300000E+0	1.000000E+0	1.478392E+0	536.704063E-3	13.026714E-3	12.850285E-3
1.400000E+0	1.000000E+0	1.481187E+0	589.907169E-3	14.132738E-3	13.964415E-3
1.500000E+0	1.000000E+0	1.484859E+0	638.049841E-3	15.186787E-3	14.822721E-3
1.600000E+0	1.000000E+0	1.486754E+0	676.107407E-3	16.351461E-3	16.093493E-3
1.700000E+0	1.000000E+0	1.490468E+0	715.124607E-3	17.271757E-3	16.866207E-3
1.800000E+0	1.000000E+0	1.492369E+0	766.092539E-3	18.234730E-3	17.971516E-3
1.900000E+0	1.000000E+0	1.495874E+0	805.580616E-3	19.411564E-3	18.889427E-3
2.000000E+0	1.000000E+0	1.499838E+0	842.231512E-3	20.397186E-3	19.999743E-3
2.100000E+0	1.000000E+0	1.502031E+0	895.053148E-3	21.466732E-3	20.987034E-3
2.200000E+0	1.000000E+0	1.505435E+0	938.796997E-3	22.549152E-3	22.156715E-3
2.300000E+0	1.000000E+0	1.507610E+0	978.165865E-3	23.648977E-3	23.174286E-3
2.400000E+0	1.000000E+0	1.510900E+0	1.028842E+0	24.622202E-3	24.099588E-3
2.500000E+0	1.000000E+0	1.514822E+0	1.071113E+0	25.721073E-3	25.205851E-3
2.600000E+0	1.000000E+0	1.517081E+0	1.109982E+0	26.984215E-3	26.365995E-3
2.700000E+0	1.000000E+0	1.518452E+0	1.154667E+0	27.781248E-3	27.051449E-3
2.800000E+0	1.000000E+0	1.522702E+0	1.201195E+0	28.764009E-3	28.192043E-3
2.900000E+0	1.000000E+0	1.525980E+0	1.235980E+0	29.855251E-3	29.272318E-3
3.000000E+0	1.000000E+0	1.529783E+0	1.286638E+0	31.011105E-3	30.336380E-3
3.100000E+0	1.000000E+0	1.531595E+0	1.341802E+0	32.047510E-3	31.443357E-3
3.200000E+0	1.000000E+0	1.534492E+0	1.375550E+0	33.094168E-3	32.259464E-3
3.300000E+0	1.000000E+0	1.538253E+0	1.419413E+0	34.182787E-3	33.565521E-3
3.400000E+0	1.000000E+0	1.541406E+0	1.464504E+0	35.273790E-3	34.408331E-3
3.500000E+0	1.000000E+0	1.544213E+0	1.508123E+0	36.347151E-3	35.413027E-3
3.600000E+0	1.000000E+0	1.548487E+0	1.554275E+0	37.469387E-3	36.633730E-3
3.700000E+0	1.000000E+0	1.550931E+0	1.587105E+0	38.362503E-3	37.402153E-3
3.800000E+0	1.000000E+0	1.553863E+0	1.648986E+0	39.708614E-3	38.698435E-3
3.900000E+0	1.000000E+0	1.556402E+0	1.695591E+0	40.851593E-3	39.847136E-3
4.000000E+0	1.000000E+0	1.560128E+0	1.751971E+0	42.368650E-3	41.350842E-3
4.100000E+0	1.000000E+0	1.563907E+0	1.801807E+0	43.401957E-3	42.286158E-3
4.200000E+0	1.000000E+0	1.566291E+0	1.836681E+0	44.239283E-3	43.220997E-3
4.300000E+0	1.000000E+0	1.569974E+0	1.878852E+0	45.489550E-3	44.187069E-3
4.400000E+0	1.000000E+0	1.573306E+0	1.923501E+0	46.331167E-3	45.316219E-3
4.500000E+0	1.000000E+0	1.576251E+0	1.978064E+0	47.605276E-3	46.508312E-3
4.600000E+0	1.000000E+0	1.582342E+0	2.065003E+0	49.861670E-3	48.621893E-3
4.700000E+0	1.000000E+0	1.589131E+0	2.159500E+0	52.213907E-3	50.801039E-3
4.800000E+0	1.000000E+0	1.592284E+0	2.200472E+0	53.008318E-3	51.600933E-3
4.900000E+0	1.000000E+0	1.594776E+0	2.226621E+0	53.717852E-3	52.309036E-3
5.000000E+0	1.000000E+0	1.598620E+0	2.257180E+0	54.737091E-3	53.044558E-3
5.100000E+0	1.000000E+0	1.598424E+0	2.304333E+0	55.497646E-3	54.075241E-3
5.200000E+0	1.000000E+0	1.601189E+0	2.331203E+0	56.393385E-3	54.842472E-3
5.300000E+0	1.000000E+0	1.604217E+0	2.364254E+0	57.235718E-3	55.829287E-3
5.400000E+0	1.000000E+0	1.607019E+0	2.418339E+0	58.235884E-3	56.738853E-3
5.500000E+0	1.000000E+0	1.609147E+0	2.452993E+0	59.113503E-3	57.610750E-3
5.600000E+0	1.000000E+0	1.612008E+0	2.485478E+0	60.365438E-3	58.541775E-3
5.700000E+0	1.000000E+0	1.614875E+0	2.523685E+0	60.927153E-3	59.320927E-3
5.800000E+0	1.000000E+0	1.617825E+0	2.568895E+0	61.975002E-3	60.167789E-3
5.900000E+0	1.000000E+0	1.620472E+0	2.604610E+0	63.012362E-3	61.277628E-3
6.000000E+0	1.000000E+0	1.622605E+0	2.645928E+0	63.994646E-3	62.342405E-3
6.100000E+0	1.000000E+0	1.626217E+0	2.697682E+0	65.143585E-3	63.278437E-3
6.200000E+0	1.000000E+0	1.629365E+0	2.728009E+0	65.924168E-3	64.196587E-3
6.300000E+0	1.000000E+0	1.630837E+0	2.769369E+0	66.980124E-3	65.125227E-3
6.400000E+0	1.000000E+0	1.634991E+0	2.813727E+0	67.976713E-3	66.159010E-3
6.500000E+0	1.000000E+0	1.636839E+0	2.855885E+0	69.103956E-3	67.032099E-3
6.600000E+0	1.000000E+0	1.640344E+0	2.895689E+0	70.136786E-3	68.166971E-3
6.700000E+0	1.000000E+0	1.644564E+0	2.933323E+0	70.931196E-3	68.994999E-3
6.800000E+0	1.000000E+0	1.646441E+0	2.976447E+0	72.003365E-3	69.924355E-3
6.900000E+0	1.000000E+0	1.648754E+0	3.015333E+0	73.034048E-3	70.976496E-3
7.000000E+0	1.000000E+0	1.651609E+0	3.056586E+0	74.096680E-3	71.999550E-3
7.100000E+0	1.000000E+0	1.655877E+0	3.108698E+0	75.092554E-3	72.979689E-3
7.200000E+0	1.000000E+0	1.657683E+0	3.143984E+0	76.065063E-3	73.827028E-3
7.300000E+0	1.000000E+0	1.661611E+0	3.180915E+0	77.170610E-3	75.000286E-3
7.400000E+0	1.000000E+0	1.663232E+0	3.228384E+0	78.273058E-3	75.925112E-3
7.500000E+0	1.000000E+0	1.666808E+0	3.276855E+0	79.221964E-3	77.052355E-3
7.600000E+0	1.000000E+0	1.670671E+0	3.308743E+0	80.316782E-3	78.026772E-3
7.700000E+0	1.000000E+0	1.672280E+0	3.350538E+0	81.364155E-3	78.975201E-3
7.800000E+0	1.000000E+0	1.676053E+0	3.402436E+0	82.281828E-3	79.930305E-3
7.900000E+0	1.000000E+0	1.679260E+0	3.437835E+0	83.428621E-3	80.974579E-3
8.000000E+0	1.000000E+0	1.681680E+0	3.480363E+0	84.471226E-3	82.006216E-3
8.100000E+0	1.000000E+0	1.684493E+0	3.531176E+0	85.481167E-3	82.949638E-3
8.200000E+0	1.000000E+0	1.686585E+0	3.568310E+0	86.497307E-3	83.858252E-3
8.300000E+0	1.000000E+0	1.691812E+0	3.600526E+0	87.494373E-3	84.783792E-3
8.400000E+0	1.000000E+0	1.693308E+0	3.658330E+0	88.596821E-3	86.044788E-3
8.500000E+0	1.000000E+0	1.695883E+0	3.698575E+0	89.740992E-3	86.903572E-3
8.600000E+0	1.000000E+0	1.699859E+0	3.733778E+0	90.761900E-3	88.286638E-3
8.700000E+0	1.000000E+0	1.702392E+0	3.777570E+0	91.747522E-3	89.039564E-3
8.800000E+0	1.000000E+0	1.704866E+0	3.827232E+0	92.785358E-3	90.104580E-3
8.900000E+0	1.000000E+0	1.708549E+0	3.864467E+0	93.960285E-3	91.048241E-3
9.000000E+0	1.000000E+0	1.712209E+0	3.904676E+0	94.803095E-3	91.995478E-3
9.100000E+0	1.000000E+0	1.715255E+0	3.950369E+0	95.834970E-3	93.066692E-3
9.200000E+0	1.000000E+0	1.716608E+0	3.985077E+0	96.809626E-3	93.828678E-3
9.300000E+0	1.000000E+0	1.720893E+0	4.025459E+0	97.815752E-3	95.112801E-3
9.400000E+0	1.000000E+0	1.724225E+0	4.075044E+0	99.079609E-3	95.949650E-3
9.500000E+0	1.000000E+0	1.725799E+0	4.122168E+0	99.983215E-3	97.015142E-3
9.600000E+0	1.000000E+0	1.730323E+0	4.162830E+0	101.262331E-3	97.984552E-3
9.700000E+0	1.000000E+0	1.731151E+0	4.198802E+0	102.132082E-3	99.032879E-3
9.800000E+0	1.000000E+0	1.734430E+0	4.247409E+0	103.184938E-3	99.898815E-3
9.900000E+0	1.000000E+0	1.737922E+0	4.286683E+0	104.201317E-3	101.133108E-3
10.000000E+0	1.000000E+0	1.740533E+0	4.328662E+0	105.420113E-3	101.986170E-3
10.100000E+0	1.000000E+0	1.743376E+0	4.373455E+0	106.146574E-3	103.009224E-3
10.200000E+0	1.000000E+0	1.746362E+0	4.414451E+0	107.311964E-3	103.953123E-3
10.300000E+0	1.000000E+0	1.751041E+0	4.451597E+0	108.392477E-3	104.981899E-3
10.400000E+0	1.000000E+0	1.753855E+0	4.500216E+0	109.530449E-3	106.108189E-3
10.500000E+0	1.000000E+0	1.756126E+0	4.547548E+0	110.610008E-3	107.148409E-3
10.600000E+0	1.000000E+0	1.759648E+0	4.583704E+0	111.643314E-3	108.292341E-3
10.700000E+0	1.000000E+0	1.762337E+0	4.618114E+0	112.523079E-3	108.912468E-3
10.800000E+0	1.000000E+0	1.765865E+0	4.669541E+0	113.477230E-3	110.095501E-3
10.900000E+0	1.000000E+0	1.767582E+0	4.701537E+0	114.665031E-3	110.895872E-3
11.000000E+0	1.000000E+0	1.771152E+0	4.743993E+0	115.502119E-3	112.325668E-3
11.100000E+0	1.000000E+0	1.774865E+0	4.802036E+0	116.789579E-3	112.935066E-3
11.200000E+0	1.000000E+0	1.776963E+0	4.833978E+0	117.439508E-3	114.203930E-3
11.300000E+0	1.000000E+0	1.780957E+0	4.869473E+0	118.824720E-3	114.902258E-3
11.400000E+0	1.000000E+0	1.783502E+0	4.920441E+0	119.650602E-3	116.178513E-3
11.500000E+0	1.000000E+0	1.786339E+0	4.967475E+0	121.039629E-3	117.038012E-3
11.600000E+0	1.000000E+0	1.790041E+0	4.999167E+0	121.848583E-3	118.339777E-3
11.700000E+0	1.000000E+0	1.792580E+0	5.041838E+0	122.886419E-3	118.855000E-3
11.800000E+0	1.000000E+0	1.796526E+0	5.090213E+0	123.888254E-3	120.036840E-3
11.900000E+0	1.000000E+0	1.798952E+0	5.126089E+0	125.151873E-3	121.158361E-3
12.000000E+0	1.000000E+0	1.803124E+0	5.170691E+0	126.203060E-3	122.252703E-3
12.100000E+0	1.000000E+0	1.804370E+0	5.221188E+0	127.174616E-3	123.152971E-3
12.200000E+0	1.000000E+0	1.806325E+0	5.249232E+0	128.122807E-3	123.942852E-3
12.300000E+0	1.000000E+0	1.811373E+0	5.289268E+0	129.204273E-3	125.311375E-3
12.400000E+0	1.000000E+0	1.814383E+0	5.340725E+0	130.354404E-3	126.077414E-3
12.500000E+0	1.000000E+0	1.817596E+0	5.386770E+0	131.278276E-3	127.241850E-3
12.600000E+0	1.000000E+0	1.820588E+0	5.426967E+0	132.547855E-3	128.432274E-3
12.700000E+0	1.000000E+0	1.822430E+0	5.467844E+0	133.522272E-3	129.298687E-3
12.800000E+0	1.000000E+0	1.825970E+0	5.511278E+0	134.442806E-3	130.147219E-3
12.900000E+0	1.000000E+0	1.829243E+0	5.548006E+0	135.509253E-3	131.178856E-3
13.000000E+0	1.000000E+0	1.832044E+0	5.586243E+0	136.587381E-3	132.289171E-3
13.100000E+0	1.000000E+0	1.835525E+0	5.634034E+0	137.568235E-3	133.220911E-3
13.200000E+0	1.000000E+0	1.836997E+0	5.670375E+0	138.442278E-3	134.121895E-3
13.300000E+0	1.000000E+0	1.840365E+0	5.709368E+0	139.570951E-3	135.178089E-3
13.400000E+0	1.000000E+0	1.843727E+0	5.754143E+0	140.621424E-3	136.123180E-3
13.500000E+0	1.000000E+0	1.846671E+0	5.805165E+0	141.694546E-3	137.182474E-3
13.600000E+0	1.000000E+0	1.849163E+0	5.839258E+0	142.795324E-3	138.279915E-3
13.700000E+0	1.000000E+0	1.852697E+0	5.875343E+0	143.794060E-3	139.053583E-3
13.800000E+0	1.000000E+0	1.854956E+0	5.927747E+0	144.813776E-3	140.045404E-3
13.900000E+0	1.000000E+0	1.859170E+0	5.963826E+0	145.949841E-3	141.099691E-3
14.000000E+0	1.000000E+0	1.862180E+0	6.001782E+0	146.845341E-3	142.190218E-3
14.100000E+0	1.000000E+0	1.864654E+0	6.052506E+0	147.789717E-3	143.100262E-3
14.200000E+0	1.000000E+0	1.866967E+0	6.087852E+0	148.702860E-3	144.011736E-3
14.300000E+0	1.000000E+0	1.870191E+0	6.124747E+0	150.002956E-3	145.225763E-3
14.400000E+0	1.000000E+0	1.873630E+0	6.177020E+0	151.184320E-3	146.114349E-3
14.500000E+0	1.000000E+0	1.876360E+0	6.225723E+0	152.245045E-3	147.300243E-3
14.600000E+0	1.000000E+0	1.879525E+0	6.255674E+0	153.212070E-3	148.421526E-3
14.700000E+0	1.000000E+0	1.883382E+0	6.294310E+0	154.100657E-3	149.152517E-3
14.800000E+0	1.000000E+0	1.885039E+0	6.341863E+0	155.077457E-3	150.046825E-3
14.900000E+0	1.000000E+0	1.888454E+0	6.369889E+0	156.004190E-3	151.009798E-3
15.000000E+0	1.000000E+0	1.892346E+0	6.417698E+0	157.227755E-3	152.045012E-3
15.100000E+0	1.000000E+0	1.895112E+0	6.463957E+0	158.127069E-3	153.093576E-3
15.200000E+0	1.000000E+0	1.897657E+0	6.500703E+0	159.223080E-3	154.075623E-3
15.300000E+0	1.000000E+0	1.901335E+0	6.542945E+0	160.345793E-3	155.161619E-3
15.400000E+0	1.000000E+0	1.902849E+0	6.588256E+0	161.374092E-3	156.180143E-3
15.500000E+0	1.000000E+0	1.906431E+0	6.631708E+0	162.428379E-3	157.191277E-3
15.600000E+0	1.000000E+0	1.910085E+0	6.668937E+0	163.491011E-3	158.200979E-3
15.700000E+0	1.000000E+0	1.912993E+0	6.708765E+0	164.476395E-3	159.012556E-3
15.800000E+0	1.000000E+0	1.915890E+0	6.753254E+0	165.413618E-3	160.136938E-3
15.900000E+0	1.000000E+0	1.918983E+0	6.794685E+0	166.621685E-3	161.080599E-3
16.000000E+0	1.000000E+0	1.921928E+0	6.833869E+0	167.551041E-3	162.212372E-3
16.100000E+0	1.000000E+0	1.922494E+0	6.883937E+0	168.632269E-3	163.175344E-3
16.200000E+0	1.000000E+0	1.926941E+0	6.918705E+0	169.566154E-3	164.126635E-3
16.300000E+0	1.000000E+0	1.930630E+0	6.952190E+0	170.547485E-3	165.152311E-3
16.400000E+0	1.000000E+0	1.934332E+0	6.998467E+0	171.666384E-3	166.085720E-3
16.500000E+0	1.000000E+0	1.936704E+0	7.046449E+0	172.576427E-3	166.999340E-3
16.600000E+0	1.000000E+0	1.940602E+0	7.082522E+0	173.813343E-3	168.202162E-3
16.700000E+0	1.000000E+0	1.942086E+0	7.118261E+0	174.605131E-3	168.985367E-3
16.800000E+0	1.000000E+0	1.945525E+0	7.172567E+0	175.730944E-3	170.100451E-3
16.900000E+0	1.000000E+0	1.948309E+0	7.203251E+0	176.747561E-3	171.126604E-3
17.000000E+0	1.000000E+0	1.952577E+0	7.240862E+0	177.833080E-3	172.086954E-3
17.100000E+0	1.000000E+0	1.955521E+0	7.295609E+0	178.847313E-3	173.127413E-3
17.200000E+0	1.000000E+0	1.955479E+0	7.329041E+0	179.805517E-3	174.030304E-3
17.300000E+0	1.000000E+0	1.960224E+0	7.361495E+0	181.041718E-3	174.932957E-3
17.400000E+0	1.000000E+0	1.962590E+0	7.410985E+0	181.874752E-3	176.000357E-3
17.500000E+0	1.000000E+0	1.966029E+0	7.455248E+0	182.994604E-3	176.904917E-3
17.600000E+0	1.000000E+0	1.970077E+0	7.490712E+0	184.227705E-3	178.185701E-3
17.700000E+0	1.000000E+0	1.971847E+0	7.534599E+0	184.999228E-3	178.919077E-3
17.800000E+0	1.000000E+0	1.975590E+0	7.579660E+0	186.046600E-3	179.957151E-3
17.900000E+0	1.000000E+0	1.979280E+0	7.616520E+0	187.158346E-3	181.026936E-3
18.000000E+0	1.000000E+0	1.981133E+0	7.658160E+0	188.142061E-3	182.010412E-3
18.100000E+0	1.000000E+0	1.983374E+0	7.706904E+0	189.253807E-3	182.963610E-3
18.200000E+0	1.000000E+0	1.987082E+0	7.730830E+0	190.062761E-3	183.825970E-3
18.300000E+0	1.000000E+0	1.989496E+0	7.772404E+0	191.103935E-3	184.919357E-3
18.400000E+0	1.000000E+0	1.993465E+0	7.821143E+0	192.364454E-3	185.950756E-3
18.500000E+0	1.000000E+0	1.996619E+0	7.867157E+0	193.177938E-3	186.940432E-3
18.600000E+0	1.000000E+0	1.999402E+0	7.904637E+0	194.418907E-3	187.895775E-3
18.700000E+0	1.000000E+0	2.002859E+0	7.937938E+0	195.192099E-3	188.788414E-3
18.800000E+0	1.000000E+0	2.006167E+0	7.984000E+0	196.192980E-3	189.694881E-3
18.900000E+0	1.000000E+0	2.008325E+0	8.021832E+0	197.243452E-3	190.892220E-3
19.000000E+0	1.000000E+0	2.012837E+0	8.065367E+0	198.443651E-3	191.836119E-3
19.100000E+0	1.000000E+0	2.014500E+0	8.112705E+0	199.390650E-3	192.947388E-3
19.200000E+0	1.000000E+0	2.016753E+0	8.151037E+0	200.475931E-3	193.710089E-3
19.300000E+0	1.000000E+0	2.019966E+0	8.186162E+0	201.600075E-3	194.964647E-3
19.400000E+0	1.000000E+0	2.023393E+0	8.234411E+0	202.555656E-3	195.853472E-3
19.500000E+0	1.000000E+0	2.026260E+0	8.277994E+0	203.672409E-3	196.892500E-3
19.600000E+0	1.000000E+0	2.029848E+0	8.310860E+0	204.659939E-3	197.916031E-3
19.700000E+0	1.000000E+0	2.033144E+0	8.344156E+0	205.524921E-3	198.666811E-3
19.800000E+0	1.000000E+0	2.035511E+0	8.392960E+0	206.407547E-3	199.553728E-3
19.900000E+0	1.000000E+0	2.039093E+0	8.429670E+0	207.483053E-3	200.627804E-3
20.000000E+0	1.000000E+0	2.040297E+0	8.467025E+0	208.586454E-3	201.758623E-3
20.100000E+0	1.000000E+0	2.045178E+0	8.518487E+0	209.523439E-3	202.670336E-3
20.200000E+0	1.000000E+0	2.046728E+0	8.558220E+0	210.630894E-3	203.679562E-3
20.300000E+0	1.000000E+0	2.050173E+0	8.588046E+0	211.744547E-3	204.710245E-3
20.400000E+0	1.000000E+0	2.053314E+0	8.638316E+0	212.614775E-3	205.542088E-3
20.500000E+0	1.000000E+0	2.056354E+0	8.682579E+0	213.717699E-3	206.732273E-3
20.600000E+0	1.000000E+0	2.060366E+0	8.710426E+0	214.859486E-3	207.744598E-3
20.700000E+0	1.000000E+0	2.062202E+0	8.754498E+0	215.632915E-3	208.490610E-3
20.800000E+0	1.000000E+0	2.066308E+0	8.802474E+0	216.710806E-3	209.608316E-3
20.900000E+0	1.000000E+0	2.068764E+0	8.840358E+0	217.922688E-3	210.669994E-3
21.000000E+0	1.000000E+0	2.072084E+0	8.876967E+0	218.863964E-3	211.616755E-3
21.100000E+0	1.000000E+0	2.074385E+0	8.927125E+0	219.787121E-3	212.630510E-3
21.200000E+0	1.000000E+0	2.077347E+0	8.957195E+0	220.758438E-3	213.434219E-3
21.300000E+0	1.000000E+0	2.080882E+0	8.996886E+0	221.788883E-3	214.605570E-3
21.400000E+0	1.000000E+0	2.083617E+0	9.042704E+0	222.872734E-3	215.530396E-3
21.500000E+0	1.000000E+0	2.086383E+0	9.086126E+0	223.898888E-3	216.528893E-3
21.600000E+0	1.000000E+0	2.089971E+0	9.122896E+0	225.052834E-3	217.615843E-3
21.700000E+0	1.000000E+0	2.093804E+0	9.157455E+0	225.934505E-3	218.440056E-3
21.800000E+0	1.000000E+0	2.094895E+0	9.207749E+0	226.888180E-3	219.340563E-3
21.900000E+0	1.000000E+0	2.098483E+0	9.243077E+0	228.075981E-3	220.437288E-3
22.000000E+0	1.000000E+0	2.102214E+0	9.280157E+0	229.031801E-3	221.456528E-3
22.100000E+0	1.000000E+0	2.105242E+0	9.326214E+0	229.906559E-3	222.362518E-3
22.200000E+0	1.000000E+0	2.107644E+0	9.362751E+0	230.929613E-3	223.236084E-3
22.300000E+0	1.000000E+0	2.110159E+0	9.397203E+0	232.016802E-3	224.354982E-3
22.400000E+0	1.000000E+0	2.114004E+0	9.450454E+0	233.164310E-3	225.342274E-3
22.500000E+0	1.000000E+0	2.115971E+0	9.500164E+0	234.251738E-3	226.515293E-3
22.600000E+0	1.000000E+0	2.120048E+0	9.531826E+0	235.317707E-3	227.493525E-3
22.700000E+0	1.000000E+0	2.122968E+0	9.565645E+0	236.323595E-3	228.317261E-3
22.800000E+0	1.000000E+0	2.126330E+0	9.614885E+0	237.099409E-3	229.229450E-3
22.900000E+0	1.000000E+0	2.128422E+0	9.645236E+0	238.260508E-3	230.319500E-3
23.000000E+0	1.000000E+0	2.132100E+0	9.679908E+0	239.206553E-3	231.323719E-3
23.100000E+0	1.000000E+0	2.134442E+0	9.734350E+0	240.179300E-3	232.203484E-3
23.200000E+0	1.000000E+0	2.136791E+0	9.765983E+0	241.273403E-3	233.101606E-3
23.300000E+0	1.000000E+0	2.139843E+0	9.800804E+0	242.379904E-3	234.335661E-3
23.400000E+0	1.000000E+0	2.144313E+0	9.855551E+0	243.313551E-3	235.246420E-3
23.500000E+0	1.000000E+0	2.146196E+0	9.890896E+0	244.221210E-3	236.193657E-3
23.600000E+0	1.000000E+0	2.149576E+0	9.926385E+0	245.324850E-3	237.117767E-3
23.700000E+0	1.000000E+0	2.152765E+0	9.969544E+0	246.163845E-3	238.075018E-3
23.800000E+0	1.000000E+0	2.154684E+0	10.011691E+0	247.226000E-3	238.941431E-3
23.900000E+0	1.000000E+0	2.157843E+0	10.044646E+0	248.241901E-3	240.018129E-3
24.000000E+0	1.000000E+0	2.160925E+0	10.086453E+0	249.426603E-3	241.079092E-3
24.100000E+0	1.000000E+0	2.165210E+0	10.137343E+0	250.372648E-3	242.162704E-3
24.200000E+0	1.000000E+0	2.166778E+0	10.165954E+0	251.340389E-3	242.914915E-3
24.300000E+0	1.000000E+0	2.171445E+0	10.203648E+0	252.477884E-3	243.965149E-3
24.400000E+0	1.000000E+0	2.173150E+0	10.252762E+0	253.323793E-3	244.898081E-3
24.500000E+0	1.000000E+0	2.176243E+0	10.292149E+0	254.406214E-3	245.989323E-3
24.600000E+0	1.000000E+0	2.179909E+0	10.331619E+0	255.609751E-3	247.034311E-3
24.700000E+0	1.000000E+0	2.183390E+0	10.365820E+0	256.423950E-3	247.839689E-3
24.800000E+0	1.000000E+0	2.185589E+0	10.412455E+0	257.484674E-3	248.825550E-3
24.900000E+0	1.000000E+0	2.188987E+0	10.450524E+0	258.597612E-3	249.999762E-3
25.000000E+0	1.000000E+0	2.191669E+0	10.487229E+0	259.591579E-3	250.934124E-3
25.100000E+0	1.000000E+0	2.194965E+0	10.536540E+0	260.508060E-3	251.871109E-3
25.200000E+0	1.000000E+0	2.196002E+0	10.569268E+0	261.406422E-3	252.731323E-3
25.300000E+0	1.000000E+0	2.200639E+0	10.599560E+0	262.475252E-3	253.730774E-3
25.400000E+0	1.000000E+0	2.202368E+0	10.653138E+0	263.555527E-3	254.850149E-3
25.500000E+0	1.000000E+0	2.206111E+0	10.697651E+0	264.587879E-3	255.858660E-3
25.600000E+0	1.000000E+0	2.209628E+0	10.726577E+0	265.731812E-3	256.947756E-3
25.700000E+0	1.000000E+0	2.212548E+0	10.769689E+0	266.580105E-3	257.618904E-3
25.800000E+0	1.000000E+0	2.215350E+0	10.819274E+0	267.606735E-3	258.734465E-3
25.900000E+0	1.000000E+0	2.219766E+0	10.850513E+0	268.731117E-3	259.827375E-3
26.000000E+0	1.000000E+0	2.220869E+0	10.888427E+0	269.677877E-3	260.728836E-3
26.100000E+0	1.000000E+0	2.225411E+0	10.943013E+0	270.828485E-3	261.759520E-3
26.200000E+0	1.000000E+0	2.227795E+0	10.964334E+0	271.548748E-3	262.566566E-3
26.300000E+0	1.000000E+0	2.231336E+0	11.001074E+0	272.724152E-3	263.668299E-3
26.400000E+0	1.000000E+0	2.233207E+0	11.056602E+0	273.805618E-3	264.654875E-3
26.500000E+0	1.000000E+0	2.235872E+0	11.098439E+0	274.689198E-3	265.605450E-3
26.600000E+0	1.000000E+0	2.239686E+0	11.128736E+0	275.974512E-3	266.701460E-3
26.700000E+0	1.000000E+0	2.242219E+0	11.170501E+0	276.773214E-3	267.592669E-3
26.800000E+0	1.000000E+0	2.245587E+0	11.213797E+0	277.687550E-3	268.466949E-3
26.900000E+0	1.000000E+0	2.249014E+0	11.245406E+0	278.792381E-3	269.446611E-3
27.000000E+0	1.000000E+0	2.252412E+0	11.287373E+0	279.660463E-3	270.488977E-3
27.100000E+0	1.000000E+0	2.255845E+0	11.338943E+0	280.809641E-3	271.483898E-3
27.200000E+0	1.000000E+0	2.257705E+0	11.366546E+0	281.626225E-3	272.368193E-3
27.300000E+0	1.000000E+0	2.259493E+0	11.403996E+0	282.840014E-3	273.415327E-3
27.400000E+0	1.000000E+0	2.264327E+0	11.451375E+0	283.759594E-3	274.482965E-3
27.500000E+0	1.000000E+0	2.267027E+0	11.495119E+0	284.950495E-3	275.377512E-3
27.600000E+0	1.000000E+0	2.270007E+0	11.528474E+0	285.959005E-3	276.447296E-3
27.700000E+0	1.000000E+0	2.273804E+0	11.567920E+0	286.735535E-3	277.333736E-3
27.800000E+0	1.000000E+0	2.275032E+0	11.611283E+0	287.716866E-3	278.168201E-3
27.900000E+0	1.000000E+0	2.278692E+0	11.646008E+0	288.833857E-3	279.228926E-3
28.000000E+0	1.000000E+0	2.281773E+0	11.686814E+0	289.811134E-3	280.344963E-3
28.100000E+0	1.000000E+0	2.283937E+0	11.732978E+0	290.894270E-3	281.313896E-3
28.200000E+0	1.000000E+0	2.287596E+0	11.768520E+0	291.858196E-3	282.121897E-3
28.300000E+0	1.000000E+0	2.291220E+0	11.804271E+0	293.063641E-3	283.241510E-3
28.400000E+0	1.000000E+0	2.294284E+0	11.850679E+0	293.938637E-3	284.179211E-3
28.500000E+0	1.000000E+0	2.297026E+0	11.893481E+0	294.943333E-3	285.237312E-3
28.600000E+0	1.000000E+0	2.298838E+0	11.923158E+0	296.033144E-3	286.200285E-3
28.700000E+0	1.000000E+0	2.301526E+0	11.960632E+0	297.004461E-3	287.115335E-3
28.800000E+0	1.000000E+0	2.305585E+0	12.012994E+0	298.010349E-3	288.100243E-3
28.900000E+0	1.000000E+0	2.310699E+0	12.045634E+0	299.096823E-3	289.056540E-3
29.000000E+0	1.000000E+0	2.311605E+0	12.082291E+0	300.116539E-3	290.126085E-3
29.100000E+0	1.000000E+0	2.315456E+0	12.129909E+0	300.892353E-3	291.011810E-3
29.200000E+0	1.000000E+0	2.317447E+0	12.162250E+0	301.975250E-3	291.944742E-3
29.300000E+0	1.000000E+0	2.320159E+0	12.199229E+0	303.044558E-3	293.014288E-3
29.400000E+0	1.000000E+0	2.322573E+0	12.248057E+0	303.959131E-3	293.880224E-3
29.500000E+0	1.000000E+0	2.325481E+0	12.283909E+0	304.956436E-3	294.871330E-3
29.600000E+0	1.000000E+0	2.330214E+0	12.317121E+0	305.941105E-3	295.778751E-3
29.700000E+0	1.000000E+0	2.332532E+0	12.361884E+0	306.981087E-3	296.778202E-3
29.800000E+0	1.000000E+0	2.334303E+0	12.400270E+0	307.860136E-3	297.747374E-3
29.900000E+0	1.000000E+0	2.339023E+0	12.436086E+0	309.021235E-3	298.785448E-3
30.000000E+0	1.000000E+0	2.341509E+0	12.477267E+0	309.964657E-3	299.728870E-3
30.100000E+0	1.000000E+0	2.344775E+0	12.526923E+0	311.072588E-3	300.742865E-3
30.200000E+0	1.000000E+0	2.347702E+0	12.550485E+0	311.887264E-3	301.617146E-3
30.300000E+0	1.000000E+0	2.350771E+0	12.590486E+0	313.014746E-3	302.623749E-3
30.400000E+0	1.000000E+0	2.353561E+0	12.638128E+0	313.902855E-3	303.553104E-3
30.500000E+0	1.000000E+0	2.356064E+0	12.676269E+0	315.066814E-3	304.631948E-3
30.600000E+0	1.000000E+0	2.360708E+0	12.715375E+0	316.062689E-3	305.636644E-3
30.700000E+0	1.000000E+0	2.362543E+0	12.753534E+0	316.914797E-3	306.538105E-3
30.800000E+0	1.000000E+0	2.365071E+0	12.795281E+0	317.932606E-3	307.433605E-3
30.900000E+0	1.000000E+0	2.368808E+0	12.832981E+0	319.044590E-3	308.538675E-3
31.000000E+0	1.000000E+0	2.371746E+0	12.872732E+0	320.071936E-3	309.448242E-3
31.100000E+0	1.000000E+0	2.374965E+0	12.916487E+0	321.107864E-3	310.451508E-3
31.200000E+0	1.000000E+0	2.376342E+0	12.948960E+0	321.874380E-3	311.347246E-3
31.300000E+0	1.000000E+0	2.380806E+0	12.988108E+0	323.119402E-3	312.477827E-3
31.400000E+0	1.000000E+0	2.383268E+0	13.033438E+0	323.987961E-3	313.279390E-3
31.500000E+0	1.000000E+0	2.385563E+0	13.073909E+0	325.063229E-3	314.328671E-3
31.600000E+0	1.000000E+0	2.388692E+0	13.107282E+0	326.013327E-3	315.479994E-3
31.700000E+0	1.000000E+0	2.391744E+0	13.141328E+0	326.892853E-3	316.201687E-3
31.800000E+0	1.000000E+0	2.395558E+0	13.190192E+0	327.827454E-3	317.125797E-3
31.900000E+0	1.000000E+0	2.398068E+0	13.225830E+0	329.046726E-3	318.225384E-3
32.000000E+0	1.000000E+0	2.401376E+0	13.266242E+0	330.066204E-3	319.297075E-3
32.100000E+0	1.000000E+0	2.404404E+0	13.315284E+0	331.071615E-3	320.217609E-3
32.200000E+0	1.000000E+0	2.407444E+0	13.336599E+0	331.987619E-3	321.020365E-3
32.300000E+0	1.000000E+0	2.411169E+0	13.376838E+0	333.005428E-3	322.056770E-3
32.400000E+0	1.000000E+0	2.414060E+0	13.428724E+0	333.965778E-3	322.961569E-3
32.500000E+0	1.000000E+0	2.416295E+0	13.461995E+0	335.043907E-3	324.100971E-3
32.600000E+0	1.000000E+0	2.420980E+0	13.498521E+0	335.986376E-3	325.032711E-3
32.700000E+0	1.000000E+0	2.421790E+0	13.538247E+0	336.956978E-3	325.836658E-3
32.800000E+0	1.000000E+0	2.426630E+0	13.578218E+0	337.975740E-3	326.770067E-3
32.900000E+0	1.000000E+0	2.427948E+0	13.611072E+0	339.072943E-3	327.823162E-3
33.000000E+0	1.000000E+0	2.433145E+0	13.659078E+0	340.000153E-3	328.891039E-3
33.100000E+0	1.000000E+0	2.434504E+0	13.699013E+0	340.931416E-3	329.845428E-3
33.200000E+0	1.000000E+0	2.436727E+0	13.726556E+0	341.982126E-3	330.695152E-3
33.300000E+0	1.000000E+0	2.440757E+0	13.766980E+0	343.027592E-3	331.666946E-3
33.400000E+0	1.000000E+0	2.443486E+0	13.814008E+0	343.902588E-3	332.678080E-3
33.500000E+0	1.000000E+0	2.447104E+0	13.849896E+0	344.952345E-3	333.550930E-3
33.600000E+0	1.000000E+0	2.449346E+0	13.886929E+0	345.885515E-3	334.767342E-3
33.700000E+0	1.000000E+0	2.452695E+0	13.924038E+0	346.679211E-3	335.382938E-3
33.800000E+0	1.000000E+0	2.456576E+0	13.968390E+0	347.965956E-3	336.521149E-3
33.900000E+0	1.000000E+0	2.459538E+0	14.006251E+0	349.111319E-3	337.623596E-3
34.000000E+0	1.000000E+0	2.461308E+0	14.045697E+0	349.977970E-3	338.622570E-3
34.100000E+0	1.000000E+0	2.464831E+0	14.091837E+0	351.053715E-3	339.590549E-3
34.200000E+0	1.000000E+0	2.467525E+0	14.121473E+0	351.871014E-3	340.405226E-3
34.300000E+0	1.000000E+0	2.470982E+0	14.160299E+0	352.936506E-3	341.355801E-3
34.400000E+0	1.000000E+0	2.472937E+0	14.201987E+0	353.919506E-3	342.292309E-3
34.500000E+0	1.000000E+0	2.476835E+0	14.243376E+0	354.910135E-3	343.428612E-3
34.600000E+0	1.000000E+0	2.480578E+0	14.279747E+0	356.008291E-3	344.383717E-3
34.700000E+0	1.000000E+0	2.482116E+0	14.316756E+0	356.787682E-3	345.163107E-3
34.800000E+0	1.000000E+0	2.486444E+0	14.362365E+0	357.830048E-3	346.164703E-3
34.900000E+0	1.000000E+0	2.489316E+0	14.393944E+0	358.850241E-3	347.209215E-3
35.000000E+0	1.000000E+0	2.491725E+0	14.431417E+0	359.953880E-3	348.225355E-3
35.100000E+0	1.000000E+0	2.495402E+0	14.477712E+0	360.805988E-3	349.186420E-3
35.200000E+0	1.000000E+0	2.497476E+0	14.505678E+0	361.794472E-3	349.954128E-3
35.300000E+0	1.000000E+0	2.500194E+0	14.549232E+0	362.827301E-3	351.055622E-3
35.400000E+0	1.000000E+0	2.503735E+0	14.596879E+0	363.866091E-3	352.151394E-3
35.500000E+0	1.000000E+0	2.507669E+0	14.633334E+0	364.998341E-3	353.089571E-3
35.600000E+0	1.000000E+0	2.509856E+0	14.668816E+0	365.974665E-3	354.092360E-3
35.700000E+0	1.000000E+0	2.513039E+0	14.710307E+0	366.725683E-3	354.916573E-3
35.800000E+0	1.000000E+0	2.515215E+0	14.746201E+0	367.851496E-3	355.830431E-3
35.900000E+0	1.000000E+0	2.518004E+0	14.779907E+0	368.801832E-3	356.920719E-3
36.000000E+0	1.000000E+0	2.521992E+0	14.823788E+0	369.810581E-3	357.930899E-3
36.100000E+0	1.000000E+0	2.525258E+0	14.864141E+0	370.812654E-3	358.705044E-3
36.200000E+0	1.000000E+0	2.527517E+0	14.893663E+0	371.779203E-3	359.662771E-3
36.300000E+0	1.000000E+0	2.530271E+0	14.940625E+0	372.834206E-3	360.785246E-3
36.400000E+0	1.000000E+0	2.534318E+0	14.980590E+0	373.819828E-3	361.656904E-3
36.500000E+0	1.000000E+0	2.537441E+0	15.025121E+0	374.981642E-3	362.775087E-3
36.600000E+0	1.000000E+0	2.540332E+0	15.064055E+0	375.933886E-3	363.693476E-3
36.700000E+0	1.000000E+0	2.543873E+0	15.097129E+0	376.804113E-3	364.620209E-3
36.800000E+0	1.000000E+0	2.546114E+0	15.137637E+0	377.788305E-3	365.515947E-3
36.900000E+0	1.000000E+0	2.548605E+0	15.173227E+0	378.712893E-3	366.461992E-3
37.000000E+0	1.000000E+0	2.551883E+0	15.208602E+0	379.660606E-3	367.356062E-3
37.100000E+0	1.000000E+0	2.555394E+0	15.250772E+0	380.711079E-3	368.514061E-3
37.200000E+0	1.000000E+0	2.557361E+0	15.285254E+0	381.622553E-3	369.307041E-3
37.300000E+0	1.000000E+0	2.559471E+0	15.319502E+0	382.653236E-3	370.300531E-3
37.400000E+0	1.000000E+0	2.563858E+0	15.364373E+0	383.633852E-3	371.173620E-3
37.500000E+0	1.000000E+0	2.566904E+0	15.403032E+0	384.573221E-3	372.138500E-3
37.600000E+0	1.000000E+0	2.570021E+0	15.437198E+0	385.730028E-3	373.205662E-3
37.700000E+0	1.000000E+0	2.571732E+0	15.474749E+0	386.620760E-3	374.069691E-3
37.800000E+0	1.000000E+0	2.576017E+0	15.517396E+0	387.599945E-3	375.069618E-3
37.900000E+0	1.000000E+0	2.578741E+0	15.554416E+0	388.653755E-3	376.130581E-3
38.000000E+0	1.000000E+0	2.581495E+0	15.596724E+0	389.704227E-3	377.024412E-3
38.100000E+0	1.000000E+0	2.584034E+0	15.641260E+0	390.653372E-3	377.893448E-3
38.200000E+0	1.000000E+0	2.587003E+0	15.666097E+0	391.511917E-3	378.790617E-3
38.300000E+0	1.000000E+0	2.589381E+0	15.703410E+0	392.598867E-3	379.781246E-3
38.400000E+0	1.000000E+0	2.593195E+0	15.751255E+0	393.602133E-3	380.885601E-3
38.500000E+0	1.000000E+0	2.597559E+0	15.787834E+0	394.654512E-3	381.895304E-3
38.600000E+0	1.000000E+0	2.599639E+0	15.822846E+0	395.493269E-3	382.742167E-3
38.700000E+0	1.000000E+0	2.602148E+0	15.860611E+0	396.367073E-3	383.530140E-3
38.800000E+0	1.000000E+0	2.606046E+0	15.898854E+0	397.419453E-3	384.626865E-3
38.900000E+0	1.000000E+0	2.609354E+0	15.939015E+0	398.508072E-3	385.759592E-3
39.000000E+0	1.000000E+0	2.611971E+0	15.979058E+0	399.457216E-3	386.554718E-3
39.100000E+0	1.000000E+0	2.614206E+0	16.017526E+0	400.339127E-3	387.458563E-3
39.200000E+0	1.000000E+0	2.617252E+0	16.049331E+0	401.165962E-3	388.278008E-3
39.300000E+0	1.000000E+0	2.622086E+0	16.091150E+0	402.295828E-3	389.262438E-3
39.400000E+0	1.000000E+0	2.624011E+0	16.130787E+0	403.300285E-3	390.407085E-3
39.500000E+0	1.000000E+0	2.625614E+0	16.168982E+0	404.336452E-3	391.319275E-3
39.600000E+0	1.000000E+0	2.630383E+0	16.212761E+0	405.517101E-3	392.375469E-3
39.700000E+0	1.000000E+0	2.633286E+0	16.242468E+0	406.236887E-3	393.282890E-3
39.800000E+0	1.000000E+0	2.635556E+0	16.284180E+0	407.296658E-3	394.232273E-3
39.900000E+0	1.000000E+0	2.638197E+0	16.322261E+0	408.362389E-3	395.117521E-3
40.000000E+0	1.000000E+0	2.641279E+0	16.355526E+0	409.332752E-3	396.023273E-3
40.100000E+0	1.000000E+0	2.644438E+0	16.398144E+0	410.157442E-3	397.082567E-3
40.200000E+0	1.000000E+0	2.647936E+0	16.435373E+0	411.133766E-3	397.907495E-3
40.300000E+0	1.000000E+0	2.650219E+0	16.474664E+0	412.289858E-3	398.905277E-3
40.400000E+0	1.000000E+0	2.653605E+0	16.512269E+0	413.187027E-3	399.971724E-3
40.500000E+0	1.000000E+0	2.655977E+0	16.554421E+0	414.334297E-3	401.025772E-3
40.600000E+0	1.000000E+0	2.659172E+0	16.588217E+0	415.324926E-3	401.851892E-3
40.700000E+0	1.000000E+0	2.663261E+0	16.623682E+0	416.176319E-3	402.805328E-3
40.800000E+0	1.000000E+0	2.666956E+0	16.663849E+0	416.964769E-3	403.596401E-3
40.900000E+0	1.000000E+0	2.668041E+0	16.699731E+0	418.139458E-3	404.610872E-3
41.000000E+0	1.000000E+0	2.670866E+0	16.737264E+0	418.931007E-3	405.622005E-3
41.100000E+0	1.000000E+0	2.674347E+0	16.781181E+0	420.035124E-3	406.564713E-3
41.200000E+0	1.000000E+0	2.678156E+0	16.815591E+0	421.064138E-3	407.585859E-3
41.300000E+0	1.000000E+0	2.679968E+0	16.856587E+0	422.066927E-3	408.483267E-3
41.400000E+0	1.000000E+0	2.683407E+0	16.898751E+0	423.048258E-3	409.415007E-3
41.500000E+0	1.000000E+0	2.686185E+0	16.935033E+0	424.015760E-3	410.396099E-3
41.600000E+0	1.000000E+0	2.689475E+0	16.967094E+0	424.987555E-3	411.321402E-3
41.700000E+0	1.000000E+0	2.692598E+0	17.006838E+0	425.899506E-3	412.212133E-3
41.800000E+0	1.000000E+0	2.696031E+0	17.044097E+0	426.917076E-3	413.260460E-3
41.900000E+0	1.000000E+0	2.698290E+0	17.082280E+0	427.973509E-3	414.127111E-3
42.000000E+0	1.000000E+0	2.702504E+0	17.129350E+0	428.975821E-3	415.284395E-3
42.100000E+0	1.000000E+0	2.704287E+0	17.164928E+0	429.997206E-3	416.149855E-3
42.200000E+0	1.000000E+0	2.707148E+0	17.196316E+0	430.905819E-3	416.966677E-3
42.300000E+0	1.000000E+0	2.710533E+0	17.234945E+0	431.765556E-3	417.979002E-3
42.400000E+0	1.000000E+0	2.712476E+0	17.277664E+0	432.810307E-3	419.068813E-3
42.500000E+0	1.000000E+0	2.715647E+0	17.313713E+0	433.881044E-3	420.053720E-3
42.600000E+0	1.000000E+0	2.719647E+0	17.352289E+0	434.719324E-3	420.950651E-3
42.700000E+0	1.000000E+0	2.722788E+0	17.387253E+0	435.773134E-3	421.809912E-3
42.800000E+0	1.000000E+0	2.725846E+0	17.425096E+0	436.727524E-3	422.616959E-3
42.900000E+0	1.000000E+0	2.728725E+0	17.466098E+0	437.759399E-3	423.780441E-3
43.000000E+0	1.000000E+0	2.732462E+0	17.501819E+0	438.611746E-3	424.662590E-3
43.100000E+0	1.000000E+0	2.735287E+0	17.538196E+0	439.740658E-3	425.525665E-3
43.200000E+0	1.000000E+0	2.737546E+0	17.573738E+0	440.639019E-3	426.436186E-3
43.300000E+0	1.000000E+0	2.740276E+0	17.611736E+0	441.443443E-3	427.436590E-3
43.400000E+0	1.000000E+0	2.743757E+0	17.649573E+0	442.529440E-3	428.414345E-3
43.500000E+0	1.000000E+0	2.745336E+0	17.693686E+0	443.502665E-3	429.431438E-3
43.600000E+0	1.000000E+0	2.748215E+0	17.729241E+0	444.638252E-3	430.383205E-3
43.700000E+0	1.000000E+0	2.751613E+0	17.762733E+0	445.509672E-3	431.163311E-3
43.800000E+0	1.000000E+0	2.755237E+0	17.806762E+0	446.485996E-3	432.194471E-3
43.900000E+0	1.000000E+0	2.758837E+0	17.843390E+0	447.590113E-3	433.196783E-3
44.000000E+0	1.000000E+0	2.761650E+0	17.878264E+0	448.405504E-3	434.180021E-3
44.100000E+0	1.000000E+0	2.765149E+0	17.920399E+0	449.538946E-3	435.058594E-3
44.200000E+0	1.000000E+0	2.768105E+0	17.948174E+0	450.320959E-3	435.980082E-3
44.300000E+0	1.000000E+0	2.770382E+0	17.985719E+0	451.319933E-3	436.886787E-3
44.400000E+0	1.000000E+0	2.773511E+0	18.029225E+0	452.287912E-3	437.876225E-3
44.500000E+0	1.000000E+0	2.776605E+0	18.070155E+0	453.357697E-3	438.880920E-3
44.600000E+0	1.000000E+0	2.780122E+0	18.107468E+0	454.309940E-3	439.829350E-3
44.700000E+0	1.000000E+0	2.782512E+0	18.141228E+0	455.212593E-3	440.700531E-3
44.800000E+0	1.000000E+0	2.786261E+0	18.182462E+0	456.200838E-3	441.768408E-3
44.900000E+0	1.000000E+0	2.788484E+0	18.216926E+0	457.193136E-3	442.546129E-3
45.000000E+0	1.000000E+0	2.792579E+0	18.259209E+0	458.273411E-3	443.644285E-3
45.100000E+0	1.000000E+0	2.794957E+0	18.297714E+0	459.224224E-3	444.567680E-3
45.200000E+0	1.000000E+0	2.797830E+0	18.325943E+0	460.082531E-3	445.328474E-3
45.300000E+0	1.000000E+0	2.800906E+0	18.368310E+0	461.058617E-3	446.455956E-3
45.400000E+0	1.000000E+0	2.803832E+0	18.405783E+0	462.179184E-3	447.380781E-3
45.500000E+0	1.000000E+0	2.805561E+0	18.440247E+0	463.023424E-3	448.369265E-3
45.600000E+0	1.000000E+0	2.809614E+0	18.481064E+0	464.115858E-3	449.325085E-3
45.700000E+0	1.000000E+0	2.811414E+0	18.512338E+0	464.893818E-3	450.003386E-3
45.800000E+0	1.000000E+0	2.814353E+0	18.550622E+0	465.743065E-3	451.065063E-3
45.900000E+0	1.000000E+0	2.817994E+0	18.599898E+0	466.965199E-3	452.131033E-3
46.000000E+0	1.000000E+0	2.821517E+0	18.633771E+0	467.969894E-3	453.059196E-3
46.100000E+0	1.000000E+0	2.825367E+0	18.669522E+0	468.862295E-3	453.948259E-3
46.200000E+0	1.000000E+0	2.828008E+0	18.705887E+0	469.868898E-3	454.905272E-3
46.300000E+0	1.000000E+0	2.831268E+0	18.743187E+0	470.730782E-3	455.743313E-3
46.400000E+0	1.000000E+0	2.834308E+0	18.777126E+0	471.763849E-3	456.815958E-3
46.500000E+0	1.000000E+0	2.836520E+0	18.819934E+0	472.665787E-3	457.701921E-3
46.600000E+0	1.000000E+0	2.839839E+0	18.855196E+0	473.605394E-3	458.633423E-3
46.700000E+0	1.000000E+0	2.843142E+0	18.886989E+0	474.576235E-3	459.554434E-3
46.800000E+0	1.000000E+0	2.846384E+0	18.930984E+0	475.625992E-3	460.622549E-3
46.900000E+0	1.000000E+0	2.848727E+0	18.963343E+0	476.542234E-3	461.445808E-3
47.000000E+0	1.000000E+0	2.851421E+0	19.001222E+0	477.407217E-3	462.355375E-3
47.100000E+0	1.000000E+0	2.854753E+0	19.041032E+0	478.599310E-3	463.302612E-3
47.200000E+0	1.000000E+0	2.856368E+0	19.081283E+0	479.568958E-3	464.284658E-3
47.300000E+0	1.000000E+0	2.860820E+0	19.118232E+0	480.633974E-3	465.352535E-3
47.400000E+0	1.000000E+0	2.864218E+0	19.157368E+0	481.379271E-3	466.325521E-3
47.500000E+0	1.000000E+0	2.866602E+0	19.196951E+0	482.434034E-3	467.228174E-3
47.600000E+0	1.000000E+0	2.870423E+0	19.233781E+0	483.507395E-3	468.191862E-3
47.700000E+0	1.000000E+0	2.873081E+0	19.267178E+0	484.450817E-3	468.953848E-3
47.800000E+0	1.000000E+0	2.875435E+0	19.301617E+0	485.154152E-3	469.934464E-3
47.900000E+0	1.000000E+0	2.878112E+0	19.339561E+0	486.265898E-3	470.870733E-3
48.000000E+0	1.000000E+0	2.882296E+0	19.377685E+0	487.275839E-3	471.790791E-3
48.100000E+0	1.000000E+0	2.885181E+0	19.416636E+0	488.226175E-3	472.772360E-3
48.200000E+0	1.000000E+0	2.887338E+0	19.451064E+0	489.209414E-3	473.729372E-3
48.300000E+0	1.000000E+0	2.890492E+0	19.490522E+0	490.216970E-3	474.604845E-3
48.400000E+0	1.000000E+0	2.893984E+0	19.531089E+0	491.169930E-3	475.731134E-3
48.500000E+0	1.000000E+0	2.895385E+0	19.569141E+0	492.172241E-3	476.713657E-3
48.600000E+0	1.000000E+0	2.900028E+0	19.609255E+0	493.185282E-3	477.613926E-3
48.700000E+0	1.000000E+0	2.902442E+0	19.637251E+0	493.965626E-3	478.544712E-3
48.800000E+0	1.000000E+0	2.905935E+0	19.672871E+0	494.965792E-3	479.342461E-3
48.900000E+0	1.000000E+0	2.908659E+0	19.714606E+0	496.019602E-3	480.269670E-3
49.000000E+0	1.000000E+0	2.912158E+0	19.747919E+0	496.882915E-3	481.217146E-3
49.100000E+0	1.000000E+0	2.914661E+0	19.786495E+0	497.889280E-3	482.165337E-3
49.200000E+0	1.000000E+0	2.916575E+0	19.822788E+0	498.756409E-3	482.992172E-3
49.300000E+0	1.000000E+0	2.920616E+0	19.863611E+0	499.865055E-3	484.218836E-3
49.400000E+0	1.000000E+0	2.924281E+0	19.900459E+0	500.921726E-3	484.963894E-3
49.500000E+0	1.000000E+0	2.925241E+0	19.940937E+0	501.744509E-3	485.987902E-3
49.600000E+0	1.000000E+0	2.930325E+0	19.971520E+0	502.743244E-3	486.953020E-3
49.700000E+0	1.000000E+0	2.930003E+0	20.001936E+0	503.457069E-3	487.670422E-3
49.800000E+0	1.000000E+0	2.935433E+0	20.046157E+0	504.519224E-3	488.667488E-3
49.900000E+0	1.000000E+0	2.937979E+0	20.087159E+0	505.646467E-3	489.673615E-3
50.000000E+0	1.000000E+0	2.940112E+0	20.118594E+0	506.381273E-3	490.551949E-3
50.100000E+0	1.000000E+0	2.943611E+0	20.158070E+0	507.582188E-3	491.615772E-3
50.200000E+0	1.000000E+0	2.947676E+0	20.192719E+0	508.372307E-3	492.430925E-3
50.300000E+0	1.000000E+0	2.949774E+0	20.230073E+0	509.479046E-3	493.427038E-3
50.400000E+0	1.000000E+0	2.953798E+0	20.268673E+0	510.352850E-3	494.303942E-3
50.500000E+0	1.000000E+0	2.955973E+0	20.307940E+0	511.355639E-3	495.316267E-3
50.600000E+0	2.000000E+0	2.958792E+0	20.326436E+0	511.804819E-3	495.829105E-3
50.700000E+0	2.000000E+0	2.959305E+0	20.328313E+0	512.127638E-3	495.998859E-3
50.800000E+0	2.000000E+0	2.957380E+0	20.304096E+0	511.446714E-3	495.369673E-3
50.900000E+0	2.000000E+0	2.927262E+0	19.856185E+0	500.748158E-3	484.814167E-3
51.000000E+0	2.000000E+0	2.898860E+0	19.454241E+0	490.926743E-3	475.226879E-3
51.100000E+0	2.000000E+0	2.871728E+0	19.049925E+0	480.979204E-3	465.608358E-3
51.200000E+0	2.000000E+0	2.843994E+0	18.636990E+0	471.030951E-3	455.852747E-3
51.300000E+0	2.000000E+0	2.815294E+0	18.237007E+0	461.141109E-3	446.128130E-3
51.400000E+0	2.000000E+0	2.787054E+0	17.830032E+0	451.181412E-3	436.449051E-3
51.500000E+0	2.000000E+0	2.758884E+0	17.418283E+0	441.092730E-3	426.749229E-3
51.600000E+0	2.000000E+0	2.730626E+0	17.019564E+0	431.309700E-3	417.089939E-3
51.700000E+0	2.000000E+0	2.701867E+0	16.607481E+0	421.342611E-3	407.197475E-3
51.800000E+0	2.000000E+0	2.673101E+0	16.201460E+0	411.387444E-3	397.469521E-3
51.900000E+0	2.000000E+0	2.644253E+0	15.793580E+0	401.307583E-3	387.824535E-3
52.000000E+0	2.000000E+0	2.616549E+0	15.389150E+0	391.373158E-3	378.011465E-3
52.100000E+0	2.000000E+0	2.587503E+0	14.986032E+0	381.246805E-3	368.231773E-3
52.200000E+0	2.000000E+0	2.559358E+0	14.578521E+0	371.387482E-3	358.541250E-3
52.300000E+0	2.000000E+0	2.529877E+0	14.170331E+0	361.273766E-3	348.739624E-3
52.400000E+0	2.000000E+0	2.500945E+0	13.762724E+0	351.192713E-3	338.886023E-3
52.500000E+0	2.000000E+0	2.473509E+0	13.356179E+0	341.146946E-3	329.141855E-3
52.600000E+0	2.000000E+0	2.443755E+0	12.944478E+0	331.035852E-3	319.456339E-3
52.700000E+0	2.000000E+0	2.414477E+0	12.544417E+0	321.142435E-3	309.602022E-3
52.800000E+0	2.000000E+0	2.385801E+0	12.139726E+0	311.020851E-3	299.868584E-3
52.900000E+0	2.000000E+0	2.357984E+0	11.722600E+0	301.048279E-3	289.996386E-3
53.000000E+0	2.000000E+0	2.327997E+0	11.321437E+0	290.961504E-3	280.210257E-3
53.100000E+0	2.000000E+0	2.298850E+0	10.918772E+0	280.747890E-3	270.436287E-3
53.200000E+0	2.000000E+0	2.269942E+0	10.503954E+0	270.704269E-3	260.671139E-3
53.300000E+0	2.000000E+0	2.241975E+0	10.094136E+0	260.644197E-3	250.878096E-3
53.400000E+0	2.000000E+0	2.212447E+0	9.697574E+0	250.495672E-3	240.965366E-3
53.500000E+0	2.000000E+0	2.182680E+0	9.285170E+0	240.437746E-3	231.179953E-3
53.600000E+0	2.000000E+0	2.154213E+0	8.877552E+0	230.331182E-3	221.593618E-3
53.700000E+0	2.000000E+0	2.124590E+0	8.476263E+0	220.221519E-3	211.692810E-3
53.800000E+0	2.000000E+0	2.095956E+0	8.068687E+0	209.998369E-3	201.840401E-3
53.900000E+0	2.000000E+0	2.065659E+0	7.654637E+0	199.995041E-3	192.031145E-3
54.000000E+0	2.000000E+0	2.036876E+0	7.254708E+0	189.864874E-3	182.269812E-3
54.100000E+0	2.000000E+0	2.008647E+0	6.851506E+0	179.672003E-3	172.383785E-3
54.200000E+0	2.000000E+0	1.979041E+0	6.434333E+0	169.640541E-3	162.681103E-3
54.300000E+0	2.000000E+0	1.949978E+0	6.032783E+0	159.431219E-3	152.805567E-3
54.400000E+0	2.000000E+0	1.920474E+0	5.629092E+0	149.299383E-3	143.014193E-3
54.500000E+0	2.000000E+0	1.892477E+0	5.219400E+0	139.117002E-3	133.320808E-3
54.600000E+0	2.000000E+0	1.863742E+0	4.814249E+0	129.130840E-3	123.409271E-3
54.700000E+0	2.000000E+0	1.833636E+0	4.407138E+0	118.808746E-3	113.688469E-3
54.800000E+0	2.000000E+0	1.803321E+0	3.997910E+0	108.594656E-3	103.933573E-3
54.900000E+0	2.000000E+0	1.774752E+0	3.592789E+0	98.755598E-3	94.030142E-3
55.000000E+0	2.000000E+0	1.745600E+0	3.186578E+0	88.467598E-3	84.222317E-3
55.100000E+0	2.000000E+0	1.716769E+0	2.782762E+0	78.272104E-3	74.342489E-3
55.200000E+0	2.000000E+0	1.687503E+0	2.374142E+0	68.209648E-3	64.521790E-3
55.300000E+0	2.000000E+0	1.657265E+0	1.966447E+0	58.018446E-3	54.813862E-3
55.400000E+0	2.000000E+0	1.627529E+0	1.560289E+0	47.786236E-3	44.963598E-3
55.500000E+0	2.000000E+0	1.599097E+0	1.153070E+0	37.761211E-3	35.202742E-3
55.600000E+0	2.000000E+0	1.571023E+0	742.024183E-3	27.721405E-3	25.428295E-3
55.700000E+0	2.000000E+0	1.540071E+0	342.029333E-3	17.578363E-3	15.444279E-3
55.800000E+0	2.000000E+0	1.515031E+0	4.458427E-3	9.117603E-3	7.038832E-3
55.900000E+0	2.000000E+0	1.513666E+0	-1.707673E-3	8.920431E-3	7.002592E-3
56.000000E+0	2.000000E+0	1.514351E+0	452.995300E-6	8.688211E-3	6.832361E-3
56.100000E+0	2.000000E+0	1.513714E+0	9.030104E-3	8.470535E-3	6.589651E-3
56.200000E+0	2.000000E+0	1.512218E+0	1.424551E-3	8.527994E-3	6.422758E-3
56.300000E+0	2.000000E+0	1.511896E+0	172.853470E-6	8.366585E-3	6.332636E-3
56.400000E+0	2.000000E+0	1.512074E+0	8.195639E-3	8.233070E-3	6.369352E-3
56.500000E+0	2.000000E+0	1.511490E+0	4.220009E-3	8.084536E-3	6.217003E-3
56.600000E+0	2.000000E+0	1.510686E+0	-4.437566E-3	8.179903E-3	6.261349E-3
56.700000E+0	2.000000E+0	1.510161E+0	5.871058E-3	7.874966E-3	6.168365E-3
56.800000E+0	2.000000E+0	1.510781E+0	5.823374E-3	7.840395E-3	6.060362E-3
56.900000E+0	2.000000E+0	1.510662E+0	-4.303455E-3	7.952452E-3	5.989790E-3
57.000000E+0	2.000000E+0	1.509297E+0	-575.184822E-6	7.802486E-3	5.951405E-3
57.100000E+0	2.000000E+0	1.508844E+0	9.411573E-3	7.637739E-3	5.934000E-3
57.200000E+0	2.000000E+0	1.509982E+0	-2.777576E-3	7.731199E-3	5.815506E-3
57.300000E+0	2.000000E+0	1.509023E+0	-4.702806E-3	7.580280E-3	5.867958E-3
57.400000E+0	2.000000E+0	1.508951E+0	2.694130E-3	7.558107E-3	5.701542E-3
57.500000E+0	2.000000E+0	1.508534E+0	1.192093E-3	7.451773E-3	5.738735E-3
57.600000E+0	2.000000E+0	1.509529E+0	-2.261996E-3	7.443666E-3	5.758047E-3
57.700000E+0	2.000000E+0	1.507652E+0	1.615286E-3	7.324219E-3	5.573511E-3
57.800000E+0	2.000000E+0	1.508141E+0	7.212162E-3	7.406235E-3	5.605221E-3
57.900000E+0	2.000000E+0	1.509190E+0	-4.690886E-3	7.439852E-3	5.486250E-3
58.000000E+0	2.000000E+0	1.508307E+0	-4.392862E-3	7.437229E-3	5.598068E-3
58.100000E+0	2.000000E+0	1.508051E+0	3.856421E-3	7.376194E-3	5.518436E-3
58.200000E+0	2.000000E+0	1.507902E+0	-357.627869E-6	7.328033E-3	5.566359E-3
58.300000E+0	2.000000E+0	1.507247E+0	-5.817413E-3	7.301807E-3	5.489588E-3
58.400000E+0	2.000000E+0	1.507455E+0	2.986193E-3	7.193327E-3	5.386829E-3
58.500000E+0	2.000000E+0	1.506507E+0	5.763769E-3	7.227659E-3	5.401134E-3
58.600000E+0	2.000000E+0	1.507497E+0	-2.273917E-3	7.193804E-3	5.393982E-3
58.700000E+0	2.000000E+0	1.507640E+0	1.585484E-3	7.219791E-3	5.391836E-3
58.800000E+0	2.000000E+0	1.506913E+0	3.981590E-3	7.110834E-3	5.316257E-3
58.900000E+0	2.000000E+0	1.507068E+0	184.774399E-6	7.228613E-3	5.327702E-3
59.000000E+0	2.000000E+0	1.507616E+0	-4.097819E-3	7.103920E-3	5.446196E-3
59.100000E+0	2.000000E+0	1.508051E+0	7.265806E-3	7.029295E-3	5.316496E-3
59.200000E+0	2.000000E+0	1.506114E+0	-315.904617E-6	7.122278E-3	5.286694E-3
59.300000E+0	2.000000E+0	1.506066E+0	-6.043911E-3	7.066727E-3	5.195379E-3
59.400000E+0	2.000000E+0	1.506579E+0	7.903576E-3	6.921530E-3	5.241394E-3
59.500000E+0	2.000000E+0	1.506192E+0	5.906820E-3	7.049084E-3	5.204201E-3
59.600000E+0	2.000000E+0	1.507127E+0	-4.762411E-3	7.016182E-3	5.239248E-3
59.700000E+0	2.000000E+0	1.507342E+0	721.216202E-6	6.952763E-3	5.224228E-3
59.800000E+0	2.000000E+0	1.507300E+0	6.341934E-3	7.024050E-3	5.150795E-3
59.900000E+0	2.000000E+0	1.505411E+0	-5.903840E-3	6.898880E-3	5.176306E-3
60.000000E+0	2.000000E+0	1.506096E+0	-3.024936E-3	6.896019E-3	5.193472E-3
60.100000E+0	2.000000E+0	1.506007E+0	6.818771E-3	6.872892E-3	5.108118E-3
60.200000E+0	2.000000E+0	1.505095E+0	1.204014E-3	6.766558E-3	5.105495E-3
60.300000E+0	2.000000E+0	1.505405E+0	-3.385544E-3	6.865501E-3	4.997969E-3
60.400000E+0	3.000000E+0	1.506263E+0	2.491474E-3	6.849289E-3	5.079746E-3
60.500000E+0	3.000000E+0	1.505262E+0	3.272295E-3	6.809473E-3	5.073309E-3
60.600000E+0	3.000000E+0	1.506114E+0	-2.220273E-3	6.957293E-3	5.155087E-3
60.700000E+0	3.000000E+0	1.506639E+0	6.055832E-3	6.958246E-3	5.203247E-3
60.800000E+0	3.000000E+0	1.506865E+0	20.062923E-3	7.161379E-3	5.537033E-3
60.900000E+0	3.000000E+0	1.510036E+0	66.095591E-3	8.394480E-3	6.798029E-3
61.000000E+0	3.000000E+0	1.513410E+0	107.467175E-3	9.363413E-3	7.699490E-3
61.100000E+0	3.000000E+0	1.516449E+0	157.290697E-3	10.310411E-3	8.625269E-3
61.200000E+0	3.000000E+0	1.518971E+0	195.497274E-3	11.437416E-3	9.568214E-3
61.300000E+0	3.000000E+0	1.521444E+0	239.431858E-3	12.436867E-3	10.778666E-3
61.400000E+0	3.000000E+0	1.524007E+0	285.404921E-3	13.393164E-3	11.799097E-3
61.500000E+0	3.000000E+0	1.528054E+0	329.285860E-3	14.538288E-3	12.742519E-3
61.600000E+0	3.000000E+0	1.531160E+0	367.218256E-3	15.727758E-3	13.844967E-3
61.700000E+0	3.000000E+0	1.532382E+0	407.886505E-3	16.593695E-3	14.654636E-3
61.800000E+0	3.000000E+0	1.535487E+0	464.493036E-3	17.647028E-3	15.849352E-3
61.900000E+0	3.000000E+0	1.538217E+0	494.855642E-3	18.695593E-3	16.891956E-3
62.000000E+0	3.000000E+0	1.541591E+0	539.803505E-3	19.714594E-3	17.949343E-3
62.100000E+0	3.000000E+0	1.543760E+0	595.057011E-3	20.718575E-3	18.943310E-3
62.200000E+0	3.000000E+0	1.546365E+0	627.070665E-3	21.825790E-3	19.947767E-3
62.300000E+0	3.000000E+0	1.551354E+0	669.914484E-3	22.860765E-3	20.870686E-3
62.400000E+0	3.000000E+0	1.553077E+0	724.029541E-3	23.889303E-3	21.897554E-3
62.500000E+0	3.000000E+0	1.556277E+0	766.229630E-3	24.977684E-3	23.066282E-3
62.600000E+0	3.000000E+0	1.559448E+0	801.146030E-3	26.093006E-3	24.178505E-3
62.700000E+0	3.000000E+0	1.561725E+0	854.349136E-3	27.107000E-3	25.084972E-3
62.800000E+0	3.000000E+0	1.565486E+0	897.508860E-3	28.062582E-3	26.015043E-3
62.900000E+0	3.000000E+0	1.567179E+0	936.824083E-3	29.307604E-3	27.269602E-3
63.000000E+0	3.000000E+0	1.570207E+0	981.199741E-3	30.159712E-3	28.060675E-3
63.100000E+0	3.000000E+0	1.574230E+0	1.030248E+0	31.315804E-3	29.232740E-3
63.200000E+0	3.000000E+0	1.577002E+0	1.066917E+0	32.284975E-3	30.230999E-3
63.300000E+0	3.000000E+0	1.579583E+0	1.112604E+0	33.435106E-3	31.334162E-3
63.400000E+0	3.000000E+0	1.582778E+0	1.162547E+0	34.500837E-3	32.350302E-3
63.500000E+0	3.000000E+0	1.585776E+0	1.200199E+0	35.586834E-3	33.309460E-3
63.600000E+0	3.000000E+0	1.590467E+0	1.245189E+0	36.750793E-3	34.527540E-3
63.700000E+0	3.000000E+0	1.590103E+0	1.281995E+0	37.652016E-3	35.289764E-3
63.800000E+0	3.000000E+0	1.594454E+0	1.331037E+0	38.589954E-3	36.153555E-3
63.900000E+0	3.000000E+0	1.597095E+0	1.371431E+0	39.688826E-3	37.359476E-3
64.000000E+0	3.000000E+0	1.600826E+0	1.417571E+0	40.786505E-3	38.497925E-3
64.100000E+0	3.000000E+0	1.603299E+0	1.470530E+0	41.883945E-3	39.478302E-3
64.200000E+0	3.000000E+0	1.606447E+0	1.510555E+0	42.870283E-3	40.555000E-3
64.300000E+0	3.000000E+0	1.609015E+0	1.552355E+0	44.045448E-3	41.621923E-3
64.400000E+0	3.000000E+0	1.611805E+0	1.593685E+0	45.199871E-3	42.655230E-3
64.500000E+0	3.000000E+0	1.616198E+0	1.643729E+0	46.192169E-3	43.716192E-3
64.600000E+0	3.000000E+0	1.618493E+0	1.679230E+0	47.264099E-3	44.657707E-3
64.700000E+0	3.000000E+0	1.622051E+0	1.729023E+0	48.261166E-3	45.891285E-3
64.800000E+0	3.000000E+0	1.624411E+0	1.778930E+0	49.499512E-3	46.805620E-3
64.900000E+0	3.000000E+0	1.627016E+0	1.819938E+0	50.703049E-3	48.090696E-3
65.000000E+0	3.000000E+0	1.630616E+0	1.862395E+0	51.780462E-3	49.120903E-3
65.100000E+0	3.000000E+0	1.633209E+0	1.920271E+0	52.790880E-3	50.236225E-3
65.200000E+0	3.000000E+0	1.636469E+0	1.960981E+0	53.965569E-3	51.266193E-3
65.300000E+0	3.000000E+0	1.640666E+0	2.003706E+0	55.119991E-3	52.271128E-3
65.400000E+0	3.000000E+0	1.643145E+0	2.055556E+0	56.143999E-3	53.360939E-3
65.500000E+0	3.000000E+0	1.646841E+0	2.097493E+0	57.139397E-3	54.363489E-3
65.600000E+0	3.000000E+0	1.650435E+0	2.139580E+0	58.376551E-3	55.504799E-3
65.700000E+0	3.000000E+0	1.651955E+0	2.191514E+0	59.482813E-3	56.552649E-3
65.800000E+0	3.000000E+0	1.656091E+0	2.239203E+0	60.702085E-3	57.677031E-3
65.900000E+0	3.000000E+0	1.659328E+0	2.280164E+0	61.841965E-3	58.805227E-3
66.000000E+0	3.000000E+0	1.662838E+0	2.331060E+0	63.114405E-3	60.045004E-3
66.100000E+0	3.000000E+0	1.666504E+0	2.388799E+0	64.336300E-3	61.296940E-3
66.200000E+0	3.000000E+0	1.670140E+0	2.437514E+0	65.461874E-3	62.459469E-3
66.300000E+0	3.000000E+0	1.673198E+0	2.488250E+0	66.928864E-3	63.849688E-3
66.400000E+0	3.000000E+0	1.677281E+0	2.556539E+0	68.360806E-3	65.216064E-3
66.500000E+0	3.000000E+0	1.683491E+0	2.633798E+0	70.335388E-3	67.088127E-3
66.600000E+0	3.000000E+0	1.690114E+0	2.722859E+0	72.613239E-3	69.279194E-3
66.700000E+0	3.000000E+0	1.692832E+0	2.762479E+0	73.423624E-3	70.272207E-3
66.800000E+0	3.000000E+0	1.694864E+0	2.798319E+0	74.327469E-3	70.955515E-3
66.900000E+0	3.000000E+0	1.696473E+0	2.830154E+0	75.057507E-3	71.706772E-3
67.000000E+0	3.000000E+0	1.699126E+0	2.862006E+0	75.964212E-3	72.655201E-3
67.100000E+0	3.000000E+0	1.700979E+0	2.901959E+0	76.788187E-3	73.386192E-3
67.200000E+0	3.000000E+0	1.703334E+0	2.934062E+0	77.622652E-3	74.223042E-3
67.300000E+0	3.000000E+0	1.707196E+0	2.966154E+0	78.756809E-3	75.199842E-3
67.400000E+0	3.000000E+0	1.709157E+0	3.007525E+0	79.444647E-3	76.025963E-3
67.500000E+0	3.000000E+0	1.711583E+0	3.052014E+0	80.471992E-3	76.861382E-3
67.600000E+0	3.000000E+0	1.713932E+0	3.080732E+0	81.330299E-3	77.893257E-3
67.700000E+0	3.000000E+0	1.716119E+0	3.116041E+0	82.262278E-3	78.640461E-3
67.800000E+0	3.000000E+0	1.719773E+0	3.165293E+0	83.226681E-3	79.669714E-3
67.900000E+0	3.000000E+0	1.723385E+0	3.199953E+0	84.272861E-3	80.550909E-3
68.000000E+0	3.000000E+0	1.725149E+0	3.240085E+0	85.293770E-3	81.720829E-3
68.100000E+0	3.000000E+0	1.728356E+0	3.289181E+0	86.238384E-3	82.605600E-3
68.200000E+0	3.000000E+0	1.730371E+0	3.324503E+0	87.250948E-3	83.417654E-3
68.300000E+0	3.000000E+0	1.733911E+0	3.358585E+0	88.329792E-3	84.513664E-3
68.400000E+0	3.000000E+0	1.737446E+0	3.411287E+0	89.289188E-3	85.399389E-3
68.500000E+0	3.000000E+0	1.739246E+0	3.449476E+0	90.275526E-3	86.395741E-3
68.600000E+0	3.000000E+0	1.742721E+0	3.484923E+0	91.490269E-3	87.490559E-3
68.700000E+0	3.000000E+0	1.745278E+0	3.528225E+0	92.350483E-3	88.426828E-3
68.800000E+0	3.000000E+0	1.749200E+0	3.581488E+0	93.382835E-3	89.447260E-3
68.900000E+0	3.000000E+0	1.750994E+0	3.615624E+0	94.503880E-3	90.387583E-3
69.000000E+0	3.000000E+0	1.752901E+0	3.658831E+0	95.543623E-3	91.535568E-3
69.100000E+0	3.000000E+0	1.758212E+0	3.709853E+0	96.696615E-3	92.667103E-3
69.200000E+0	3.000000E+0	1.758629E+0	3.740674E+0	97.499132E-3	93.402147E-3
69.300000E+0	3.000000E+0	1.763290E+0	3.780282E+0	98.709822E-3	94.504118E-3
69.400000E+0	3.000000E+0	1.766235E+0	3.827882E+0	99.408627E-3	95.500708E-3
69.500000E+0	3.000000E+0	1.768392E+0	3.870285E+0	100.719452E-3	96.365452E-3
69.600000E+0	3.000000E+0	1.772612E+0	3.911245E+0	101.721048E-3	97.732306E-3
69.700000E+0	3.000000E+0	1.773578E+0	3.947985E+0	102.802277E-3	98.268986E-3
69.800000E+0	3.000000E+0	1.777869E+0	4.004282E+0	103.738546E-3	99.688768E-3
69.900000E+0	3.000000E+0	1.780319E+0	4.040301E+0	104.853630E-3	100.375175E-3
70.000000E+0	3.000000E+0	1.783061E+0	4.080784E+0	105.963469E-3	101.631165E-3
70.100000E+0	3.000000E+0	1.787019E+0	4.134548E+0	106.972694E-3	102.595806E-3
70.200000E+0	3.000000E+0	1.788497E+0	4.170460E+0	107.933044E-3	103.500366E-3
70.300000E+0	3.000000E+0	1.792359E+0	4.207450E+0	109.122515E-3	104.660749E-3
70.400000E+0	3.000000E+0	1.794660E+0	4.255390E+0	110.108614E-3	105.599880E-3
70.500000E+0	3.000000E+0	1.798070E+0	4.305226E+0	111.152172E-3	106.775284E-3
70.600000E+0	3.000000E+0	1.801163E+0	4.339302E+0	112.398863E-3	107.651234E-3
70.700000E+0	3.000000E+0	1.803625E+0	4.381460E+0	113.110542E-3	108.688354E-3
70.800000E+0	3.000000E+0	1.807499E+0	4.431129E+0	114.397287E-3	109.476328E-3
70.900000E+0	3.000000E+0	1.810527E+0	4.468358E+0	115.279675E-3	110.833168E-3
71.000000E+0	3.000000E+0	1.813847E+0	4.509026E+0	116.717339E-3	111.758947E-3
71.100000E+0	3.000000E+0	1.815426E+0	4.563057E+0	117.293835E-3	112.909794E-3
71.200000E+0	3.000000E+0	1.818961E+0	4.601777E+0	118.683577E-3	113.734722E-3
71.300000E+0	3.000000E+0	1.821256E+0	4.643452E+0	119.661808E-3	115.239143E-3
71.400000E+0	3.000000E+0	1.826531E+0	4.691941E+0	120.903492E-3	115.891457E-3
71.500000E+0	3.000000E+0	1.826876E+0	4.733306E+0	121.869802E-3	116.984367E-3
71.600000E+0	3.000000E+0	1.831907E+0	4.768980E+0	122.960329E-3	117.925882E-3
71.700000E+0	3.000000E+0	1.834011E+0	4.807854E+0	123.857498E-3	118.897438E-3
71.800000E+0	3.000000E+0	1.836497E+0	4.863352E+0	124.963760E-3	119.946241E-3
71.900000E+0	3.000000E+0	1.840854E+0	4.899669E+0	126.109362E-3	121.129036E-3
72.000000E+0	3.000000E+0	1.842278E+0	4.942071E+0	127.010584E-3	122.130871E-3
72.100000E+0	3.000000E+0	1.846319E+0	4.993540E+0	128.323793E-3	122.978687E-3
72.200000E+0	3.000000E+0	1.848882E+0	5.030334E+0	129.237175E-3	124.124289E-3
72.300000E+0	3.000000E+0	1.851881E+0	5.069357E+0	130.368233E-3	125.123739E-3
72.400000E+0	3.000000E+0	1.854509E+0	5.115628E+0	131.392956E-3	126.208782E-3
72.500000E+0	3.000000E+0	1.857400E+0	5.160755E+0	132.411003E-3	127.034426E-3
72.600000E+0	3.000000E+0	1.862144E+0	5.203348E+0	133.524179E-3	128.259897E-3
72.700000E+0	3.000000E+0	1.864016E+0	5.244142E+0	134.554625E-3	129.226923E-3
72.800000E+0	3.000000E+0	1.867056E+0	5.288029E+0	135.507822E-3	130.156517E-3
72.900000E+0	3.000000E+0	1.869643E+0	5.328405E+0	136.566877E-3	131.358147E-3
73.000000E+0	3.000000E+0	1.871991E+0	5.367750E+0	137.732744E-3	132.301807E-3
73.100000E+0	3.000000E+0	1.876020E+0	5.423343E+0	138.903141E-3	133.570910E-3
73.200000E+0	3.000000E+0	1.879877E+0	5.462867E+0	139.906883E-3	134.268999E-3
73.300000E+0	3.000000E+0	1.881772E+0	5.493969E+0	140.764236E-3	135.454655E-3
73.400000E+0	3.000000E+0	1.885772E+0	5.544239E+0	141.848326E-3	136.267185E-3
73.500000E+0	3.000000E+0	1.889133E+0	5.590868E+0	142.838717E-3	137.410164E-3
73.600000E+0	3.000000E+0	1.892245E+0	5.626249E+0	144.140482E-3	138.457537E-3
73.700000E+0	3.000000E+0	1.894122E+0	5.667341E+0	144.983292E-3	139.424086E-3
73.800000E+0	3.000000E+0	1.897198E+0	5.723250E+0	146.189928E-3	140.437603E-3
73.900000E+0	3.000000E+0	1.900190E+0	5.758995E+0	147.325277E-3	141.618967E-3
74.000000E+0	3.000000E+0	1.904190E+0	5.798054E+0	148.344755E-3	142.743111E-3
74.100000E+0	3.000000E+0	1.905865E+0	5.851573E+0	149.487495E-3	143.586159E-3
74.200000E+0	3.000000E+0	1.909232E+0	5.880737E+0	150.294065E-3	144.523621E-3
74.300000E+0	3.000000E+0	1.912349E+0	5.921733E+0	151.581287E-3	145.620823E-3
74.400000E+0	3.000000E+0	1.915789E+0	5.975062E+0	152.434111E-3	146.498919E-3
74.500000E+0	3.000000E+0	1.918221E+0	6.017363E+0	153.673172E-3	147.523165E-3
74.600000E+0	3.000000E+0	1.920748E+0	6.053430E+0	154.745340E-3	148.837328E-3
74.700000E+0	3.000000E+0	1.924187E+0	6.097645E+0	155.706882E-3	149.542809E-3
74.800000E+0	3.000000E+0	1.927453E+0	6.148887E+0	156.702757E-3	150.794506E-3
74.900000E+0	3.000000E+0	1.930732E+0	6.186581E+0	157.901525E-3	151.818037E-3
75.000000E+0	3.000000E+0	1.933026E+0	6.226194E+0	158.912420E-3	152.776957E-3
75.100000E+0	3.000000E+0	1.936674E+0	6.274658E+0	159.822941E-3	153.801441E-3
75.200000E+0	3.000000E+0	1.940089E+0	6.310087E+0	160.932541E-3	154.588699E-3
75.300000E+0	3.000000E+0	1.942503E+0	6.352586E+0	162.046671E-3	155.896187E-3
75.400000E+0	3.000000E+0	1.945674E+0	6.401193E+0	163.158655E-3	156.845570E-3
75.500000E+0	3.000000E+0	1.948363E+0	6.446278E+0	164.099693E-3	157.872915E-3
75.600000E+0	3.000000E+0	1.950878E+0	6.481767E+0	165.353298E-3	158.967495E-3
75.700000E+0	3.000000E+0	1.953763E+0	6.523108E+0	166.135073E-3	159.878016E-3
75.800000E+0	3.000000E+0	1.956910E+0	6.571823E+0	167.250872E-3	160.923243E-3
75.900000E+0	3.000000E+0	1.960605E+0	6.608063E+0	168.415308E-3	161.909103E-3
76.000000E+0	3.000000E+0	1.963949E+0	6.646180E+0	169.483900E-3	162.983179E-3
76.100000E+0	3.000000E+0	1.966560E+0	6.700379E+0	170.563698E-3	163.889408E-3
76.200000E+0	3.000000E+0	1.968437E+0	6.743431E+0	171.458721E-3	164.934635E-3
76.300000E+0	3.000000E+0	1.971650E+0	6.777257E+0	172.611475E-3	165.975332E-3
76.400000E+0	3.000000E+0	1.974255E+0	6.827509E+0	173.666716E-3	167.065382E-3
76.500000E+0	3.000000E+0	1.978517E+0	6.871754E+0	174.677372E-3	167.966366E-3
76.600000E+0	3.000000E+0	1.981270E+0	6.909102E+0	175.874472E-3	169.224262E-3
76.700000E+0	3.000000E+0	1.982993E+0	6.946939E+0	176.840782E-3	170.057535E-3
76.800000E+0	3.000000E+0	1.986516E+0	6.998771E+0	177.911282E-3	171.165466E-3
76.900000E+0	3.000000E+0	1.989973E+0	7.031959E+0	178.951502E-3	172.046185E-3
77.000000E+0	3.000000E+0	1.993185E+0	7.071203E+0	179.985762E-3	173.175335E-3
77.100000E+0	3.000000E+0	1.995659E+0	7.128793E+0	181.066275E-3	174.167633E-3
77.200000E+0	3.000000E+0	1.999199E+0	7.164073E+0	182.057381E-3	175.187349E-3
77.300000E+0	3.000000E+0	2.002108E+0	7.199967E+0	183.115721E-3	176.181793E-3
77.400000E+0	3.000000E+0	2.004820E+0	7.250142E+0	184.186697E-3	177.263498E-3
77.500000E+0	3.000000E+0	2.007437E+0	7.294124E+0	185.115099E-3	178.165436E-3
77.600000E+0	3.000000E+0	2.010435E+0	7.326722E+0	186.416388E-3	179.265738E-3
77.700000E+0	3.000000E+0	2.013558E+0	7.366931E+0	187.231302E-3	180.118799E-3
77.800000E+0	3.000000E+0	2.017427E+0	7.425201E+0	188.309431E-3	181.212425E-3
77.900000E+0	3.000000E+0	2.019703E+0	7.453108E+0	189.584017E-3	182.330847E-3
78.000000E+0	3.000000E+0	2.024210E+0	7.498091E+0	190.659523E-3	183.410883E-3
78.100000E+0	3.000000E+0	2.025718E+0	7.548869E+0	191.563606E-3	184.328556E-3
78.200000E+0	3.000000E+0	2.028024E+0	7.585883E+0	192.552567E-3	185.260773E-3
78.300000E+0	3.000000E+0	2.031904E+0	7.626313E+0	193.658113E-3	186.462402E-3
78.400000E+0	3.000000E+0	2.036309E+0	7.669640E+0	194.621563E-3	187.350273E-3
78.500000E+0	3.000000E+0	2.037513E+0	7.713115E+0	195.578098E-3	188.279867E-3
78.600000E+0	3.000000E+0	2.041030E+0	7.751983E+0	196.848869E-3	189.467430E-3
78.700000E+0	3.000000E+0	2.042818E+0	7.796001E+0	197.746277E-3	190.322876E-3
78.800000E+0	3.000000E+0	2.047288E+0	7.842457E+0	198.959589E-3	191.409588E-3
78.900000E+0	3.000000E+0	2.050024E+0	7.881171E+0	200.021267E-3	192.452669E-3
79.000000E+0	3.000000E+0	2.053601E+0	7.923257E+0	201.070547E-3	193.457842E-3
79.100000E+0	3.000000E+0	2.056521E+0	7.969964E+0	202.014685E-3	194.473505E-3
79.200000E+0	3.000000E+0	2.059114E+0	8.009279E+0	203.028917E-3	195.354462E-3
79.300000E+0	3.000000E+0	2.061832E+0	8.045101E+0	204.160690E-3	196.513891E-3
79.400000E+0	3.000000E+0	2.065039E+0	8.090794E+0	205.200195E-3	197.474241E-3
79.500000E+0	3.000000E+0	2.068490E+0	8.137769E+0	206.305265E-3	198.516369E-3
79.600000E+0	3.000000E+0	2.071387E+0	8.174229E+0	207.366943E-3	199.603081E-3
79.700000E+0	3.000000E+0	2.075768E+0	8.208507E+0	208.204985E-3	200.465202E-3
79.800000E+0	3.000000E+0	2.076817E+0	8.267033E+0	209.300756E-3	201.434135E-3
79.900000E+0	3.000000E+0	2.080375E+0	8.301800E+0	210.410357E-3	202.609777E-3
80.000000E+0	3.000000E+0	2.082759E+0	8.339864E+0	211.617470E-3	203.627825E-3
80.100000E+0	3.000000E+0	2.085829E+0	8.400363E+0	212.617397E-3	204.596758E-3
80.200000E+0	3.000000E+0	2.088118E+0	8.428490E+0	213.530302E-3	205.503702E-3
80.300000E+0	3.000000E+0	2.092397E+0	8.466017E+0	214.698792E-3	206.738949E-3
80.400000E+0	3.000000E+0	2.094042E+0	8.516741E+0	215.728045E-3	207.628727E-3
80.500000E+0	3.000000E+0	2.098429E+0	8.558774E+0	216.710806E-3	208.614826E-3
80.600000E+0	3.000000E+0	2.100891E+0	8.595020E+0	217.921257E-3	209.777832E-3
80.700000E+0	3.000000E+0	2.103394E+0	8.636129E+0	218.734264E-3	210.568428E-3
80.800000E+0	3.000000E+0	2.107525E+0	8.684498E+0	219.730616E-3	211.578608E-3
80.900000E+0	3.000000E+0	2.110511E+0	8.719754E+0	220.959425E-3	212.746143E-3
81.000000E+0	3.000000E+0	2.112842E+0	8.763343E+0	221.886158E-3	213.875771E-3
81.100000E+0	3.000000E+0	2.116913E+0	8.819973E+0	223.160982E-3	214.914799E-3
81.200000E+0	3.000000E+0	2.118951E+0	8.851016E+0	224.061251E-3	215.768814E-3
81.300000E+0	3.000000E+0	2.121663E+0	8.888996E+0	225.181341E-3	216.772079E-3
81.400000E+0	3.000000E+0	2.125007E+0	8.934289E+0	226.250410E-3	217.730045E-3
81.500000E+0	3.000000E+0	2.127987E+0	8.976173E+0	227.148294E-3	218.745947E-3
81.600000E+0	3.000000E+0	2.130151E+0	9.013486E+0	228.309870E-3	219.730139E-3
81.700000E+0	3.000000E+0	2.132481E+0	9.051299E+0	229.201555E-3	220.712185E-3
81.800000E+0	3.000000E+0	2.136892E+0	9.106094E+0	230.345249E-3	221.793175E-3
81.900000E+0	3.000000E+0	2.141011E+0	9.146982E+0	231.465101E-3	222.898722E-3
82.000000E+0	3.000000E+0	2.143043E+0	9.184420E+0	232.610226E-3	223.951101E-3
82.100000E+0	3.000000E+0	2.145684E+0	9.234607E+0	233.587503E-3	225.003004E-3
82.200000E+0	3.000000E+0	2.147496E+0	9.268504E+0	234.406233E-3	225.844145E-3
82.300000E+0	3.000000E+0	2.153808E+0	9.307235E+0	235.730410E-3	227.070570E-3
82.400000E+0	3.000000E+0	2.155125E+0	9.357160E+0	236.751795E-3	228.001595E-3
82.500000E+0	3.000000E+0	2.157950E+0	9.401613E+0	237.685204E-3	228.979349E-3
82.600000E+0	3.000000E+0	2.162838E+0	9.434259E+0	238.957644E-3	230.035543E-3
82.700000E+0	3.000000E+0	2.163863E+0	9.475631E+0	239.890814E-3	230.976820E-3
82.800000E+0	3.000000E+0	2.167511E+0	9.528017E+0	240.889311E-3	232.046843E-3
82.900000E+0	3.000000E+0	2.171284E+0	9.560275E+0	241.889477E-3	232.999086E-3
83.000000E+0	3.000000E+0	2.172780E+0	9.598142E+0	243.008614E-3	234.111786E-3
83.100000E+0	3.000000E+0	2.175772E+0	9.658623E+0	244.126558E-3	235.204935E-3
83.200000E+0	3.000000E+0	2.178919E+0	9.688598E+0	245.028496E-3	236.020327E-3
83.300000E+0	3.000000E+0	2.181268E+0	9.722179E+0	246.124983E-3	237.030029E-3
83.400000E+0	3.000000E+0	2.185512E+0	9.774399E+0	247.076988E-3	238.111734E-3
83.500000E+0	3.000000E+0	2.188158E+0	9.820670E+0	248.201370E-3	239.129782E-3
83.600000E+0	3.000000E+0	2.191287E+0	9.853387E+0	249.291420E-3	240.307331E-3
83.700000E+0	3.000000E+0	2.194160E+0	9.894717E+0	250.200748E-3	241.150141E-3
83.800000E+0	3.000000E+0	2.198094E+0	9.946728E+0	251.325369E-3	242.138624E-3
83.900000E+0	3.000000E+0	2.199817E+0	9.977663E+0	252.362728E-3	243.136406E-3
84.000000E+0	3.000000E+0	2.203649E+0	10.020638E+0	253.448486E-3	244.215250E-3
84.100000E+0	3.000000E+0	2.206248E+0	10.074252E+0	254.467487E-3	245.260000E-3
84.200000E+0	3.000000E+0	2.208740E+0	10.101974E+0	255.483389E-3	246.178627E-3
84.300000E+0	3.000000E+0	2.212185E+0	10.145360E+0	256.605387E-3	247.221231E-3
84.400000E+0	3.000000E+0	2.215511E+0	10.195076E+0	257.489920E-3	248.084545E-3
84.500000E+0	3.000000E+0	2.217788E+0	10.238856E+0	258.625507E-3	249.305248E-3
84.600000E+0	3.000000E+0	2.221578E+0	10.269326E+0	259.658337E-3	250.251770E-3
84.700000E+0	3.000000E+0	2.223045E+0	10.310119E+0	260.546446E-3	251.111507E-3
84.800000E+0	3.000000E+0	2.226800E+0	10.356212E+0	261.574268E-3	252.095222E-3
84.900000E+0	3.000000E+0	2.230930E+0	10.398966E+0	262.829781E-3	253.317356E-3
85.000000E+0	3.000000E+0	2.234322E+0	10.435855E+0	263.934851E-3	254.220724E-3
85.100000E+0	3.000000E+0	2.236247E+0	10.489821E+0	264.944792E-3	255.279064E-3
85.200000E+0	3.000000E+0	2.239263E+0	10.527223E+0	266.006470E-3	256.400108E-3
85.300000E+0	3.000000E+0	2.243072E+0	10.559624E+0	266.997337E-3	257.357597E-3
85.400000E+0	3.000000E+0	2.244729E+0	10.606992E+0	267.975807E-3	258.354664E-3
85.500000E+0	3.000000E+0	2.247304E+0	10.649943E+0	268.841267E-3	259.261608E-3
85.600000E+0	3.000000E+0	2.251184E+0	10.682476E+0	270.023346E-3	260.251284E-3
85.700000E+0	3.000000E+0	2.254105E+0	10.720134E+0	270.954132E-3	261.181116E-3
85.800000E+0	3.000000E+0	2.256870E+0	10.782391E+0	272.056818E-3	262.173891E-3
85.900000E+0	3.000000E+0	2.260178E+0	10.810381E+0	273.260832E-3	263.272285E-3
86.000000E+0	3.000000E+0	2.263218E+0	10.848337E+0	274.292707E-3	264.355898E-3
86.100000E+0	3.000000E+0	2.266908E+0	10.910243E+0	275.259256E-3	265.360594E-3
86.200000E+0	3.000000E+0	2.268630E+0	10.937977E+0	276.315689E-3	266.330242E-3
86.300000E+0	3.000000E+0	2.272624E+0	10.975045E+0	277.422190E-3	267.365217E-3
86.400000E+0	3.000000E+0	2.275443E+0	11.024129E+0	278.424501E-3	268.327713E-3
86.500000E+0	3.000000E+0	2.277947E+0	11.063927E+0	279.298782E-3	269.364834E-3
86.600000E+0	3.000000E+0	2.280581E+0	11.099190E+0	280.507088E-3	270.526648E-3
86.700000E+0	3.000000E+0	2.284455E+0	11.141807E+0	281.396389E-3	271.314859E-3
86.800000E+0	3.000000E+0	2.286696E+0	11.195385E+0	282.569647E-3	272.505522E-3
86.900000E+0	3.000000E+0	2.290088E+0	11.229438E+0	283.542156E-3	273.535252E-3
87.000000E+0	3.000000E+0	2.294761E+0	11.272418E+0	284.768581E-3	274.554491E-3
87.100000E+0	3.000000E+0	2.295852E+0	11.327142E+0	285.873175E-3	275.573969E-3
87.200000E+0	4.000000E+0	2.298611E+0	11.339730E+0	286.514282E-3	275.966167E-3
87.300000E+0	4.000000E+0	2.298254E+0	11.337030E+0	286.354542E-3	276.195765E-3
87.400000E+0	4.000000E+0	2.298409E+0	11.325848E+0	286.072493E-3	275.669098E-3
87.500000E+0	4.000000E+0	2.280903E+0	11.075813E+0	280.074835E-3	269.971371E-3
87.600000E+0	4.000000E+0	2.266151E+0	10.849524E+0	274.628401E-3	264.737606E-3
87.700000E+0	4.000000E+0	2.250910E+0	10.623813E+0	269.051552E-3	259.314299E-3
87.800000E+0	4.000000E+0	2.233869E+0	10.393858E+0	263.602734E-3	254.021406E-3
87.900000E+0	4.000000E+0	2.218407E+0	10.167837E+0	258.132219E-3	248.585463E-3
88.000000E+0	4.000000E+0	2.203846E+0	9.946227E+0	252.654076E-3	243.300200E-3
88.100000E+0	4.000000E+0	2.187634E+0	9.712785E+0	247.107267E-3	237.939596E-3
88.200000E+0	4.000000E+0	2.172089E+0	9.490800E+0	241.560459E-3	232.531548E-3
88.300000E+0	4.000000E+0	2.158004E+0	9.266973E+0	235.993862E-3	227.301598E-3
88.400000E+0	4.000000E+0	2.141690E+0	9.034342E+0	230.504036E-3	221.834660E-3
88.500000E+0	4.000000E+0	2.125961E+0	8.797675E+0	224.985123E-3	216.537952E-3
88.600000E+0	4.000000E+0	2.109087E+0	8.592433E+0	219.510317E-3	211.187840E-3
88.700000E+0	4.000000E+0	2.094376E+0	8.439142E+0	213.683367E-3	205.678225E-3
88.800000E+0	4.000000E+0	2.078211E+0	8.406234E+0	207.739115E-3	199.901581E-3
88.900000E+0	4.000000E+0	2.060884E+0	6.536102E+0	200.321913E-3	195.355177E-3
89.000000E+0	4.000000E+0	2.048665E+0	9.258395E+0	195.728302E-3	195.948601E-3
89.100000E+0	4.000000E+0	2.029496E+0	6.526953E+0	183.373213E-3	188.187599E-3
89.200000E+0	4.000000E+0	2.015901E+0	7.488573E+0	184.687614E-3	186.282396E-3
89.300000E+0	4.000000E+0	1.997137E+0	7.324100E+0	170.131922E-3	178.826809E-3
89.400000E+0	4.000000E+0	1.983488E+0	6.407678E+0	171.519518E-3	175.275326E-3
89.500000E+0	4.000000E+0	1.964891E+0	6.482410E+0	156.783342E-3	168.866396E-3
89.600000E+0	4.000000E+0	1.952535E+0	7.013279E+0	157.427073E-3	163.447857E-3
89.700000E+0	4.000000E+0	1.934469E+0	4.822254E+0	144.686222E-3	159.257174E-3
89.800000E+0	4.000000E+0	1.920104E+0	7.506478E+0	144.377947E-3	151.134729E-3
89.900000E+0	4.000000E+0	1.901919E+0	3.846562E+0	136.496782E-3	149.462461E-3
90.000000E+0	4.000000E+0	1.888782E+0	7.317930E+0	132.251501E-3	139.899254E-3
90.100000E+0	4.000000E+0	1.869822E+0	3.286701E+0	125.904799E-3	138.680458E-3
90.200000E+0	4.000000E+0	1.856118E+0	6.805724E+0	120.742559E-3	128.814697E-3
90.300000E+0	4.000000E+0	1.838493E+0	2.954710E+0	112.996578E-3	127.858162E-3
90.400000E+0	4.000000E+0	1.825440E+0	5.972469E+0	109.563589E-3	117.877245E-3
90.500000E+0	4.000000E+0	1.807398E+0	3.304821E+0	99.371195E-3	115.955591E-3
90.600000E+0	4.000000E+0	1.794457E+0	4.287255E+0	99.454880E-3	108.236074E-3
90.700000E+0	4.000000E+0	1.776826E+0	4.515576E+0	88.490963E-3	103.621006E-3
90.800000E+0	4.000000E+0	1.760566E+0	2.058518E+0	90.193510E-3	100.098372E-3
90.900000E+0	4.000000E+0	1.747030E+0	5.220401E+0	80.205441E-3	90.031147E-3
91.000000E+0	4.000000E+0	1.726937E+0	2.072120E+0	71.958065E-3	88.611841E-3
91.100000E+0	4.000000E+0	1.714051E+0	2.317870E+0	72.098494E-3	81.235886E-3
91.200000E+0	4.000000E+0	1.695812E+0	4.223877E+0	61.828375E-3	74.462414E-3
91.300000E+0	4.000000E+0	1.679075E+0	787.591934E-3	58.804512E-3	73.455095E-3
91.400000E+0	4.000000E+0	1.666170E+0	2.972227E+0	53.575754E-3	62.241316E-3
91.500000E+0	4.000000E+0	1.648742E+0	2.902883E+0	44.061184E-3	59.450150E-3
91.600000E+0	4.000000E+0	1.634020E+0	14.042854E-3	43.000698E-3	57.202816E-3
91.700000E+0	4.000000E+0	1.619303E+0	1.994300E+0	37.079096E-3	45.489550E-3
91.800000E+0	4.000000E+0	1.601267E+0	2.634311E+0	27.758360E-3	41.646242E-3
91.900000E+0	4.000000E+0	1.584756E+0	-492.823124E-3	26.085377E-3	40.585995E-3
92.000000E+0	4.000000E+0	1.570070E+0	1.570463E+0	19.964457E-3	27.748585E-3
92.100000E+0	4.000000E+0	1.551914E+0	1.512706E+0	11.231422E-3	26.115656E-3
92.200000E+0	4.000000E+0	1.536965E+0	-1.176587E+0	10.196209E-3	24.228096E-3
92.300000E+0	4.000000E+0	1.523978E+0	1.069379E+0	3.613949E-3	10.571480E-3
92.400000E+0	4.000000E+0	1.507020E+0	802.022219E-3	-4.079819E-3	10.846376E-3
92.500000E+0	4.000000E+0	1.507181E+0	-1.581970E+0	-216.364861E-6	14.580488E-3
92.600000E+0	4.000000E+0	1.509166E+0	707.978010E-3	-872.969627E-6	5.369663E-3
92.700000E+0	4.000000E+0	1.506174E+0	1.029539E+0	-4.670620E-3	9.521246E-3
92.800000E+0	4.000000E+0	1.506692E+0	-1.699308E+0	-386.595726E-6	14.151812E-3
92.900000E+0	4.000000E+0	1.507235E+0	1.025647E+0	-1.689315E-3	4.565001E-3
93.000000E+0	4.000000E+0	1.504737E+0	336.956978E-3	-4.472852E-3	10.541201E-3
93.100000E+0	4.000000E+0	1.506639E+0	-1.466826E+0	234.603882E-6	12.122869E-3
93.200000E+0	4.000000E+0	1.508689E+0	1.677406E+0	-3.695130E-3	4.274130E-3
93.300000E+0	4.000000E+0	1.503575E+0	-1.107129E+0	-2.752900E-3	12.398243E-3
93.400000E+0	4.000000E+0	1.507932E+0	-166.407228E-3	-930.786133E-6	6.438255E-3
93.500000E+0	4.000000E+0	1.504254E+0	1.126260E+0	-5.016804E-3	7.698059E-3
93.600000E+0	4.000000E+0	1.504731E+0	-1.651815E+0	39.815903E-6	12.342453E-3
93.700000E+0	4.000000E+0	1.506609E+0	1.852888E+0	-4.038811E-3	3.239632E-3
93.800000E+0	4.000000E+0	1.503372E+0	-1.604286E+0	-1.976609E-3	13.235569E-3
93.900000E+0	4.000000E+0	1.506585E+0	1.092845E+0	-1.865745E-3	2.786636E-3
94.000000E+0	4.000000E+0	1.503080E+0	-572.672486E-3	-3.780246E-3	10.949612E-3
94.100000E+0	4.000000E+0	1.506811E+0	343.984365E-3	-1.600504E-3	3.888130E-3
94.200000E+0	4.000000E+0	1.502925E+0	24.491549E-3	-4.514337E-3	9.304523E-3
94.300000E+0	4.000000E+0	1.506215E+0	-242.975354E-3	-840.187073E-6	5.398273E-3
94.400000E+0	4.000000E+0	1.503372E+0	373.131037E-3	-4.781604E-3	8.628845E-3
94.500000E+0	4.000000E+0	1.505989E+0	-485.312939E-3	-589.609146E-6	6.080866E-3
94.600000E+0	4.000000E+0	1.502723E+0	593.310595E-3	-5.078793E-3	8.014441E-3
94.700000E+0	4.000000E+0	1.505137E+0	-606.939197E-3	-683.665276E-6	6.203175E-3
94.800000E+0	4.000000E+0	1.501197E+0	630.128384E-3	-5.341530E-3	7.973433E-3
94.900000E+0	4.000000E+0	1.505965E+0	-520.515442E-3	-550.389290E-6	5.722284E-3
95.000000E+0	4.000000E+0	1.502436E+0	380.223989E-3	-5.200028E-3	8.219004E-3
95.100000E+0	4.000000E+0	1.505929E+0	20.527840E-3	-1.624107E-3	3.921986E-3
95.200000E+0	4.000000E+0	1.501697E+0	-380.656123E-3	-4.264474E-3	9.394884E-3
95.300000E+0	4.000000E+0	1.506257E+0	625.902414E-3	-1.853108E-3	2.198696E-3
95.400000E+0	4.000000E+0	1.502883E+0	-897.574425E-3	-3.600121E-3	10.326147E-3
95.500000E+0	4.000000E+0	1.505691E+0	1.194942E+0	-2.461433E-3	988.245010E-6
95.600000E+0	4.000000E+0	1.500881E+0	-1.524794E+0	-2.327800E-3	11.847019E-3
95.700000E+0	4.000000E+0	1.502723E+0	1.798207E+0	-4.872799E-3	1.998186E-3
95.800000E+0	4.000000E+0	1.503694E+0	-1.500836E+0	-84.638596E-6	9.445906E-3
95.900000E+0	4.000000E+0	1.500809E+0	528.711081E-3	-5.382538E-3	7.714272E-3
96.000000E+0	4.000000E+0	1.504976E+0	659.638643E-3	-2.008677E-3	1.632690E-3
96.100000E+0	4.000000E+0	1.501739E+0	-1.549610E+0	-2.543211E-3	11.900663E-3
96.200000E+0	4.000000E+0	1.503313E+0	1.828235E+0	-4.746556E-3	1.541615E-3
96.300000E+0	4.000000E+0	1.503545E+0	-1.362982E+0	-267.624855E-6	8.751869E-3
96.400000E+0	4.000000E+0	1.501447E+0	277.578831E-3	-5.176783E-3	8.141994E-3
96.500000E+0	4.000000E+0	1.504505E+0	946.837664E-3	-2.434134E-3	694.036484E-6
96.600000E+0	4.000000E+0	1.502907E+0	-1.778454E+0	-1.793146E-3	12.104988E-3
96.700000E+0	4.000000E+0	1.502854E+0	1.816261E+0	-5.583286E-3	2.505064E-3
96.800000E+0	4.000000E+0	1.504445E+0	-887.089968E-3	-832.676888E-6	6.358624E-3
96.900000E+0	4.000000E+0	1.500922E+0	-496.253371E-3	-4.266024E-3	9.811878E-3
