Program version:	Fatigue ver. 4.0
Date and time:	06-08-2015 14:56:40
Operator:	sras
Project ID:	44584
Sample ID:	EQA01-04
Comments:	
	
Mode of operation:	Ten-ten
Low load setpoint [kN]:	0.000000
Sample width [mm]:	25.290000
Sample thickness [mm]:	4.300000
Strain sensor:	Extensometer
Number of strain sensors:	2
Channel configuration:	0 6 1,1,0,0,0,0 1,4,1,2,3,4
Digital I/O:	0,1,None
	
Machine SN:	88R1342
Load cell SN:	UK 054
Load cell [kN]:	100.000000
Extensometer 1 SN:	2026
Gauge length 1 [mm]:	50.000000
Full scale 1 [%]:	2.000000
Extensometer 2 SN:	2084
Gauge length 2 [mm]:	50.000000
Full scale 2 [%]:	2.000000
	
Modulus [GPa]:	37.924446
	
E-max [%]:	1.100000
R:	0.100000
Waveform frequency [Hz]:	4.000000
Samples pr cycle:	125
	
Max change stiffness [%]:	0.500000
Max cycles between log:	500
Number of initial cycles:	20
Run out cycle:	2000000
	
	
Timestamp [yyyymmddHHMMSS.frac]	Time [s]	Cycle	Position max [mm]	Position min [mm]	Stress max [MPa]	Stress min [MPa]	Strain1 max [%]	Strain1 min [%]	Strain2 max [%]	Strain2 min [%]	StiffnessAvg [GPa]	Stiffness1 [GPa]	Stiffness2 [GPa]	StiffnessPosition [MPa/mm]	DampingAvg	Damping1	Damping2	DampingPosition
20150806150252.718700	0.000000	1.000000	17.956579	16.417951	296.644633	65.881639	0.792027	0.185671	0.798681	0.186176	37.847452	38.041031	37.655822	149.872524	0.045373	0.046489	0.044269	0.092594
20150806150252.960900	0.250000	2.000000	18.847245	16.365195	420.406692	55.993079	1.131442	0.160658	1.139646	0.162023	37.382385	37.509210	37.256396	146.746694	0.074904	0.076382	0.073435	0.176230
20150806150253.218700	0.500000	3.000000	18.847192	16.360390	418.837690	54.352824	1.129554	0.156692	1.137554	0.158449	37.343131	37.460298	37.226654	146.424886	0.067425	0.070160	0.064708	0.149400
20150806150253.468700	0.750000	4.000000	18.837804	16.344422	417.121468	51.082836	1.124863	0.148607	1.132922	0.150217	37.335450	37.451423	37.220150	146.421151	0.065255	0.068021	0.062506	0.142695
20150806150253.710900	1.000000	5.000000	18.835539	16.338897	416.014736	50.011842	1.123561	0.145885	1.131644	0.147518	37.328119	37.446213	37.210723	146.427604	0.064286	0.067028	0.061562	0.138806
20150806150253.980500	1.250000	6.000000	18.824828	16.325951	414.440801	47.954041	1.118837	0.140580	1.127069	0.142385	37.323873	37.440939	37.207506	146.416553	0.064275	0.066891	0.061676	0.137321
20150806150254.218700	1.500000	7.000000	18.822158	16.321564	413.674333	47.236244	1.117465	0.138785	1.125818	0.140546	37.321827	37.442782	37.201623	146.455523	0.064527	0.067173	0.061899	0.137029
20150806150254.480500	1.750000	8.000000	18.816072	16.316444	412.556969	45.814024	1.114624	0.135315	1.122918	0.137286	37.322540	37.440965	37.204838	146.452187	0.064317	0.066836	0.061814	0.137307
20150806150254.718700	2.000000	9.000000	18.815536	16.314417	412.575385	45.446137	1.114260	0.134184	1.122600	0.136242	37.315945	37.437177	37.195469	146.431975	0.064443	0.066804	0.062097	0.135383
20150806150254.960900	2.250000	10.000000	18.815989	16.310102	412.178010	44.796195	1.114149	0.132459	1.122568	0.134297	37.310111	37.431279	37.189697	146.409955	0.064243	0.066737	0.061767	0.136038
20150806150255.230500	2.500000	11.000000	18.816060	16.309577	412.328629	44.385994	1.113560	0.131810	1.122059	0.133588	37.303199	37.429780	37.177442	146.407416	0.064731	0.066995	0.062483	0.135093
20150806150255.449200	2.750000	12.000000	18.822962	16.305745	412.764919	43.723008	1.116014	0.130009	1.124672	0.131541	37.296521	37.429107	37.164845	146.398282	0.065419	0.067043	0.063808	0.134413
20150806150255.730500	3.000000	13.000000	18.822813	16.305983	412.273599	43.610318	1.114983	0.129630	1.123614	0.130957	37.284969	37.423255	37.147670	146.402347	0.065274	0.066995	0.063566	0.133917
20150806150255.968700	3.250000	14.000000	18.824590	16.305220	412.474315	43.283210	1.115591	0.128891	1.124235	0.130505	37.288277	37.422651	37.154845	146.381770	0.065608	0.067263	0.063965	0.133824
20150806150256.210900	3.500000	15.000000	18.822348	16.304964	412.403171	43.142018	1.114885	0.128644	1.123779	0.130154	37.283675	37.421957	37.146391	146.397757	0.065025	0.066734	0.063329	0.133910
20150806150256.480500	3.750000	16.000000	18.824601	16.306699	412.420600	43.341528	1.115474	0.129218	1.124277	0.130803	37.278370	37.413767	37.143928	146.381586	0.065625	0.067338	0.063924	0.133396
20150806150256.699200	4.000000	17.000000	18.829680	16.307795	413.350513	42.992276	1.117383	0.128895	1.126231	0.130517	37.273249	37.410527	37.136952	146.356486	0.065400	0.067107	0.063706	0.133323
20150806150256.980500	4.250000	18.000000	18.828607	16.309309	412.795613	43.390090	1.117115	0.129933	1.126105	0.131526	37.265718	37.406589	37.125882	146.327015	0.065671	0.067238	0.064115	0.133879
20150806150257.218700	4.500000	19.000000	18.844652	16.307068	414.153485	42.952155	1.122596	0.128710	1.131739	0.130411	37.266202	37.407185	37.126253	146.366987	0.065380	0.067004	0.063768	0.132594
20150806150257.468700	4.750000	20.000000	18.834198	16.307765	413.389319	42.939549	1.118379	0.128675	1.127725	0.130340	37.258127	37.404794	37.112585	146.349530	0.066005	0.067396	0.064625	0.132756
20150806150401.710900	69.000000	277.000000	18.913526	16.348702	416.827465	42.338388	1.134123	0.128672	1.153777	0.139015	37.041547	37.210533	36.874034	145.611196	0.066801	0.067796	0.065814	0.124962
20150806150606.718700	194.000000	777.000000	18.945921	16.360569	417.642166	42.243128	1.139651	0.127945	1.164871	0.143605	36.917809	37.088509	36.748606	144.891245	0.064290	0.066488	0.062112	0.122701
20150806150811.718700	319.000000	1277.000000	18.953204	16.365534	416.919437	42.170449	1.140059	0.127594	1.169638	0.145474	36.796789	37.011686	36.584348	144.478278	0.063297	0.064039	0.062564	0.119131
20150806151016.738300	444.000000	1777.000000	18.959779	16.368157	416.275415	42.529128	1.140287	0.128011	1.171449	0.146965	36.727527	36.946092	36.511514	144.157974	0.060766	0.061902	0.059642	0.117433
20150806151221.769500	569.000000	2277.000000	18.970531	16.366714	416.725846	42.120901	1.142477	0.126985	1.174534	0.147452	36.684544	36.890502	36.480820	143.811201	0.057508	0.060140	0.054905	0.115620
20150806151426.738300	694.000000	2777.000000	18.973351	16.371793	416.457714	41.916896	1.143067	0.127237	1.176338	0.148554	36.636279	36.844660	36.430185	143.614176	0.056109	0.058366	0.053878	0.114713
20150806151631.750000	819.000000	3277.000000	18.974984	16.374630	416.223893	42.012376	1.142833	0.126426	1.177943	0.148705	36.578341	36.811109	36.348476	143.443843	0.056289	0.057358	0.055233	0.114153
20150806151836.738300	944.000000	3777.000000	18.982846	16.377497	416.783616	42.501285	1.145520	0.127922	1.180512	0.149797	36.542677	36.780683	36.307659	143.301408	0.054849	0.056038	0.053675	0.112712
20150806152041.761700	1069.000000	4277.000000	18.990553	16.374827	417.113904	41.966226	1.146363	0.125723	1.180298	0.148039	36.547446	36.748757	36.348247	143.078538	0.051459	0.055301	0.047661	0.112155
20150806152246.769500	1194.000000	4777.000000	18.996674	16.379720	416.910119	42.187331	1.147840	0.127451	1.183851	0.151138	36.508979	36.723783	36.296580	142.921745	0.051062	0.054000	0.048159	0.110201
20150806152451.761700	1319.000000	5277.000000	18.999422	16.379982	416.867147	42.310983	1.146459	0.125994	1.183356	0.150568	36.476469	36.694695	36.260721	142.727772	0.050338	0.054007	0.046713	0.109506
20150806152656.781200	1444.000000	5777.000000	19.000769	16.382385	416.644617	42.056444	1.146284	0.126112	1.184402	0.150522	36.435891	36.678380	36.196528	142.598249	0.051039	0.052838	0.049264	0.108833
20150806152901.769500	1569.000000	6277.000000	19.004852	16.385168	416.529515	42.315368	1.147018	0.126681	1.185779	0.151998	36.416844	36.657436	36.179330	142.475100	0.050160	0.052605	0.047747	0.109850
20150806153106.781200	1694.000000	6777.000000	19.008923	16.385281	416.128084	41.914485	1.146477	0.125638	1.184696	0.150585	36.398512	36.633907	36.166065	142.324066	0.049879	0.052123	0.047664	0.108656
20150806153311.781200	1819.000000	7277.000000	19.011474	16.387260	416.432282	42.191935	1.146697	0.125470	1.187003	0.151828	36.365075	36.616339	36.117174	142.158838	0.050411	0.051889	0.048954	0.108688
20150806153516.789100	1944.000000	7777.000000	19.018990	16.386479	416.512634	42.100182	1.149439	0.125921	1.190226	0.152210	36.348403	36.602843	36.097445	142.021438	0.050166	0.051156	0.049190	0.108381
20150806153721.808600	2069.000000	8277.000000	19.018239	16.386831	416.441380	42.190071	1.147640	0.125095	1.188974	0.151898	36.334453	36.591416	36.081040	141.920406	0.049453	0.050890	0.048037	0.107214
20150806153926.800800	2194.000000	8777.000000	19.020534	16.388881	416.369031	42.068612	1.148682	0.125756	1.190885	0.152939	36.315657	36.580220	36.054840	141.860898	0.049643	0.050615	0.048686	0.107946
20150806154131.808600	2319.000000	9277.000000	19.023073	16.388703	416.244611	41.974228	1.147454	0.125063	1.190269	0.152399	36.292293	36.569286	36.019416	141.737575	0.050272	0.050378	0.050167	0.105975
20150806154336.808600	2444.000000	9777.000000	19.026530	16.391778	416.249983	42.098648	1.149403	0.126069	1.192816	0.154585	36.295031	36.560770	36.033090	141.655549	0.047906	0.049263	0.046569	0.106452
20150806154541.820300	2569.000000	10277.000000	19.028282	16.392333	416.364317	42.207940	1.148542	0.125491	1.192588	0.153860	36.263877	36.551517	35.980678	141.527525	0.050362	0.050433	0.050293	0.106053
20150806154746.820300	2694.000000	10777.000000	19.034332	16.391963	416.325402	41.914375	1.150236	0.124545	1.195135	0.153713	36.262508	36.544937	35.984373	141.472159	0.048050	0.048728	0.047382	0.105586
20150806154951.828100	2819.000000	11277.000000	19.032365	16.392613	416.160970	42.085822	1.147811	0.124544	1.193151	0.154096	36.258142	36.537760	35.982710	141.347681	0.048676	0.048915	0.048440	0.104391
20150806155156.871100	2944.000000	11777.000000	19.042009	16.392482	417.087814	41.925776	1.151229	0.123976	1.197338	0.153830	36.236562	36.528159	35.949528	141.278782	0.048818	0.048671	0.048963	0.105778
20150806155401.828100	3069.000000	12277.000000	19.039035	16.392368	416.625872	42.066529	1.149143	0.124253	1.195836	0.154665	36.230203	36.520872	35.944082	141.188216	0.048467	0.048657	0.048279	0.103900
20150806155606.871100	3194.000000	12777.000000	19.040150	16.395539	415.944360	42.236989	1.149662	0.124632	1.196087	0.155047	36.224271	36.510632	35.942302	141.155684	0.047634	0.048378	0.046902	0.107020
20150806155811.871100	3319.000000	13277.000000	19.044835	16.395521	416.515046	41.842464	1.151516	0.124136	1.199006	0.155371	36.212975	36.507471	35.923122	141.061875	0.048310	0.048119	0.048499	0.106274
20150806160016.851600	3444.000000	13777.000000	19.043285	16.396684	416.420772	42.136467	1.149335	0.125068	1.197480	0.156594	36.196608	36.496757	35.901295	140.982950	0.048465	0.047957	0.048965	0.105722
20150806160221.871100	3569.000000	14277.000000	19.049531	16.396672	416.351272	42.109829	1.151482	0.124924	1.200024	0.156794	36.191377	36.489008	35.898512	140.880452	0.047352	0.047322	0.047382	0.105109
20150806160426.859400	3694.000000	14777.000000	19.044692	16.397280	415.636326	41.978394	1.146020	0.122796	1.194162	0.154375	36.189737	36.484906	35.899234	140.781887	0.048266	0.048121	0.048409	0.106315
20150806160631.878900	3819.000000	15277.000000	19.049365	16.398418	416.004432	42.150389	1.146761	0.122110	1.195237	0.154225	36.169797	36.472044	35.872461	140.655967	0.047384	0.047096	0.047668	0.104710
20150806160836.890600	3944.000000	15777.000000	19.059348	16.398996	416.640123	42.309668	1.149716	0.121945	1.198451	0.153863	36.153247	36.461486	35.850051	140.540210	0.047985	0.047193	0.048764	0.104947
20150806161041.890600	4069.000000	16277.000000	19.060040	16.398967	416.732972	42.248280	1.149701	0.121804	1.199207	0.154948	36.155635	36.451522	35.864422	140.471853	0.047350	0.047215	0.047484	0.104518
20150806161246.898400	4194.000000	16777.000000	19.061697	16.397989	416.524802	42.040220	1.149500	0.121214	1.200016	0.154511	36.131309	36.442900	35.824943	140.361735	0.047623	0.046976	0.048259	0.104159
20150806161451.890600	4319.000000	17277.000000	19.057930	16.400701	416.332637	42.295746	1.147103	0.121583	1.197812	0.155058	36.123126	36.435187	35.816300	140.302906	0.047949	0.047175	0.048709	0.105204
20150806161656.898400	4444.000000	17777.000000	19.063437	16.399527	416.483694	42.100950	1.149536	0.121207	1.201123	0.155126	36.110935	36.428213	35.799078	140.238759	0.048258	0.047228	0.049270	0.104746
20150806161901.921900	4569.000000	18277.000000	19.059962	16.400403	416.295256	42.181302	1.147769	0.121035	1.199731	0.155205	36.099145	36.419660	35.784160	140.174976	0.048015	0.046804	0.049205	0.104085
20150806162106.910200	4694.000000	18777.000000	19.064033	16.400361	416.451137	42.120133	1.149339	0.120848	1.201630	0.155344	36.093969	36.413269	35.780166	140.073141	0.047840	0.046834	0.048829	0.104628
20150806162311.921900	4819.000000	19277.000000	19.064188	16.400963	416.497177	42.175273	1.147904	0.120858	1.200577	0.155055	36.072187	36.404851	35.745471	140.014118	0.048363	0.046818	0.049882	0.105269
20150806162516.910200	4944.000000	19777.000000	19.069797	16.400421	416.295037	42.173738	1.150000	0.120482	1.203041	0.155324	36.073402	36.399202	35.753319	140.050307	0.048378	0.047123	0.049613	0.105699
20150806162721.929700	5069.000000	20277.000000	19.067604	16.402889	416.097719	42.083301	1.148374	0.121441	1.201558	0.156606	36.068641	36.388533	35.754268	139.984856	0.047910	0.046936	0.048867	0.106099
20150806162926.949200	5194.000000	20777.000000	19.069165	16.399235	416.081934	41.809687	1.148804	0.120129	1.202232	0.155586	36.064093	36.384524	35.749205	139.894879	0.047500	0.046533	0.048452	0.103276
20150806163131.929700	5319.000000	21277.000000	19.068843	16.399688	416.103858	42.170559	1.148362	0.120625	1.202280	0.156454	36.054494	36.375168	35.739365	139.821011	0.048015	0.046917	0.049093	0.104922
20150806163336.960900	5444.000000	21777.000000	19.075763	16.403985	416.669392	42.372480	1.149676	0.120892	1.203834	0.156927	36.046433	36.369123	35.729365	139.768511	0.047893	0.046842	0.048925	0.105043
20150806163541.941400	5569.000000	22277.000000	19.079083	16.402447	416.524692	42.216051	1.151021	0.121025	1.205524	0.157185	36.037432	36.362903	35.717684	139.751655	0.047101	0.045995	0.048188	0.103988
20150806163746.968700	5694.000000	22777.000000	19.077063	16.402972	416.680683	42.175163	1.151091	0.120737	1.205762	0.157137	36.026867	36.353008	35.706473	139.638331	0.047783	0.046552	0.048992	0.103509
20150806163951.988300	5819.000000	23277.000000	19.081533	16.402525	416.527542	41.753561	1.151841	0.120150	1.206849	0.156760	36.022285	36.350398	35.699992	139.571227	0.047321	0.046135	0.048486	0.103212
20150806164156.960900	5944.000000	23777.000000	19.077254	16.402513	416.024602	42.064336	1.149905	0.120576	1.205152	0.157364	36.014995	36.344342	35.691517	139.506030	0.047946	0.046755	0.049116	0.103467
20150806164401.980500	6069.000000	24277.000000	19.080597	16.406113	416.671694	42.407340	1.151154	0.121734	1.206471	0.158619	36.005124	36.335312	35.680829	139.448919	0.047751	0.046257	0.049219	0.103914
20150806164606.968700	6194.000000	24777.000000	19.084519	16.406167	416.583120	42.376098	1.151688	0.120964	1.207216	0.158134	35.997659	36.329248	35.672014	139.393548	0.047844	0.046385	0.049277	0.104378
20150806164812.011700	6319.000000	25277.000000	19.084078	16.406477	416.342612	42.434964	1.151677	0.121584	1.207452	0.158789	35.994664	36.325508	35.669737	139.334739	0.047697	0.046217	0.049151	0.104001
20150806165016.980500	6444.000000	25777.000000	19.088096	16.406131	416.437544	42.284345	1.152042	0.120971	1.207972	0.158484	35.984642	36.315319	35.659877	139.233711	0.047854	0.046366	0.049317	0.104142
20150806165221.988300	6569.000000	26277.000000	19.088513	16.405052	416.839194	42.118927	1.152319	0.120352	1.208367	0.157979	35.979851	36.312177	35.653499	139.185949	0.047911	0.046346	0.049448	0.104699
20150806165427.000000	6694.000000	26777.000000	19.089955	16.406846	416.410796	42.584487	1.152741	0.121977	1.208930	0.159686	35.968107	36.300772	35.641430	139.084474	0.048224	0.046768	0.049655	0.105886
20150806165632.000000	6819.000000	27277.000000	19.087059	16.402549	416.050473	42.025859	1.150809	0.121017	1.207431	0.158844	35.964588	36.298717	35.636498	139.067509	0.048084	0.046459	0.049681	0.103172
20150806165837.011700	6944.000000	27777.000000	19.090504	16.408664	416.260506	41.925885	1.151496	0.121310	1.208035	0.159297	35.957904	36.292652	35.629218	138.989055	0.048393	0.046740	0.050018	0.105204
20150806170042.031200	7069.000000	28277.000000	19.091296	16.405881	416.221810	42.020598	1.152012	0.120657	1.208785	0.158661	35.952553	36.288245	35.622960	138.979847	0.047804	0.046130	0.049448	0.104446
20150806170247.019500	7194.000000	28777.000000	19.096172	16.408956	416.712034	42.065652	1.153948	0.120879	1.210868	0.158979	35.947507	36.284006	35.617139	138.991144	0.048024	0.046340	0.049677	0.106043
20150806170452.058600	7319.000000	29277.000000	19.095147	16.408211	416.415291	42.069817	1.153693	0.120892	1.210826	0.159163	35.938295	36.276750	35.606042	138.915555	0.048383	0.046674	0.050062	0.106491
20150806170657.031200	7444.000000	29777.000000	19.093073	16.408348	416.174673	42.309668	1.151983	0.121060	1.209331	0.159317	35.927806	36.268216	35.593669	138.822258	0.048116	0.046282	0.049917	0.106089
20150806170902.039100	7569.000000	30277.000000	19.098354	16.407705	416.587505	41.902207	1.153627	0.120263	1.211189	0.158754	35.925811	36.267638	35.590310	138.808099	0.048115	0.046277	0.049920	0.106031
20150806171107.039100	7694.000000	30777.000000	19.096315	16.409493	416.533681	42.144359	1.152395	0.120884	1.210176	0.159499	35.917818	36.261153	35.580868	138.761446	0.048269	0.046403	0.050100	0.105660
20150806171312.039100	7819.000000	31277.000000	19.097996	16.408134	416.127865	42.386293	1.151597	0.121149	1.209546	0.159680	35.910431	36.255769	35.571554	138.682577	0.048519	0.046599	0.050404	0.106312
20150806171517.058600	7944.000000	31777.000000	19.099850	16.408324	416.191555	41.964801	1.152686	0.120515	1.210775	0.159323	35.904903	36.251536	35.564781	138.611616	0.047942	0.045928	0.049919	0.105410
20150806171722.050800	8069.000000	32277.000000	19.102723	16.408640	416.626311	42.117831	1.154285	0.120910	1.212600	0.159751	35.899865	36.247279	35.558992	138.577597	0.048155	0.046180	0.050093	0.105069
20150806171927.070300	8194.000000	32777.000000	19.099152	16.408557	415.869050	42.269327	1.152020	0.120576	1.210398	0.159520	35.892422	36.241155	35.550281	138.544974	0.048402	0.046340	0.050427	0.104864
20150806172132.058600	8319.000000	33277.000000	19.106400	16.408974	416.553961	42.035287	1.154507	0.120860	1.213192	0.159874	35.886203	36.236763	35.542305	138.475636	0.048609	0.046502	0.050676	0.104145
20150806172337.078100	8444.000000	33777.000000	19.103104	16.409892	415.912899	42.211228	1.152753	0.121058	1.211690	0.160261	35.880639	36.233785	35.534255	138.424380	0.048245	0.046165	0.050285	0.104589
20150806172542.109400	8569.000000	34277.000000	19.104189	16.413528	415.744850	42.192593	1.152471	0.121659	1.211531	0.160865	35.873604	36.228130	35.525892	138.377795	0.048709	0.046540	0.050838	0.105492
20150806172747.078100	8694.000000	34777.000000	19.100791	16.410876	415.821913	42.143154	1.151591	0.120634	1.210901	0.160188	35.867102	36.220788	35.520199	138.374804	0.048421	0.046155	0.050644	0.105810
20150806172952.101600	8819.000000	35277.000000	19.108629	16.411275	416.571610	41.993192	1.154864	0.120396	1.214226	0.159747	35.863931	36.219104	35.515599	138.338728	0.048704	0.046563	0.050804	0.105359
20150806173157.101600	8944.000000	35777.000000	19.111032	16.412062	416.623570	42.049976	1.155226	0.120704	1.214763	0.160241	35.856590	36.212416	35.507631	138.290109	0.048665	0.046437	0.050851	0.106151
20150806173402.101600	9069.000000	36277.000000	19.107700	16.414422	415.961570	42.724911	1.153306	0.122281	1.213074	0.161933	35.850098	36.207115	35.499997	138.220542	0.048405	0.046169	0.050598	0.105080
20150806173607.109400	9194.000000	36777.000000	19.118530	16.410077	417.158848	41.922049	1.156671	0.120154	1.216454	0.159959	35.847802	36.205326	35.497214	138.192935	0.048813	0.046450	0.051132	0.104989
20150806173812.101600	9319.000000	37277.000000	19.112581	16.413391	416.338446	42.285332	1.154358	0.121277	1.214493	0.161226	35.838166	36.196991	35.486326	138.137132	0.048837	0.046436	0.051191	0.105425
20150806174017.121100	9444.000000	37777.000000	19.117070	16.411978	416.464072	41.794012	1.155423	0.120348	1.215580	0.160311	35.834859	36.194635	35.482106	138.089461	0.048548	0.046137	0.050913	0.106015
20150806174222.109400	9569.000000	38277.000000	19.121629	16.413820	417.904927	42.056005	1.157588	0.120668	1.218030	0.160881	35.825547	36.185363	35.472758	138.042407	0.048547	0.046069	0.050978	0.105942
20150806174427.128900	9694.000000	38777.000000	19.116104	16.411978	416.752155	42.053703	1.155813	0.120754	1.216290	0.161016	35.824535	36.186361	35.469814	137.986266	0.049177	0.046646	0.051660	0.105222
20150806174632.148400	9819.000000	39277.000000	19.113040	16.415894	415.984262	42.565084	1.153827	0.121875	1.214643	0.162249	35.814789	36.177772	35.458957	137.919001	0.049185	0.046623	0.051698	0.106692
20150806174837.128900	9944.000000	39777.000000	19.120592	16.412330	416.666870	41.970501	1.156388	0.120693	1.217439	0.161299	35.811993	36.176226	35.454963	137.884721	0.049084	0.046389	0.051727	0.106290
20150806175042.148400	10069.000000	40277.000000	19.110292	16.414631	415.758882	42.263627	1.151832	0.121346	1.212780	0.161815	35.802413	36.167721	35.444351	137.796889	0.049329	0.046735	0.051873	0.105798
20150806175247.148400	10194.000000	40777.000000	19.123084	16.415072	416.719488	42.326440	1.156633	0.121127	1.217984	0.161922	35.800089	36.167696	35.439821	137.787006	0.049130	0.046405	0.051801	0.105759
20150806175452.148400	10319.000000	41277.000000	19.121844	16.413784	416.278484	42.150608	1.155729	0.120743	1.217213	0.161629	35.791388	36.160330	35.429837	137.715927	0.049571	0.046775	0.052313	0.105941
20150806175657.171900	10444.000000	41777.000000	19.127912	16.413605	417.137472	42.188317	1.157798	0.120720	1.219507	0.161581	35.786654	36.156752	35.423993	137.648242	0.049720	0.046919	0.052467	0.106491
20150806175902.160200	10569.000000	42277.000000	19.119603	16.414857	415.979329	41.998125	1.154226	0.120961	1.216099	0.162023	35.779758	36.152498	35.414565	137.631318	0.049845	0.046940	0.052693	0.106071
20150806180107.171900	10694.000000	42777.000000	19.128818	16.415566	416.718502	42.061377	1.157311	0.120958	1.219493	0.162000	35.774858	36.149185	35.408143	137.566887	0.049085	0.046166	0.051945	0.105114
20150806180312.191400	10819.000000	43277.000000	19.130039	16.414380	416.635300	41.985848	1.157035	0.120531	1.219280	0.161698	35.766495	36.142194	35.398465	137.523450	0.049347	0.046395	0.052241	0.105056
20150806180517.179700	10944.000000	43777.000000	19.130922	16.415280	416.779451	41.980805	1.158015	0.121107	1.220308	0.162343	35.766491	36.143067	35.397616	137.477911	0.049734	0.046632	0.052775	0.105532
20150806180722.191400	11069.000000	44277.000000	19.137150	16.413528	417.565761	41.712454	1.158803	0.119919	1.221404	0.161174	35.758484	36.135904	35.388801	137.427862	0.049648	0.046532	0.052701	0.105950
20150806180927.191400	11194.000000	44777.000000	19.134200	16.414309	416.979509	42.052717	1.158594	0.120750	1.221163	0.162094	35.754828	36.133186	35.384247	137.388707	0.049581	0.046507	0.052594	0.106336
20150806181132.199200	11319.000000	45277.000000	19.132525	16.416288	416.229483	42.191168	1.157038	0.121220	1.219925	0.162581	35.747431	36.128017	35.374716	137.330591	0.049782	0.046631	0.052870	0.106672
20150806181337.199200	11444.000000	45777.000000	19.135058	16.414201	416.735603	41.972145	1.158065	0.120766	1.220798	0.162131	35.739929	36.120487	35.367243	137.269748	0.049980	0.046850	0.053046	0.106078
20150806181542.210900	11569.000000	46277.000000	19.130570	16.418427	415.856006	41.961402	1.156106	0.121320	1.219295	0.162949	35.737249	36.119117	35.363306	137.231189	0.050381	0.047243	0.053456	0.107027
20150806181747.250000	11694.000000	46777.000000	19.134629	16.418404	416.308630	42.361189	1.157464	0.121784	1.220102	0.163597	35.742496	36.118116	35.374525	137.207256	0.049640	0.046714	0.052510	0.106341
20150806181952.210900	11819.000000	47277.000000	19.135171	16.417164	416.352039	42.200156	1.157458	0.121481	1.220805	0.163319	35.728354	36.110696	35.353956	137.144656	0.050452	0.047109	0.053728	0.106616
20150806182157.238300	11944.000000	47777.000000	19.135595	16.415388	416.366290	41.459668	1.157552	0.120141	1.220538	0.162131	35.728967	36.106471	35.359197	137.079269	0.049889	0.046880	0.052837	0.105778
20150806182402.218700	12069.000000	48277.000000	19.138181	16.416842	416.514169	42.000208	1.158375	0.121096	1.221805	0.163126	35.717038	36.100930	35.341157	137.053479	0.050059	0.046837	0.053217	0.105912
20150806182607.269500	12194.000000	48777.000000	19.142670	16.418416	416.966793	42.175163	1.159140	0.121674	1.222397	0.163637	35.715097	36.095483	35.342572	137.018489	0.049974	0.046922	0.052965	0.106854
20150806182812.261700	12319.000000	49277.000000	19.141412	16.416258	416.833823	41.977626	1.159074	0.120707	1.222555	0.162737	35.713669	36.093199	35.341962	136.959460	0.050301	0.047273	0.053268	0.107203
20150806183017.269500	12444.000000	49777.000000	19.143611	16.418642	416.839194	42.178890	1.159095	0.121248	1.222908	0.163301	35.702309	36.087370	35.325314	136.925298	0.050056	0.046880	0.053167	0.106216
20150806183222.261700	12569.000000	50277.000000	19.140584	16.419858	416.340091	42.076395	1.158071	0.121763	1.221956	0.163980	35.699835	36.085651	35.322117	136.893226	0.050717	0.047397	0.053969	0.108958
20150806183427.261700	12694.000000	50777.000000	19.149441	16.422457	417.262111	42.484293	1.161446	0.122105	1.225388	0.164359	35.690048	36.074881	35.313271	136.915575	0.050553	0.047155	0.053883	0.107194
20150806183632.269500	12819.000000	51277.000000	19.148374	16.421163	417.307275	42.115639	1.160466	0.121684	1.224411	0.163920	35.687222	36.072676	35.309856	136.867293	0.050961	0.047693	0.054162	0.106832
20150806183837.281200	12944.000000	51777.000000	19.150812	16.420341	417.090664	42.196977	1.160815	0.121596	1.224939	0.163822	35.682950	36.068691	35.305306	136.822781	0.050661	0.047316	0.053938	0.107217
20150806184042.269500	13069.000000	52277.000000	19.150967	16.418684	417.451316	41.800260	1.160709	0.120558	1.224947	0.162988	35.675426	36.062413	35.296593	136.771641	0.050994	0.047628	0.054291	0.106775
20150806184247.281200	13194.000000	52777.000000	19.143147	16.421241	415.547862	42.064556	1.157737	0.121760	1.221990	0.164183	35.667240	36.054797	35.287860	136.720037	0.051053	0.047730	0.054308	0.107737
20150806184452.281200	13319.000000	53277.000000	19.150776	16.421211	416.798086	42.026188	1.160925	0.121912	1.225400	0.164682	35.663439	36.050917	35.284140	136.711037	0.050976	0.047746	0.054140	0.108220
20150806184657.289100	13444.000000	53777.000000	19.154203	16.424257	417.093514	42.357024	1.161430	0.121981	1.225696	0.164535	35.652285	36.040109	35.272652	136.634193	0.051210	0.047771	0.054579	0.107725
20150806184902.300800	13569.000000	54277.000000	19.155562	16.421437	417.277458	41.917554	1.161724	0.121857	1.226383	0.164601	35.651770	36.041033	35.270761	136.593761	0.051182	0.047703	0.054589	0.107817
20150806185107.300800	13694.000000	54777.000000	19.149047	16.423333	415.875299	42.096455	1.158852	0.122166	1.223623	0.164898	35.644413	36.034321	35.262787	136.534686	0.051648	0.048284	0.054941	0.108762
20150806185312.308600	13819.000000	55277.000000	19.151765	16.421944	416.183333	41.812428	1.159937	0.121195	1.224784	0.163908	35.638413	36.029483	35.255674	136.516319	0.051396	0.047954	0.054766	0.107122
20150806185517.308600	13944.000000	55777.000000	19.158173	16.423083	417.058436	41.966883	1.161930	0.121646	1.226910	0.164487	35.636257	36.028082	35.252797	136.483683	0.051210	0.047706	0.054640	0.106588
20150806185722.320300	14069.000000	56277.000000	19.157696	16.426862	416.597809	42.360861	1.161223	0.123012	1.226210	0.165872	35.629521	36.021614	35.245804	136.427964	0.051455	0.047859	0.054976	0.107075
20150806185927.328100	14194.000000	56777.000000	19.153869	16.424960	416.104845	42.284455	1.160231	0.122352	1.225268	0.165342	35.623206	36.016245	35.238584	136.394960	0.052260	0.048689	0.055757	0.107001
20150806190132.320300	14319.000000	57277.000000	19.159955	16.422743	416.820668	41.860442	1.162395	0.121539	1.227562	0.164672	35.615831	36.009783	35.230339	136.351370	0.051710	0.048196	0.055151	0.107340
20150806190337.339800	14444.000000	57777.000000	19.157076	16.426158	416.142993	42.170230	1.160854	0.122483	1.226135	0.165452	35.612242	36.006733	35.226232	136.309610	0.051839	0.048281	0.055322	0.107124
20150806190542.328100	14569.000000	58277.000000	19.157934	16.425449	415.992593	42.193579	1.161079	0.123020	1.226462	0.166080	35.606464	36.001059	35.220360	136.266279	0.052179	0.048569	0.055713	0.108260
20150806190747.351600	14694.000000	58777.000000	19.164360	16.423267	417.090116	42.174944	1.162860	0.122111	1.228250	0.165328	35.604265	35.998605	35.218407	136.248246	0.051958	0.048443	0.055399	0.106564
20150806190952.371100	14819.000000	59277.000000	19.160390	16.426260	416.212931	42.306708	1.161485	0.123278	1.226905	0.166558	35.597740	35.992437	35.211539	136.186357	0.052156	0.048536	0.055701	0.107574
20150806191157.351600	14944.000000	59777.000000	19.164533	16.425282	416.492464	42.295965	1.162843	0.122980	1.228310	0.166142	35.590862	35.985078	35.205124	136.141077	0.052431	0.048975	0.055814	0.107778
20150806191402.371100	15069.000000	60277.000000	19.161713	16.426462	416.451137	42.072448	1.162363	0.122848	1.228097	0.166272	35.584198	35.979546	35.197377	136.098124	0.052058	0.048513	0.055529	0.107974
20150806191607.378900	15194.000000	60777.000000	19.166684	16.421730	416.780109	41.880722	1.163315	0.122012	1.228983	0.165396	35.579119	35.974381	35.192386	136.049764	0.052747	0.049202	0.056218	0.107372
20150806191812.371100	15319.000000	61277.000000	19.169331	16.424698	417.093295	41.772855	1.164160	0.122456	1.229923	0.165799	35.577601	35.973908	35.189867	136.032776	0.052388	0.048865	0.055836	0.106306
20150806192017.390600	15444.000000	61777.000000	19.166667	16.427148	416.698331	41.831063	1.163390	0.122447	1.229259	0.165851	35.571019	35.967977	35.182664	136.100718	0.052592	0.049110	0.056001	0.109579
20150806192222.378900	15569.000000	62277.000000	19.168151	16.427207	416.872409	42.029148	1.163917	0.122895	1.229820	0.166478	35.563809	35.960691	35.175525	136.054461	0.052787	0.049257	0.056244	0.109186
20150806192427.390600	15694.000000	62777.000000	19.171584	16.425836	417.399575	41.932682	1.165228	0.122605	1.231251	0.166142	35.563377	35.961158	35.174234	136.042233	0.052903	0.049374	0.056357	0.109359
20150806192632.390600	15819.000000	63277.000000	19.171298	16.427738	416.895430	42.090316	1.164877	0.122925	1.230811	0.166416	35.552645	35.950529	35.163407	135.988688	0.052626	0.049139	0.056038	0.108335
20150806192837.398400	15944.000000	63777.000000	19.167543	16.427601	416.157682	41.956141	1.163168	0.122863	1.229157	0.166187	35.548277	35.946899	35.158337	135.948649	0.053360	0.049907	0.056740	0.109402
20150806193042.421900	16069.000000	64277.000000	19.171709	16.429186	416.799183	42.193579	1.165279	0.123229	1.231415	0.166437	35.536469	35.941454	35.140438	135.919979	0.053512	0.049781	0.057162	0.109349
20150806193247.410200	16194.000000	64777.000000	19.172234	16.427237	416.387228	41.869759	1.164865	0.122979	1.230980	0.166576	35.538839	35.937948	35.148431	135.868373	0.053021	0.049505	0.056463	0.109104
20150806193452.421900	16319.000000	65277.000000	19.172478	16.427702	417.005379	42.033862	1.165073	0.123252	1.231225	0.166940	35.534609	35.934118	35.143820	135.837719	0.053241	0.049719	0.056689	0.108815
20150806193657.421900	16444.000000	65777.000000	19.175434	16.429228	416.753471	42.144579	1.165419	0.123441	1.231682	0.167099	35.529608	35.929527	35.138432	135.800639	0.053145	0.049718	0.056499	0.108587
20150806193902.429700	16569.000000	66277.000000	19.181377	16.427642	417.683712	41.851343	1.167332	0.122776	1.233801	0.166495	35.521213	35.921793	35.129404	135.761293	0.053593	0.050030	0.057081	0.109305
20150806194107.449200	16694.000000	66777.000000	19.177670	16.427791	416.922506	41.805741	1.166356	0.123305	1.232890	0.166991	35.519257	35.920841	35.126488	135.721646	0.053525	0.050019	0.056957	0.108787
20150806194312.441400	16819.000000	67277.000000	19.176710	16.430128	416.757527	42.222958	1.166265	0.124243	1.232823	0.168145	35.515836	35.917326	35.123155	135.699830	0.053418	0.049855	0.056905	0.109109
20150806194517.449200	16944.000000	67777.000000	19.181085	16.428852	417.110286	42.421590	1.166966	0.124245	1.233569	0.167999	35.510025	35.911711	35.117159	135.653168	0.054175	0.050786	0.057490	0.109407
20150806194722.441400	17069.000000	68277.000000	19.180268	16.428501	416.653935	41.937944	1.166455	0.123155	1.233063	0.167006	35.504643	35.906401	35.111710	135.610644	0.053722	0.050290	0.057082	0.108370
20150806194927.460900	17194.000000	68777.000000	19.180006	16.430861	416.664568	42.116845	1.166678	0.124210	1.233458	0.168126	35.497564	35.900126	35.103865	135.589640	0.054010	0.050612	0.057336	0.109068
20150806195132.468700	17319.000000	69277.000000	19.182658	16.428614	416.857391	41.830186	1.167011	0.123460	1.233645	0.167235	35.492913	35.895592	35.099102	135.549666	0.054095	0.050690	0.057428	0.108347
20150806195337.460900	17444.000000	69777.000000	19.180578	16.430944	416.377033	42.202568	1.166252	0.124264	1.233061	0.168156	35.488288	35.891276	35.094183	135.478031	0.054272	0.050864	0.057607	0.108791
20150806195542.480500	17569.000000	70277.000000	19.184214	16.430867	417.150079	42.179548	1.167856	0.124321	1.234753	0.168162	35.482165	35.886208	35.087054	135.484271	0.054053	0.050601	0.057429	0.108856
20150806195747.488300	17694.000000	70777.000000	19.185454	16.433084	416.754567	42.239949	1.168174	0.125055	1.235023	0.168910	35.476399	35.879160	35.082527	135.415313	0.054092	0.050689	0.057421	0.107618
20150806195952.480500	17819.000000	71277.000000	19.185353	16.432053	416.750511	42.140961	1.168497	0.124610	1.235326	0.168565	35.466948	35.871924	35.070961	135.389376	0.054573	0.051342	0.057735	0.108736
20150806200157.500000	17944.000000	71777.000000	19.181192	16.432029	415.997087	42.261325	1.166567	0.124630	1.233495	0.168588	35.467012	35.870788	35.072160	135.385249	0.054923	0.051407	0.058363	0.109274
20150806200402.488300	18069.000000	72277.000000	19.188500	16.432858	416.874054	42.105883	1.168858	0.124840	1.235906	0.168819	35.459206	35.864507	35.062896	135.326891	0.054628	0.051067	0.058112	0.108664
20150806200607.500000	18194.000000	72777.000000	19.189519	16.432369	417.095268	42.220984	1.169679	0.125048	1.236637	0.169016	35.453828	35.858854	35.057783	135.296475	0.054883	0.051531	0.058163	0.108283
20150806200812.500000	18319.000000	73277.000000	19.186217	16.432601	416.868572	41.927749	1.168351	0.124709	1.235418	0.168484	35.447229	35.852852	35.050617	135.305888	0.054912	0.051587	0.058165	0.108907
20150806201017.511700	18444.000000	73777.000000	19.183368	16.434145	415.974615	42.255186	1.167193	0.125445	1.234406	0.169336	35.445071	35.851648	35.047548	135.249744	0.055368	0.051929	0.058731	0.109002
20150806201222.500000	18569.000000	74277.000000	19.187343	16.432691	416.284842	42.070914	1.168867	0.125112	1.235919	0.169066	35.438346	35.845187	35.040571	135.208720	0.055582	0.052171	0.058919	0.108879
20150806201427.519500	18694.000000	74777.000000	19.192350	16.432578	416.927220	41.707082	1.169976	0.124571	1.237029	0.168456	35.428882	35.835867	35.030971	135.173680	0.055466	0.052229	0.058632	0.108830
20150806201632.558600	18819.000000	75277.000000	19.194436	16.430325	417.184938	42.080451	1.170430	0.124765	1.237670	0.168673	35.423917	35.831974	35.024986	135.128989	0.056173	0.052856	0.059417	0.108346
20150806201837.550800	18944.000000	75777.000000	19.195330	16.431928	417.232185	41.746655	1.171104	0.124068	1.238209	0.167932	35.414107	35.822233	35.015109	135.095099	0.056216	0.052903	0.059457	0.108793
20150806202042.539100	19069.000000	76277.000000	19.198919	16.434497	417.052078	42.105883	1.171959	0.125727	1.239192	0.169492	35.407332	35.815965	35.007852	135.050391	0.056583	0.053217	0.059874	0.108655
20150806202247.531200	19194.000000	76777.000000	19.195539	16.433734	416.752703	41.915800	1.170696	0.124937	1.237931	0.168779	35.402809	35.812983	35.001858	135.026626	0.056606	0.053213	0.059925	0.108862
20150806202452.550800	19319.000000	77277.000000	19.197369	16.433013	416.966464	41.907469	1.171284	0.125160	1.238445	0.168887	35.395853	35.806875	34.994094	135.003533	0.057121	0.053902	0.060269	0.110246
20150806202657.558600	19444.000000	77777.000000	19.200677	16.435886	416.878877	42.094372	1.172231	0.126114	1.239566	0.169881	35.386544	35.798508	34.983888	134.934552	0.057001	0.053801	0.060131	0.109063
20150806202902.558600	19569.000000	78277.000000	19.199682	16.436434	417.112040	42.063021	1.172656	0.125808	1.239878	0.169462	35.380541	35.791410	34.978932	135.029813	0.057397	0.054181	0.060542	0.110656
20150806203107.550800	19694.000000	78777.000000	19.196975	16.440058	416.468128	42.316903	1.171544	0.127094	1.238714	0.170735	35.366291	35.777300	34.964553	134.968624	0.057846	0.054635	0.060986	0.111627
20150806203312.558600	19819.000000	79277.000000	19.199443	16.437161	416.606798	42.355599	1.172270	0.126907	1.239419	0.170378	35.363247	35.775426	34.960390	134.981939	0.057865	0.054740	0.060921	0.110927
20150806203517.578100	19944.000000	79777.000000	19.198704	16.439718	416.203065	42.587447	1.172426	0.127334	1.239536	0.170694	35.352692	35.765736	34.949013	134.918330	0.057652	0.054579	0.060657	0.110317
20150806203722.578100	20069.000000	80277.000000	19.200570	16.438562	416.419566	42.274918	1.172871	0.126872	1.240137	0.170358	35.342739	35.756497	34.938382	134.895449	0.058794	0.055804	0.061717	0.110487
20150806203927.578100	20194.000000	80777.000000	19.199980	16.437209	416.333075	41.968966	1.172522	0.126403	1.239778	0.169722	35.335254	35.750075	34.929884	134.863099	0.058158	0.055151	0.061098	0.110050
20150806204132.589800	20319.000000	81277.000000	19.203514	16.439289	416.502658	42.225040	1.174194	0.127725	1.241384	0.171022	35.323159	35.739335	34.916504	134.809429	0.059308	0.056523	0.062030	0.109874
20150806204337.589800	20444.000000	81777.000000	19.198597	16.438109	415.832766	41.693928	1.172156	0.127158	1.239189	0.170315	35.310843	35.727829	34.903414	134.765343	0.059235	0.056431	0.061977	0.110677
20150806204542.601600	20569.000000	82277.000000	19.206864	16.437203	417.198202	42.052607	1.176028	0.127231	1.243087	0.170219	35.297783	35.715061	34.890079	134.730322	0.059958	0.057283	0.062574	0.109986
20150806204747.640600	20694.000000	82777.000000	19.203061	16.440249	415.972971	42.081108	1.174298	0.127761	1.241422	0.170640	35.285094	35.704032	34.875810	134.690787	0.060110	0.057508	0.062654	0.109602
20150806204952.609400	20819.000000	83277.000000	19.205463	16.438443	416.469553	42.027394	1.176078	0.127815	1.243010	0.170475	35.273302	35.692939	34.863358	134.664466	0.060672	0.058326	0.062965	0.110392
20150806205157.628900	20944.000000	83777.000000	19.209785	16.439659	417.064026	42.075079	1.177879	0.128152	1.244957	0.170885	35.262845	35.682598	34.852791	134.617922	0.060650	0.058282	0.062963	0.110301
20150806205402.640600	21069.000000	84277.000000	19.210655	16.438294	417.029825	42.173847	1.177177	0.128266	1.243916	0.170799	35.246609	35.665626	34.837263	134.553213	0.061059	0.058863	0.063205	0.109895
20150806205607.648400	21194.000000	84777.000000	19.212234	16.439641	417.047802	41.806728	1.178751	0.128425	1.245518	0.170951	35.230869	35.651179	34.820294	134.533070	0.061305	0.059038	0.063520	0.109905
20150806205812.640600	21319.000000	85277.000000	19.208998	16.442007	416.722119	42.193141	1.178183	0.129185	1.244831	0.171610	35.217478	35.637319	34.807354	134.494184	0.061463	0.059229	0.063647	0.110369
20150806210017.640600	21444.000000	85777.000000	19.215274	16.442245	417.234925	42.064775	1.180834	0.129353	1.247454	0.171524	35.188999	35.609808	34.777963	134.432689	0.062251	0.060277	0.064179	0.109819
20150806210222.648400	21569.000000	86277.000000	19.212222	16.440654	416.670488	42.097880	1.180228	0.129974	1.246690	0.171734	35.177368	35.599010	34.765540	134.393647	0.062475	0.060575	0.064333	0.109677
20150806210427.648400	21694.000000	86777.000000	19.216109	16.441626	417.318018	41.884668	1.181786	0.129761	1.248239	0.171471	35.163506	35.584260	34.752532	134.333819	0.062769	0.060864	0.064629	0.110375
20150806210632.648400	21819.000000	87277.000000	19.211513	16.441059	416.139375	42.176369	1.180093	0.130473	1.246110	0.171680	35.146525	35.567479	34.735365	134.291159	0.063589	0.061735	0.065399	0.110859
20150806210837.671900	21944.000000	87777.000000	19.218362	16.442079	417.100201	42.293005	1.182648	0.130325	1.248755	0.171754	35.128807	35.550131	34.717301	134.208062	0.063834	0.062098	0.065530	0.111609
20150806211042.660200	22069.000000	88277.000000	19.214613	16.444654	415.991058	42.047564	1.181417	0.131149	1.247622	0.172569	35.118828	35.541357	34.706174	134.206153	0.064091	0.062291	0.065850	0.110657
20150806211247.679700	22194.000000	88777.000000	19.220341	16.442406	416.732314	42.339923	1.183898	0.131306	1.250054	0.172596	35.104630	35.527267	34.691877	134.158353	0.064629	0.062884	0.066335	0.110936
20150806211452.691400	22319.000000	89277.000000	19.222462	16.441483	416.728477	41.965568	1.183772	0.130619	1.249954	0.171775	35.091871	35.514596	34.679039	134.056687	0.064650	0.062915	0.066344	0.110597
20150806211657.691400	22444.000000	89777.000000	19.225198	16.442448	417.485518	42.055567	1.185415	0.130759	1.251133	0.171443	35.072541	35.495360	34.659624	134.031038	0.065110	0.063382	0.066797	0.110906
20150806211902.691400	22569.000000	90277.000000	19.228018	16.446543	416.824615	42.203007	1.186271	0.132159	1.252103	0.173006	35.060645	35.483387	34.647806	134.012522	0.065332	0.063634	0.066989	0.110097
20150806212107.691400	22694.000000	90777.000000	19.222755	16.442746	416.651414	41.975653	1.184930	0.131136	1.250628	0.171874	35.047830	35.470981	34.634606	133.940729	0.065818	0.064062	0.067534	0.111391
20150806212312.699200	22819.000000	91277.000000	19.226283	16.442865	416.763885	41.911963	1.186188	0.131291	1.252210	0.172323	35.034089	35.457802	34.620331	133.880561	0.066287	0.064553	0.067981	0.111614
20150806212517.691400	22944.000000	91777.000000	19.226152	16.441632	416.403671	41.605793	1.186683	0.131302	1.252164	0.171975	35.022589	35.446403	34.608741	133.849791	0.066394	0.064770	0.067981	0.110896
20150806212722.710900	23069.000000	92277.000000	19.229186	16.445011	416.832398	42.169024	1.187899	0.132029	1.253672	0.172781	35.007724	35.430562	34.594811	133.818152	0.066357	0.064769	0.067908	0.111353
20150806212927.738300	23194.000000	92777.000000	19.222760	16.444141	415.669869	41.586061	1.185834	0.132248	1.251627	0.173014	34.997368	35.419715	34.584926	133.758828	0.067001	0.065309	0.068653	0.111654
20150806213132.718700	23319.000000	93277.000000	19.229710	16.445923	416.695810	42.343979	1.187850	0.132614	1.253513	0.173361	34.981728	35.403475	34.569866	133.723100	0.066964	0.065275	0.068614	0.110268
20150806213337.738300	23444.000000	93777.000000	19.232953	16.446281	416.915490	41.994618	1.189735	0.132521	1.255460	0.173195	34.970581	35.392978	34.558100	133.676192	0.067624	0.066036	0.069175	0.110755
20150806213542.730500	23569.000000	94277.000000	19.229687	16.446191	416.171056	42.103800	1.188567	0.133243	1.254473	0.174025	34.960739	35.383628	34.547790	133.624712	0.067743	0.066301	0.069151	0.110670
20150806213747.738300	23694.000000	94777.000000	19.233722	16.446835	416.752155	42.254419	1.190465	0.133565	1.256015	0.174052	34.944278	35.366118	34.532337	133.586329	0.068170	0.066727	0.069578	0.111050
20150806213952.750000	23819.000000	95277.000000	19.243396	16.448111	417.202148	42.150498	1.193931	0.134068	1.259158	0.174102	34.927253	35.348706	34.515687	133.522627	0.068459	0.067069	0.069817	0.111119
20150806214157.750000	23944.000000	95777.000000	19.238562	16.449225	417.048789	42.254419	1.193100	0.134447	1.258507	0.174719	34.913844	35.335826	34.501776	133.501973	0.068900	0.067370	0.070395	0.111318
20150806214402.761700	24069.000000	96277.000000	19.240314	16.445089	416.555715	41.871075	1.193347	0.133944	1.258586	0.174135	34.901526	35.323103	34.489849	133.447781	0.068924	0.067394	0.070417	0.110096
20150806214607.750000	24194.000000	96777.000000	19.240350	16.448218	417.079702	42.186563	1.193335	0.134244	1.258262	0.174228	34.887089	35.306892	34.477108	133.383515	0.069492	0.067994	0.070955	0.111348
20150806214812.769500	24319.000000	97277.000000	19.237978	16.448349	416.296681	42.030683	1.192552	0.134481	1.257713	0.174325	34.873265	35.293629	34.462752	133.350032	0.069748	0.068320	0.071142	0.111722
20150806215017.781200	24444.000000	97777.000000	19.237387	16.447348	416.003336	41.966116	1.192959	0.134324	1.257986	0.174486	34.858988	35.279031	34.448786	133.277348	0.070330	0.068930	0.071699	0.111591
20150806215222.769500	24569.000000	98277.000000	19.239158	16.448122	415.930767	42.164310	1.193712	0.135071	1.258862	0.174973	34.842815	35.262214	34.433232	133.225648	0.070472	0.069005	0.071905	0.111255
20150806215427.808600	24694.000000	98777.000000	19.238538	16.445685	415.761951	41.810784	1.192837	0.134169	1.258216	0.174427	34.833232	35.254049	34.422301	133.184977	0.070388	0.068929	0.071813	0.111699
20150806215632.781200	24819.000000	99277.000000	19.248414	16.448164	417.094282	42.025092	1.197470	0.134852	1.262693	0.174931	34.814504	35.234546	34.404315	133.123067	0.070535	0.068981	0.072053	0.111156
20150806215837.808600	24944.000000	99777.000000	19.245094	16.450411	416.158559	42.316245	1.195570	0.135932	1.260663	0.175932	34.799902	35.219316	34.390319	133.053149	0.071455	0.069999	0.072877	0.112753
20150806220042.800800	25069.000000	100277.000000	19.253940	16.448570	416.571939	41.734707	1.198982	0.134592	1.264191	0.174615	34.786208	35.205104	34.377121	132.998683	0.071253	0.069624	0.072844	0.111539
20150806220247.800800	25194.000000	100777.000000	19.254881	16.451991	417.052955	42.341677	1.198990	0.136624	1.264350	0.176808	34.773619	35.191838	34.365184	132.895367	0.072015	0.070437	0.073556	0.111337
20150806220452.820300	25319.000000	101277.000000	19.249046	16.450817	416.300189	42.311202	1.197279	0.136525	1.262540	0.176735	34.761581	35.179079	34.353838	132.836708	0.072256	0.070576	0.073897	0.111937
20150806220657.800800	25444.000000	101777.000000	19.254691	16.452611	416.579941	42.293553	1.199140	0.136740	1.264508	0.177021	34.748592	35.164931	34.341962	132.757284	0.072262	0.070751	0.073737	0.112673
20150806220902.820300	25569.000000	102277.000000	19.259405	16.448534	416.778683	41.872719	1.199883	0.135694	1.265083	0.175768	34.735198	35.151516	34.328591	132.661799	0.072370	0.070818	0.073885	0.112322
20150806221107.839800	25694.000000	102777.000000	19.262147	16.450232	416.734068	41.468986	1.201154	0.135700	1.266732	0.176194	34.724009	35.139586	34.318112	132.581825	0.072241	0.070618	0.073826	0.111275
20150806221312.820300	25819.000000	103277.000000	19.266194	16.450179	416.854651	41.900453	1.202050	0.136705	1.267192	0.176932	34.708151	35.121858	34.304046	132.475336	0.072946	0.071215	0.074637	0.111231
20150806221517.839800	25944.000000	103777.000000	19.259292	16.452140	416.109120	42.119366	1.199690	0.137165	1.265010	0.177750	34.698695	35.111764	34.295201	132.383120	0.073750	0.071987	0.075472	0.113970
20150806221722.839800	26069.000000	104277.000000	19.273865	16.451574	417.038923	41.819115	1.204428	0.136318	1.269939	0.176843	34.685209	35.096711	34.283216	132.323007	0.073827	0.072082	0.075533	0.112198
20150806221927.839800	26194.000000	104777.000000	19.265044	16.451323	416.130057	41.850357	1.200917	0.136892	1.266006	0.177395	34.667890	35.079527	34.265773	132.211382	0.074012	0.072209	0.075775	0.112198
20150806222132.859400	26319.000000	105277.000000	19.269955	16.454220	416.396984	42.359216	1.201850	0.137522	1.267377	0.178277	34.652730	35.063072	34.251852	132.093963	0.074597	0.072688	0.076463	0.112081
20150806222337.851600	26444.000000	105777.000000	19.275552	16.453892	416.258423	42.174944	1.204337	0.137602	1.269876	0.178650	34.637584	35.047375	34.237234	131.960194	0.074495	0.072431	0.076513	0.111255
20150806222542.859400	26569.000000	106277.000000	19.278771	16.450793	416.334281	41.775924	1.204846	0.136799	1.270144	0.177663	34.624205	35.033023	34.224793	131.800229	0.075100	0.073164	0.076993	0.110985
20150806222747.859400	26694.000000	106777.000000	19.280279	16.451854	416.391832	41.762002	1.203617	0.137139	1.269593	0.178761	34.618784	35.027456	34.219511	131.599722	0.075044	0.073010	0.077033	0.111672
20150806222952.871100	26819.000000	107277.000000	19.295520	16.450846	416.636944	41.371862	1.206337	0.136140	1.272148	0.177714	34.601696	35.011465	34.201376	131.095645	0.075485	0.073200	0.077719	0.111791
20150806223157.910200	26944.000000	107777.000000	19.310677	16.455609	417.775027	41.923145	1.208887	0.137985	1.275024	0.179753	34.581127	34.990977	34.180734	130.745434	0.075878	0.073618	0.078088	0.112116
20150806223402.878900	27069.000000	108277.000000	19.312299	16.457039	416.614472	42.109500	1.207299	0.138004	1.273524	0.180060	34.562372	34.972268	34.161938	130.453633	0.076535	0.074277	0.078743	0.111583
20150806223607.890600	27194.000000	108777.000000	19.316930	16.454548	416.271578	42.055347	1.207434	0.137549	1.273691	0.179616	34.540651	34.953205	34.137686	130.186967	0.077074	0.074727	0.079368	0.111466
20150806223812.890600	27319.000000	109277.000000	19.323159	16.456038	416.428664	42.001743	1.208754	0.137725	1.275497	0.180237	34.520861	34.935224	34.116170	129.932220	0.076974	0.074382	0.079508	0.110405
20150806224017.898400	27444.000000	109777.000000	19.326073	16.458810	415.979000	42.122326	1.207426	0.138146	1.274144	0.180554	34.491433	34.907759	34.084878	129.593901	0.077693	0.075304	0.080028	0.111100
20150806224222.921900	27569.000000	110277.000000	19.336272	16.463745	416.117999	42.280728	1.209442	0.139383	1.276083	0.181978	34.473868	34.885729	34.071571	129.445382	0.078180	0.075532	0.080770	0.112807
20150806224427.910200	27694.000000	110777.000000	19.341702	16.463250	416.227949	42.326878	1.210120	0.139074	1.277130	0.182121	34.461986	34.873243	34.060266	129.254593	0.078178	0.075409	0.080888	0.112145
20150806224632.949200	27819.000000	111277.000000	19.354260	16.463280	417.063807	42.076833	1.212122	0.138508	1.279256	0.181904	34.447868	34.858324	34.046911	128.994756	0.078035	0.075160	0.080849	0.110468
20150806224837.941400	27944.000000	111777.000000	19.355870	16.463304	416.614581	41.787544	1.212047	0.137208	1.279100	0.180515	34.432023	34.841624	34.031882	128.878665	0.078473	0.075530	0.081353	0.110924
20150806225042.929700	28069.000000	112277.000000	19.361145	16.466487	417.501961	42.232823	1.213254	0.139318	1.280975	0.183138	34.416356	34.826788	34.015426	128.789597	0.078881	0.075836	0.081861	0.112374
20150806225247.929700	28194.000000	112777.000000	19.353253	16.465450	415.718541	42.009087	1.210601	0.138803	1.278402	0.182768	34.401044	34.811495	34.000099	128.708972	0.079251	0.076234	0.082203	0.112852
20150806225452.941400	28319.000000	113277.000000	19.361311	16.464705	416.546726	42.010513	1.213942	0.138555	1.281653	0.182539	34.386569	34.794842	33.987703	128.623668	0.079440	0.076315	0.082497	0.112064
20150806225657.949200	28444.000000	113777.000000	19.368214	16.466594	416.835138	42.265162	1.215534	0.139141	1.283227	0.183074	34.370051	34.777209	33.972258	128.546517	0.079823	0.076721	0.082859	0.112891
20150806225902.949200	28569.000000	114277.000000	19.363892	16.469813	416.113614	42.219011	1.214233	0.140211	1.281755	0.184282	34.354520	34.759846	33.958478	128.488088	0.080102	0.076908	0.083227	0.112964
20150806230107.960900	28694.000000	114777.000000	19.369048	16.466415	416.617102	41.852549	1.215624	0.138975	1.283206	0.182882	34.338372	34.742872	33.943119	128.390487	0.080441	0.077189	0.083622	0.111970
20150806230312.968700	28819.000000	115277.000000	19.372255	16.469759	416.668515	41.941232	1.217561	0.139944	1.285212	0.184268	34.320884	34.723968	33.926990	128.332742	0.080692	0.077501	0.083816	0.112674
20150806230517.960900	28944.000000	115777.000000	19.374579	16.467726	416.732862	42.090865	1.217653	0.139625	1.285342	0.183873	34.304345	34.706560	33.911284	128.230888	0.081462	0.078144	0.084709	0.112485
20150806230722.968700	29069.000000	116277.000000	19.375748	16.470564	416.863968	42.051620	1.218827	0.140427	1.286486	0.184529	34.289414	34.690505	33.897431	128.182354	0.081757	0.078344	0.085098	0.113258
20150806230927.968700	29194.000000	116777.000000	19.380284	16.469300	417.238981	41.844547	1.219877	0.140314	1.287938	0.184769	34.270201	34.669867	33.879580	128.097329	0.081933	0.078438	0.085354	0.112753
20150806231132.980500	29319.000000	117277.000000	19.378764	16.471732	416.712253	42.029477	1.219765	0.140970	1.287676	0.185518	34.253116	34.652560	33.862713	128.029154	0.082407	0.078834	0.085905	0.113708
20150806231338.019500	29444.000000	117777.000000	19.374186	16.470313	415.601795	41.918979	1.217770	0.140495	1.285577	0.185158	34.229742	34.627545	33.840911	127.932421	0.083381	0.079826	0.086861	0.114231
20150806231542.988300	29569.000000	118277.000000	19.386107	16.471917	416.764433	41.706753	1.221938	0.140949	1.289881	0.185575	34.210565	34.607874	33.822213	127.831756	0.083065	0.079455	0.086600	0.113755
20150806231748.000000	29694.000000	118777.000000	19.390339	16.472596	417.373705	42.135480	1.223496	0.141020	1.291804	0.185977	34.195226	34.592155	33.807240	127.770608	0.083082	0.079500	0.086588	0.114551
20150806231953.019500	29819.000000	119277.000000	19.393158	16.472155	417.303219	42.085274	1.223910	0.141942	1.291983	0.186623	34.170433	34.567598	33.782231	127.650554	0.084122	0.080495	0.087673	0.114734
20150806232158.011700	29944.000000	119777.000000	19.392515	16.473347	417.015245	42.144031	1.223723	0.141358	1.291953	0.186283	34.152667	34.548654	33.765592	127.555977	0.084742	0.081099	0.088309	0.115093
20150806232403.000000	30069.000000	120277.000000	19.395185	16.472596	416.687260	41.619495	1.224855	0.141322	1.293182	0.186239	34.137588	34.534190	33.749927	127.477217	0.084604	0.080864	0.088264	0.114577
20150806232608.011700	30194.000000	120777.000000	19.392753	16.475988	415.918928	42.262750	1.223200	0.142416	1.291359	0.187393	34.113696	34.510245	33.726093	127.335938	0.085936	0.082032	0.089757	0.114824
20150806232813.050800	30319.000000	121277.000000	19.404722	16.474813	417.095926	41.843341	1.226954	0.142384	1.295729	0.187536	34.096402	34.494088	33.707719	127.221075	0.085160	0.081311	0.088926	0.114923
20150806233018.031200	30444.000000	121777.000000	19.407642	16.473329	416.982030	41.860771	1.226905	0.141758	1.295578	0.187076	34.078473	34.473829	33.692021	127.012516	0.086204	0.082282	0.090045	0.115512
20150806233223.058600	30569.000000	122277.000000	19.413942	16.478288	417.158848	41.797958	1.228372	0.143395	1.297678	0.188757	34.060603	34.457612	33.672578	126.828409	0.086196	0.082253	0.090055	0.115183
20150806233428.050800	30694.000000	122777.000000	19.415456	16.479159	416.280567	42.169353	1.227537	0.143446	1.296627	0.189039	34.035343	34.426401	33.653008	126.480426	0.087124	0.082756	0.091399	0.117349
20150806233632.941400	30819.000000	123277.000000	19.438809	16.478372	417.107436	41.607218	1.231898	0.143310	1.300944	0.188500	34.014346	34.407921	33.629617	125.983148	0.087279	0.083074	0.091394	0.117235
20150806233837.839800	30944.000000	123777.000000	19.443399	16.482270	415.928903	42.006566	1.229830	0.144007	1.299388	0.189583	33.987261	34.382081	33.601352	125.509118	0.088078	0.083793	0.092271	0.118242
20150806234042.679700	31069.000000	124277.000000	19.458831	16.484583	416.930727	42.268121	1.231992	0.145282	1.301880	0.191088	33.962210	34.358102	33.575283	124.986469	0.088820	0.084537	0.093011	0.119078
20150806234247.628900	31194.000000	124777.000000	19.468594	16.483611	416.625872	42.333017	1.232547	0.145518	1.302796	0.191464	33.943080	34.339788	33.555377	124.571295	0.089195	0.084731	0.093562	0.119059
20150806234452.550800	31319.000000	125277.000000	19.485456	16.487086	416.689343	42.087576	1.235502	0.145371	1.306058	0.191546	33.920743	34.318276	33.532257	124.243651	0.089963	0.085288	0.094535	0.121038
20150806234656.050800	31442.500000	125771.000000	19.497276	16.489208	416.414962	42.091851	1.234744	0.145593	1.305376	0.191439	33.890985	34.290749	33.500373	123.612192	0.090656	0.085757	0.095447	0.122248
20150806234901.011700	31567.500000	126271.000000	19.513929	16.492099	416.290871	41.777459	1.236956	0.146305	1.308273	0.192518	33.868878	34.270435	33.476553	123.105280	0.090524	0.085447	0.095486	0.121528
20150806235106.011700	31692.500000	126771.000000	19.526565	16.491884	416.349518	41.637473	1.236964	0.145596	1.308527	0.191752	33.848544	34.253033	33.453427	122.618853	0.091417	0.086128	0.096585	0.121623
20150806235311.011700	31817.500000	127271.000000	19.543398	16.496039	416.640671	41.918102	1.238472	0.146687	1.310341	0.192874	33.825527	34.233214	33.427359	122.187343	0.091870	0.086329	0.097283	0.122161
20150806235515.988300	31942.500000	127771.000000	19.547981	16.496712	416.533791	41.883243	1.239002	0.146834	1.311294	0.193359	33.803768	34.214040	33.403138	121.915907	0.092015	0.086346	0.097553	0.122108
20150806235720.988300	32067.500000	128271.000000	19.551111	16.497433	415.988537	41.743367	1.238650	0.146882	1.311413	0.193548	33.771051	34.183377	33.368469	121.663736	0.092625	0.086904	0.098213	0.122514
20150806235925.968700	32192.500000	128771.000000	19.562757	16.500372	416.477665	42.146990	1.241581	0.148103	1.314488	0.194681	33.745703	34.159236	33.341973	121.398841	0.093333	0.087489	0.099039	0.123870
20150807000130.980500	32317.500000	129271.000000	19.569737	16.502589	416.137841	42.009087	1.241657	0.148151	1.314906	0.194835	33.715311	34.130751	33.309771	121.132945	0.093869	0.087934	0.099664	0.124182
20150807000335.988300	32442.500000	129771.000000	19.579661	16.502625	416.892908	41.894643	1.245138	0.148714	1.319019	0.195808	33.686369	34.103173	33.279534	120.957443	0.094206	0.088224	0.100046	0.124324
20150807000541.011700	32567.500000	130271.000000	19.582713	16.507679	416.594411	42.105115	1.245512	0.149435	1.319463	0.196403	33.645007	34.062350	33.237665	120.793031	0.095253	0.089117	0.101241	0.126050
20150807000746.000000	32692.500000	130771.000000	19.589347	16.506917	417.050872	42.108514	1.247351	0.149803	1.321881	0.197353	33.616994	34.035632	33.208422	120.666819	0.095987	0.089786	0.102039	0.126607
20150807000951.000000	32817.500000	131271.000000	19.581896	16.506219	415.576253	41.864388	1.244209	0.149386	1.318837	0.196907	33.583530	34.002097	33.175033	120.535193	0.096811	0.090417	0.103049	0.126637
20150807001156.011700	32942.500000	131771.000000	19.597048	16.507894	416.581147	41.945398	1.249552	0.150077	1.324579	0.197914	33.554072	33.972872	33.145355	120.441531	0.097329	0.090781	0.103719	0.126925
20150807001401.031200	33067.500000	132271.000000	19.601012	16.509772	416.781534	42.108514	1.251577	0.150375	1.326892	0.198551	33.513281	33.930846	33.105742	120.316483	0.098783	0.091861	0.105538	0.127641
20150807001606.011700	33192.500000	132771.000000	19.602627	16.510135	416.236061	41.813743	1.252790	0.150939	1.328955	0.199927	33.454762	33.868569	33.050813	120.188532	0.100282	0.093113	0.107279	0.127777
20150807001811.031200	33317.500000	133271.000000	19.604028	16.512001	416.044772	41.947481	1.253764	0.151437	1.330573	0.201481	33.401540	33.812440	33.000367	120.083845	0.101061	0.093607	0.108339	0.128549
20150807002016.019500	33442.500000	133771.000000	19.611085	16.514540	416.325402	41.969624	1.257360	0.152157	1.334899	0.202750	33.352643	33.763445	32.951570	119.974822	0.103090	0.095352	0.110643	0.129396
20150807002221.070300	33567.500000	134271.000000	19.618577	16.517490	416.703264	41.881050	1.260565	0.152905	1.338892	0.204369	33.296141	33.707159	32.894869	119.859108	0.104212	0.096256	0.111979	0.130113
20150807002426.050800	33692.500000	134771.000000	19.617367	16.517347	416.396436	42.214407	1.261883	0.153049	1.341351	0.205560	33.219288	33.630349	32.817973	119.723763	0.106009	0.097338	0.114474	0.131158
20150807002631.039100	33817.500000	135271.000000	19.625891	16.518986	416.388214	42.287524	1.265333	0.153311	1.346216	0.207207	33.136029	33.550259	32.731706	119.607041	0.107673	0.098518	0.116611	0.131137
20150807002836.050800	33942.500000	135771.000000	19.628024	16.519684	416.262479	42.152033	1.267255	0.153850	1.348913	0.208254	33.077072	33.492661	32.671466	119.480253	0.109118	0.099805	0.118208	0.131965
20150807003041.050800	34067.500000	136271.000000	19.632030	16.521555	416.519102	41.844985	1.269754	0.154346	1.351984	0.209305	33.026101	33.442787	32.619460	119.397284	0.109683	0.100217	0.118923	0.132238
20150807003246.070300	34192.500000	136771.000000	19.638181	16.521394	417.078935	42.184590	1.272937	0.155661	1.355758	0.210985	32.972035	33.389030	32.565111	119.260119	0.111512	0.101951	0.120844	0.132154
20150807003451.070300	34317.500000	137271.000000	19.634605	16.523540	415.570115	42.271520	1.272459	0.155817	1.355787	0.211608	32.914157	33.331260	32.507140	119.149395	0.112858	0.103081	0.122400	0.133651
20150807003656.078100	34442.500000	137771.000000	19.643635	16.525328	416.802581	42.117941	1.276947	0.156749	1.361244	0.213187	32.846205	33.266996	32.435683	119.040321	0.113920	0.103823	0.123773	0.133275
20150807003901.109400	34567.500000	138271.000000	19.649554	16.524309	416.727271	41.818347	1.280597	0.157066	1.365578	0.213809	32.781320	33.204499	32.368535	118.928669	0.115401	0.105149	0.125402	0.133335
20150807004106.078100	34692.500000	138771.000000	19.649971	16.523373	416.371113	42.016651	1.282567	0.157298	1.368524	0.214735	32.717736	33.143778	32.302233	118.853068	0.117402	0.106778	0.127764	0.134508
20150807004311.109400	34817.500000	139271.000000	19.652719	16.528523	416.278484	42.348912	1.284605	0.159216	1.371549	0.217325	32.649134	33.080691	32.228397	118.744032	0.119289	0.108289	0.130014	0.134484
20150807004516.109400	34942.500000	139771.000000	19.662613	16.528756	416.796771	42.170230	1.289105	0.159355	1.376641	0.217565	32.575362	33.011353	32.150429	118.622553	0.121248	0.110111	0.132102	0.134999
20150807004721.101600	35067.500000	140271.000000	19.663972	16.528779	416.535325	42.124518	1.291805	0.159915	1.380068	0.218107	32.501882	32.945727	32.069511	118.526521	0.122792	0.111492	0.133798	0.135563
20150807004926.109400	35192.500000	140771.000000	19.667423	16.531199	416.813652	42.198731	1.295193	0.161399	1.384135	0.220289	32.418196	32.862768	31.985168	118.418735	0.124658	0.113434	0.135592	0.136071
20150807005131.109400	35317.500000	141271.000000	19.669217	16.530895	416.558565	42.042851	1.298063	0.161698	1.387460	0.220686	32.339514	32.786157	31.904545	118.294019	0.126294	0.115017	0.137277	0.136370
20150807005336.121100	35442.500000	141771.000000	19.675380	16.531885	416.960983	42.033862	1.302234	0.162986	1.392138	0.222172	32.259092	32.708875	31.821181	118.190355	0.127308	0.116127	0.138194	0.136220
20150807005541.148400	35567.500000	142271.000000	19.678790	16.532076	416.608442	41.811880	1.305619	0.163754	1.395800	0.222873	32.174992	32.626348	31.735621	118.092640	0.128454	0.117374	0.139241	0.137222
20150807005746.128900	35692.500000	142771.000000	19.684297	16.535026	416.898170	42.244005	1.310474	0.165176	1.400865	0.224467	32.082311	32.532926	31.643678	117.964927	0.130834	0.119886	0.141492	0.138081
20150807005951.148400	35817.500000	143271.000000	19.692272	16.536427	417.089239	42.046139	1.315448	0.166556	1.406164	0.225935	31.989113	32.439651	31.550587	117.855113	0.132100	0.121254	0.142657	0.139314
20150807010156.128900	35942.500000	143771.000000	19.688458	16.537816	416.134223	42.117722	1.318186	0.167262	1.408659	0.226593	31.888489	32.336266	31.452611	117.729832	0.133582	0.122860	0.144022	0.138611
20150807010401.148400	36067.500000	144271.000000	19.692904	16.540879	416.118328	42.145894	1.323067	0.169590	1.413538	0.228823	31.763608	32.207292	31.331654	117.583950	0.136409	0.125805	0.146734	0.139031
20150807010606.160200	36192.500000	144771.000000	19.705761	16.542131	416.842044	42.118270	1.337706	0.172926	1.425728	0.230155	31.527910	31.953199	31.113510	117.374898	0.141318	0.131926	0.150467	0.140637
20150807010811.148400	36317.500000	145271.000000	19.706250	16.544390	415.986125	42.126162	1.343916	0.174606	1.431347	0.232533	31.363032	31.770307	30.965770	117.217171	0.142667	0.132621	0.152466	0.141354
20150807011016.160200	36442.500000	145771.000000	19.719804	16.547370	416.852787	42.197854	1.360206	0.177842	1.444895	0.234954	31.088050	31.460390	30.724152	116.959512	0.148342	0.138946	0.157524	0.142907
20150807011221.160200	36567.500000	146271.000000	19.728959	16.550976	416.348970	42.220107	1.376645	0.182309	1.459128	0.239426	30.745006	31.081829	30.415142	116.658899	0.154616	0.145297	0.163742	0.144767
20150807011426.171900	36692.500000	146771.000000	19.753909	16.554386	416.733849	42.007553	1.405846	0.186680	1.487925	0.244346	30.229273	30.541723	29.922813	116.200866	0.158830	0.147688	0.169754	0.146298
20150807011629.929700	36816.250000	147266.000000	19.774431	16.565669	416.143322	41.794121	1.436234	0.190858	1.526511	0.257130	29.491494	29.794589	29.193703	115.582587	0.184156	0.164333	0.203604	0.155287
20150807011725.441400	36871.750000	147488.000000	19.797987	16.570997	416.225647	41.866361	1.474014	0.194287	1.577312	0.266933	28.656350	29.024427	28.296555	115.000955	0.178091	0.158120	0.197596	0.155603
20150807011822.929700	36929.250000	147718.000000	19.819892	16.580248	416.171933	42.013472	1.506341	0.200359	1.619687	0.277553	27.991003	28.405699	27.587120	114.406098	0.184196	0.162733	0.205080	0.159322
20150807011904.179700	36970.500000	147883.000000	19.846136	16.583836	416.306876	41.880612	1.543381	0.205788	1.662094	0.285517	27.348048	27.776615	26.931312	113.830733	0.189844	0.167209	0.211837	0.160499
20150807011931.191400	36997.500000	147991.000000	19.861257	16.590816	416.014298	42.214078	1.571848	0.211567	1.705554	0.299240	26.742384	27.228708	26.271503	113.254712	0.201246	0.173765	0.227826	0.164465
20150807011946.179700	37012.500000	148051.000000	19.890595	16.599894	416.521294	42.406243	1.612658	0.218942	1.761541	0.314163	26.061956	26.598193	25.544661	112.631026	0.226023	0.191782	0.258994	0.170305
20150807011946.941400	37013.250000	148054.000000	19.914258	16.608918	416.031289	42.605753	1.655298	0.228195	1.807545	0.323974	25.371172	25.905844	24.855853	111.888003	0.233950	0.198930	0.267637	0.174200
20150807011952.210900	37018.500000	148075.000000	19.933886	16.611529	416.009803	42.328413	1.686385	0.229689	1.861108	0.337272	24.770241	25.374851	24.190475	111.274518	0.246555	0.201657	0.289475	0.176399
20150807011955.679700	37022.000000	148089.000000	19.956738	16.618651	416.093554	42.655631	1.716846	0.233123	1.919938	0.352700	24.183944	24.909436	23.495707	110.714163	0.247851	0.199377	0.293741	0.177366
20150807011957.699200	37024.000000	148097.000000	19.972688	16.625536	414.657193	42.899098	1.756014	0.238290	2.003891	0.377371	23.503955	24.355212	22.697290	110.087126	0.365729	0.264920	0.459794	0.200031
20150807011958.941400	37025.250000	148102.000000	20.007319	16.635448	415.407657	43.042921	1.803287	0.249067	2.075467	0.393750	22.695591	23.683369	21.781850	109.245827	0.314505	0.256439	0.368168	0.192102
20150807012000.929700	37027.250000	148110.000000	20.033783	16.639126	415.496559	42.808442	1.840830	0.251916	2.143371	0.407589	22.121353	23.203088	21.130817	108.662370	0.288184	0.227071	0.344125	0.186161
20150807012002.171900	37028.500000	148115.000000	20.044327	16.650528	414.810004	43.816076	1.869224	0.262656	2.197193	0.428523	21.649508	22.783081	20.617145	108.106504	0.376642	0.306326	0.440514	0.210849
20150807012002.710900	37029.000000	148117.000000	20.072109	16.658658	414.538583	43.676967	1.912683	0.268384	2.254115	0.439373	21.161520	22.314303	20.116332	107.543683	0.337062	0.271109	0.396820	0.199229
20150807012003.179700	37029.500000	148119.000000	20.096332	16.666711	414.925106	44.241076	1.953104	0.277015	2.319130	0.460188	20.677729	21.862630	19.607787	106.987704	0.365739	0.289111	0.434829	0.207113
20150807012003.691400	37030.000000	148121.000000	20.116782	16.676426	413.792614	44.563032	1.987653	0.283465	2.390709	0.479982	20.157153	21.435131	19.016372	106.345821	0.364168	0.287901	0.432191	0.207561
20150807012003.941400	37030.250000	148122.000000	20.128423	16.688526	414.079272	45.109820	2.014625	0.281290	2.489053	0.517292	19.738174	21.076144	18.529704	105.777823	0.510069	0.338499	0.660892	0.253804
20150807012004.191400	37030.500000	148123.000000	20.168436	16.696066	414.075107	45.467403	2.042910	0.285580	2.541912	0.524848	19.245046	20.723834	17.955681	105.061104	0.380815	0.295059	0.455528	0.217831
20150807012004.929700	37031.250000	148126.000000	20.191104	16.697902	414.145702	45.234021	2.065836	0.288636	2.618785	0.538835	18.823389	20.483856	17.405056	104.454944	0.354481	0.271024	0.425789	0.209985
20150807012006.191400	37032.500000	148131.000000	20.220453	16.701746	414.147237	44.647550	2.076100	0.287615	2.697433	0.552076	18.482050	20.394242	16.889762	103.839940	0.335589	0.242104	0.413524	0.209803
20150807012007.449200	37033.750000	148136.000000	20.259977	16.709966	414.465685	44.377883	2.089003	0.291299	2.816992	0.576247	18.000797	20.336753	16.126326	103.027225	0.413413	0.257625	0.538399	0.227304
20150807012007.679700	37034.000000	148137.000000	20.280785	16.718263	413.659315	45.295079	2.086030	0.295924	2.961835	0.602556	17.498439	20.364534	15.310819	102.372651	0.472025	0.260027	0.632879	0.236698
20150807012008.179700	37034.500000	148139.000000	20.307124	16.724843	413.351938	45.537012	2.091448	0.301712	3.117622	0.623462	16.923888	20.366868	14.464746	101.708937	0.391786	0.245444	0.496797	0.221098
20150807012008.941400	37035.250000	148142.000000	20.331902	16.728366	413.239577	45.075180	2.108972	0.307417	3.245282	0.646640	16.462802	20.232513	13.867417	101.085998	0.381646	0.244611	0.476648	0.221561
20150807012009.691400	37036.000000	148145.000000	20.360357	16.736853	413.510340	45.433092	2.132115	0.315522	3.355641	0.671145	16.092100	20.079152	13.416737	100.532702	0.388313	0.249634	0.482157	0.225466
20150807012010.191400	37036.500000	148147.000000	20.780361	17.049057	390.045578	58.463822	2.102567	-0.011177	4.000000	-0.517246	10.037897	16.426504	6.973810	85.246504	0.012149	-0.857667	0.419160	1.023187
20150807012010.429700	37036.750000	148148.000000	21.182663	17.217976	391.499478	66.494090	1.857629	0.152664	4.000000	-1.290298	8.705080	18.549918	5.621317	79.336516	0.140897	0.823311	-0.079032	0.698758
20150807012010.679700	37037.000000	148149.000000	21.371234	17.235977	393.542042	68.319166	1.926341	0.160122	4.000000	-1.279544	8.569577	18.196470	5.593437	77.197723	0.414647	0.263817	0.465106	0.378123
20150807012010.941400	37037.250000	148150.000000	21.421510	17.225218	395.548211	67.043839	1.944779	0.155735	4.000000	-1.487344	8.421132	18.155641	5.470775	76.797200	0.283887	0.260025	0.291667	0.348942
20150807012011.449200	37037.750000	148152.000000	21.460450	17.208463	395.754627	65.036244	1.957026	0.149122	4.000000	-1.529490	8.397736	18.084704	5.459640	76.293476	0.340985	0.242474	0.373194	0.320042
20150807012012.191400	37038.500000	148155.000000	21.499902	17.191059	396.343948	63.276173	1.970842	0.141580	4.000000	-1.579027	8.369979	17.986391	5.445506	75.800785	0.281579	0.231990	0.297838	0.301818
20150807012012.949200	37039.250000	148158.000000	21.559722	17.161989	398.212873	60.369030	1.997756	0.129070	4.000000	-1.676029	8.342092	17.862286	5.433195	75.385168	0.235997	0.230665	0.237752	0.290519
20150807012013.929700	37040.250000	148162.000000	21.612722	17.140275	399.658003	58.418877	2.023000	0.122369	4.000000	-1.751175	8.325964	17.748567	5.430234	74.958944	0.212805	0.232094	0.206430	0.280299
20150807012015.179700	37041.500000	148167.000000	21.674925	17.133129	402.260291	57.098385	2.055294	0.123136	4.000000	-1.800043	8.327716	17.635936	5.442175	74.562366	0.181730	0.233266	0.164563	0.273826
20150807012016.179700	37042.500000	148171.000000	21.728272	17.113030	403.573876	54.330900	2.079771	0.114981	4.000000	-1.851417	8.329263	17.531722	5.453103	74.183737	0.172019	0.233751	0.151290	0.279106
20150807012017.429700	37043.750000	148176.000000	21.790517	17.104632	405.362997	53.123427	2.113698	0.118091	4.000000	-1.884793	8.331028	17.417254	5.464924	73.763779	0.150693	0.238864	0.120793	0.278719
20150807012018.710900	37045.000000	148181.000000	21.837783	17.106366	406.025654	52.039168	2.152207	0.126202	4.000000	-1.914162	8.317290	17.232137	5.470969	73.353084	0.136413	0.255221	0.095714	0.281093
20150807012019.691400	37046.000000	148185.000000	21.889907	17.122656	405.879420	52.177948	2.271104	0.175251	4.000000	-1.933057	8.215942	16.582898	5.444307	72.748912	0.194635	0.490450	0.090139	0.310338
20150807012019.941400	37046.250000	148186.000000	21.938783	17.146254	405.142659	52.443449	2.514488	0.265603	4.000000	-1.952323	8.037560	15.275649	5.405548	72.170166	0.343153	1.009602	0.091357	0.352168
20150807012020.238300	37046.500000	148187.000000	22.859532	17.669088	398.321836	27.286142	4.000000	-3.259400	4.000000	-2.655273	5.368796	5.185528	5.083078	-28.599598	1.004757	1.159339	0.836143	3.463194
20150807012020.441400	37046.750000	148187.000000	21.901560	21.293938	50.294882	41.545611	-2.767429	-4.000000	-2.661908	-3.782155	0.618259	0.578407	0.663777	11.990681	-0.068602	-0.081468	-0.054447	0.031404
