Program version:	Fatigue ver. 4.0
Date and time:	14-08-2015 11:25:32
Operator:	vanj
Project ID:	44584
Sample ID:	EQA03-12
	
Mode of operation:	Ten-ten
Low load setpoint [kN]:	0.000000
Displacement rate [mm/s]:	0.030000
Sample rate [Hz]:	10.000000
Procentage of E-max [%]:	90.000000
Sample width [mm]:	25.440000
Sample thickness [mm]:	4.460000
Strain sensor:	Extensometer
Number of strain sensors:	2
Channel configuration:	0 6 1,1,0,0,0,0 1,4,1,2,3,4
	
Machine SN:	88R8501
Load cell SN:	UK 1029
Load cell [kN]:	100.000000
Extensometer 1 SN:	1862
Gauge length 1 [mm]:	50.000000
Full scale 1 [%]:	5.000000
Extensometer 2 SN:	1877
Gauge length 2 [mm]:	50.000000
Full scale 2 [%]:	5.000000
	
Modulus estimate from [%]:	0.050000
Modulus estimate to [%]:	0.250000
Strain correction a1 [%]:	-0.001814
Strain correction a2 [%]:	-0.002512
Strain correction b1 [%]:	0.002059
Strain correction b2 [%]:	-0.000216
Modulus a [GPa]:	35.171178
Modulus b [GPa]:	35.298838
Difference [%]:	0.361653
Modulus a1 [GPa]:	34.413556
Modulus b1 [GPa]:	34.590802
Modulus a2 [GPa]:	35.962529
Modulus b2 [GPa]:	36.036112
Max strain [%]:	0.720650
Max stress [MPa]:	253.462419
	
	
Time [ms]	State	Position [mm]	Load [kN]	Strain1 [%]	Strain2 [%]
0.000000E+0	1.000000E+0	-3.139114E+0	-7.236004E-3	-213.980692E-6	-26.226046E-6
100.000000E-3	1.000000E+0	-3.138298E+0	39.100647E-3	648.498587E-6	949.502067E-6
200.000000E-3	1.000000E+0	-3.134754E+0	90.205669E-3	1.872182E-3	1.639724E-3
300.000000E-3	1.000000E+0	-3.132084E+0	124.657154E-3	2.781153E-3	2.719164E-3
400.000000E-3	1.000000E+0	-3.129327E+0	188.589096E-3	4.404188E-3	3.865362E-3
500.000000E-3	1.000000E+0	-3.125668E+0	227.952003E-3	5.167127E-3	4.978776E-3
600.000000E-3	1.000000E+0	-3.121814E+0	263.035297E-3	6.727577E-3	6.312728E-3
700.000000E-3	1.000000E+0	-3.120792E+0	308.716297E-3	7.700921E-3	7.067323E-3
800.000000E-3	1.000000E+0	-3.117341E+0	377.595425E-3	8.773804E-3	8.485318E-3
900.000000E-3	1.000000E+0	-3.114733E+0	405.848026E-3	10.156036E-3	9.385348E-3
1.000000E+0	1.000000E+0	-3.111771E+0	449.287891E-3	11.364222E-3	10.415913E-3
1.100000E+0	1.000000E+0	-3.106666E+0	503.122807E-3	12.368561E-3	11.669994E-3
1.200000E+0	1.000000E+0	-3.104785E+0	536.835194E-3	13.487936E-3	12.522937E-3
1.300000E+0	1.000000E+0	-3.102025E+0	575.149059E-3	14.440418E-3	13.458134E-3
1.400000E+0	1.000000E+0	-3.098443E+0	636.518002E-3	15.649201E-3	14.863015E-3
1.500000E+0	1.000000E+0	-3.096524E+0	679.886341E-3	16.624333E-3	15.680791E-3
1.600000E+0	1.000000E+0	-3.093645E+0	718.343258E-3	17.922522E-3	16.815664E-3
1.700000E+0	1.000000E+0	-3.090024E+0	772.821903E-3	19.197466E-3	18.244983E-3
1.800000E+0	1.000000E+0	-3.086582E+0	828.206539E-3	20.433070E-3	19.243957E-3
1.900000E+0	1.000000E+0	-3.083429E+0	862.419605E-3	21.637680E-3	20.665528E-3
2.000000E+0	1.000000E+0	-3.080252E+0	905.668736E-3	22.632481E-3	21.295549E-3
2.100000E+0	1.000000E+0	-3.076589E+0	956.165791E-3	23.576023E-3	22.382142E-3
2.200000E+0	1.000000E+0	-3.075305E+0	984.573364E-3	24.606587E-3	23.042561E-3
2.300000E+0	1.000000E+0	-3.072459E+0	1.033247E+0	25.938751E-3	24.360420E-3
2.400000E+0	1.000000E+0	-3.069666E+0	1.091409E+0	26.883485E-3	25.335552E-3
2.500000E+0	1.000000E+0	-3.066191E+0	1.134169E+0	27.897956E-3	26.675465E-3
2.600000E+0	1.000000E+0	-3.062969E+0	1.178420E+0	29.309990E-3	27.683976E-3
2.700000E+0	1.000000E+0	-3.060716E+0	1.236284E+0	30.936005E-3	29.073956E-3
2.800000E+0	1.000000E+0	-3.057832E+0	1.277280E+0	31.712058E-3	29.855969E-3
2.900000E+0	1.000000E+0	-3.055275E+0	1.318538E+0	33.118131E-3	31.089189E-3
3.000000E+0	1.000000E+0	-3.051838E+0	1.366603E+0	33.911469E-3	32.160285E-3
3.100000E+0	1.000000E+0	-3.047830E+0	1.421309E+0	35.141709E-3	33.622387E-3
3.200000E+0	1.000000E+0	-3.045180E+0	1.456892E+0	36.259296E-3	34.275058E-3
3.300000E+0	1.000000E+0	-3.043127E+0	1.494718E+0	37.173632E-3	34.956935E-3
3.400000E+0	1.000000E+0	-3.039449E+0	1.540923E+0	38.440827E-3	36.594871E-3
3.500000E+0	1.000000E+0	-3.036597E+0	1.596165E+0	39.286617E-3	37.153366E-3
3.600000E+0	1.000000E+0	-3.032690E+0	1.630294E+0	40.765408E-3	38.831833E-3
3.700000E+0	1.000000E+0	-3.031468E+0	1.680505E+0	42.006377E-3	39.621595E-3
3.800000E+0	1.000000E+0	-3.027320E+0	1.729548E+0	42.893890E-3	40.402416E-3
3.900000E+0	1.000000E+0	-3.025135E+0	1.752257E+0	43.756369E-3	41.475895E-3
4.000000E+0	1.000000E+0	-3.021494E+0	1.812792E+0	45.135621E-3	42.944554E-3
4.100000E+0	1.000000E+0	-3.017792E+0	1.866364E+0	46.368245E-3	43.783191E-3
4.200000E+0	1.000000E+0	-3.014377E+0	1.898777E+0	47.156218E-3	45.040253E-3
4.300000E+0	1.000000E+0	-3.012130E+0	1.949453E+0	48.941974E-3	46.128038E-3
4.400000E+0	1.000000E+0	-3.008035E+0	1.999211E+0	49.890880E-3	47.338013E-3
4.500000E+0	1.000000E+0	-3.006256E+0	2.049243E+0	50.970320E-3	48.279766E-3
4.600000E+0	1.000000E+0	-3.002539E+0	2.078247E+0	51.931743E-3	49.222116E-3
4.700000E+0	1.000000E+0	-3.000152E+0	2.127051E+0	52.995686E-3	50.075654E-3
4.800000E+0	1.000000E+0	-2.996960E+0	2.164221E+0	54.031019E-3	51.215891E-3
4.900000E+0	1.000000E+0	-2.994195E+0	2.206028E+0	55.035953E-3	52.629713E-3
5.000000E+0	1.000000E+0	-2.989522E+0	2.265406E+0	56.554680E-3	53.837304E-3
5.100000E+0	1.000000E+0	-2.987543E+0	2.312446E+0	57.823067E-3	54.693226E-3
5.200000E+0	1.000000E+0	-2.985197E+0	2.353406E+0	58.787470E-3	55.733924E-3
5.300000E+0	1.000000E+0	-2.981728E+0	2.398825E+0	60.122614E-3	56.971316E-3
5.400000E+0	1.000000E+0	-2.978385E+0	2.451932E+0	61.392789E-3	58.302884E-3
5.500000E+0	1.000000E+0	-2.975768E+0	2.499998E+0	62.292223E-3	58.950787E-3
5.600000E+0	1.000000E+0	-2.974355E+0	2.533376E+0	63.121324E-3	59.942012E-3
5.700000E+0	1.000000E+0	-2.969933E+0	2.574909E+0	64.690714E-3	60.994034E-3
5.800000E+0	1.000000E+0	-2.966526E+0	2.620375E+0	65.545445E-3	62.021022E-3
5.900000E+0	1.000000E+0	-2.964917E+0	2.665758E+0	66.319113E-3	63.090925E-3
6.000000E+0	1.000000E+0	-2.961430E+0	2.710593E+0	68.105465E-3	64.197188E-3
6.100000E+0	1.000000E+0	-2.957833E+0	2.769220E+0	69.165831E-3	65.591937E-3
6.200000E+0	1.000000E+0	-2.955860E+0	2.803159E+0	69.955593E-3	66.302424E-3
6.300000E+0	1.000000E+0	-2.952266E+0	2.847111E+0	71.166759E-3	67.345505E-3
6.400000E+0	1.000000E+0	-2.949199E+0	2.892733E+0	72.424418E-3	68.625217E-3
6.500000E+0	1.000000E+0	-2.945817E+0	2.946949E+0	73.357826E-3	69.690948E-3
6.600000E+0	1.000000E+0	-2.944705E+0	2.974975E+0	74.664956E-3	70.561176E-3
6.700000E+0	1.000000E+0	-2.939972E+0	3.024280E+0	75.872547E-3	71.876055E-3
6.800000E+0	1.000000E+0	-2.938297E+0	3.082192E+0	77.008015E-3	72.966224E-3
6.900000E+0	1.000000E+0	-2.934989E+0	3.116298E+0	78.158385E-3	74.214941E-3
7.000000E+0	1.000000E+0	-2.932340E+0	3.160334E+0	79.240805E-3	75.160867E-3
7.100000E+0	1.000000E+0	-2.927950E+0	3.211832E+0	80.215937E-3	76.213485E-3
7.200000E+0	1.000000E+0	-2.924946E+0	3.252459E+0	81.459886E-3	77.260143E-3
7.300000E+0	1.000000E+0	-2.922508E+0	3.277087E+0	82.359917E-3	78.004009E-3
7.400000E+0	1.000000E+0	-2.919918E+0	3.336048E+0	83.346374E-3	78.831917E-3
7.500000E+0	1.000000E+0	-2.915239E+0	3.384459E+0	84.983713E-3	80.487139E-3
7.600000E+0	1.000000E+0	-2.911881E+0	3.426337E+0	85.972554E-3	81.938512E-3
7.700000E+0	1.000000E+0	-2.909926E+0	3.485453E+0	87.446577E-3	82.708008E-3
7.800000E+0	1.000000E+0	-2.906469E+0	3.525794E+0	88.534958E-3	84.164745E-3
7.900000E+0	1.000000E+0	-2.903849E+0	3.563690E+0	89.356310E-3	84.763772E-3
8.000000E+0	1.000000E+0	-2.900258E+0	3.607070E+0	90.402372E-3	85.770495E-3
8.100000E+0	1.000000E+0	-2.897525E+0	3.651834E+0	91.507442E-3	87.023384E-3
8.200000E+0	1.000000E+0	-2.894622E+0	3.696501E+0	93.070872E-3	88.440187E-3
8.300000E+0	1.000000E+0	-2.893454E+0	3.740621E+0	94.161637E-3	88.983185E-3
8.400000E+0	1.000000E+0	-2.888033E+0	3.785539E+0	94.979413E-3	90.395815E-3
8.500000E+0	1.000000E+0	-2.885255E+0	3.822148E+0	95.918186E-3	91.208823E-3
8.600000E+0	1.000000E+0	-2.883944E+0	3.866696E+0	96.787818E-3	92.017658E-3
8.700000E+0	1.000000E+0	-2.881271E+0	3.918147E+0	98.661192E-3	93.113787E-3
8.800000E+0	1.000000E+0	-2.877080E+0	3.964078E+0	99.291809E-3	94.569929E-3
8.900000E+0	1.000000E+0	-2.872667E+0	4.008698E+0	100.700267E-3	95.661886E-3
9.000000E+0	1.000000E+0	-2.871308E+0	4.041231E+0	101.596125E-3	96.427210E-3
9.100000E+0	1.000000E+0	-2.867794E+0	4.088736E+0	102.702387E-3	97.636588E-3
9.200000E+0	1.000000E+0	-2.864531E+0	4.138947E+0	104.019650E-3	98.907359E-3
9.300000E+0	1.000000E+0	-2.861914E+0	4.172850E+0	105.014452E-3	99.647053E-3
9.400000E+0	1.000000E+0	-2.859283E+0	4.231620E+0	106.448540E-3	100.860604E-3
9.500000E+0	1.000000E+0	-2.855307E+0	4.284680E+0	107.645997E-3	102.349528E-3
9.600000E+0	1.000000E+0	-2.852768E+0	4.307997E+0	108.551988E-3	103.077301E-3
9.700000E+0	1.000000E+0	-2.850404E+0	4.354405E+0	109.386453E-3	104.088196E-3
9.800000E+0	1.000000E+0	-2.847397E+0	4.407632E+0	110.583910E-3	105.208167E-3
9.900000E+0	1.000000E+0	-2.843180E+0	4.438150E+0	112.012634E-3	106.216082E-3
10.000000E+0	1.000000E+0	-2.840304E+0	4.488075E+0	112.808952E-3	107.350954E-3
10.100000E+0	1.000000E+0	-2.838004E+0	4.533362E+0	114.082107E-3	108.169326E-3
10.200000E+0	1.000000E+0	-2.834150E+0	4.582393E+0	115.607986E-3	109.338173E-3
10.300000E+0	1.000000E+0	-2.832347E+0	4.619527E+0	116.663585E-3	110.350856E-3
10.400000E+0	1.000000E+0	-2.830473E+0	4.672599E+0	117.695341E-3	111.553678E-3
10.500000E+0	1.000000E+0	-2.826390E+0	4.708982E+0	118.654380E-3	112.778553E-3
10.600000E+0	1.000000E+0	-2.822807E+0	4.744101E+0	119.764814E-3	113.912234E-3
10.700000E+0	1.000000E+0	-2.819660E+0	4.799294E+0	121.034990E-3	114.909420E-3
10.800000E+0	1.000000E+0	-2.817413E+0	4.857635E+0	122.569809E-3	116.021046E-3
10.900000E+0	1.000000E+0	-2.812886E+0	4.895616E+0	123.344074E-3	117.163668E-3
11.000000E+0	1.000000E+0	-2.810988E+0	4.932272E+0	124.386559E-3	117.877731E-3
11.100000E+0	1.000000E+0	-2.807561E+0	4.983759E+0	125.522028E-3	118.970284E-3
11.200000E+0	1.000000E+0	-2.805072E+0	5.018604E+0	126.720081E-3	120.168338E-3
11.300000E+0	1.000000E+0	-2.802992E+0	5.067194E+0	127.631436E-3	121.168504E-3
11.400000E+0	1.000000E+0	-2.798718E+0	5.105627E+0	128.697763E-3	122.239599E-3
11.500000E+0	1.000000E+0	-2.795917E+0	5.147898E+0	129.970323E-3	122.967372E-3
11.600000E+0	1.000000E+0	-2.792499E+0	5.187964E+0	131.314407E-3	124.558220E-3
11.700000E+0	1.000000E+0	-2.790910E+0	5.235839E+0	132.069598E-3	125.773559E-3
11.800000E+0	1.000000E+0	-2.786851E+0	5.286098E+0	133.326660E-3	126.819025E-3
11.900000E+0	1.000000E+0	-2.785319E+0	5.327582E+0	134.222518E-3	127.641569E-3
12.000000E+0	1.000000E+0	-2.781171E+0	5.370748E+0	135.598194E-3	128.855120E-3
12.100000E+0	1.000000E+0	-2.778152E+0	5.425787E+0	137.219440E-3	130.198012E-3
12.200000E+0	1.000000E+0	-2.773443E+0	5.460691E+0	138.144504E-3	131.185065E-3
12.300000E+0	1.000000E+0	-2.772349E+0	5.492151E+0	139.159571E-3	132.040392E-3
12.400000E+0	1.000000E+0	-2.768827E+0	5.552077E+0	140.000593E-3	133.159767E-3
12.500000E+0	1.000000E+0	-2.766970E+0	5.585039E+0	140.897047E-3	134.035360E-3
12.600000E+0	1.000000E+0	-2.763450E+0	5.621338E+0	141.968738E-3	135.003935E-3
12.700000E+0	1.000000E+0	-2.760786E+0	5.669069E+0	143.328321E-3	135.965954E-3
12.800000E+0	1.000000E+0	-2.756527E+0	5.729663E+0	144.653332E-3	137.391697E-3
12.900000E+0	1.000000E+0	-2.754310E+0	5.779004E+0	145.822179E-3	138.701212E-3
13.000000E+0	1.000000E+0	-2.751458E+0	5.801189E+0	146.772277E-3	139.553558E-3
13.100000E+0	1.000000E+0	-2.748331E+0	5.857480E+0	147.988212E-3	140.842807E-3
13.200000E+0	1.000000E+0	-2.745125E+0	5.906284E+0	149.106991E-3	141.723763E-3
13.300000E+0	1.000000E+0	-2.742708E+0	5.940425E+0	150.167358E-3	142.991554E-3
13.400000E+0	1.000000E+0	-2.738127E+0	5.993629E+0	151.504886E-3	144.111526E-3
13.500000E+0	1.000000E+0	-2.736133E+0	6.029868E+0	152.382863E-3	145.047915E-3
13.600000E+0	1.000000E+0	-2.734202E+0	6.059492E+0	153.350246E-3	145.913970E-3
13.700000E+0	1.000000E+0	-2.730805E+0	6.112349E+0	154.500616E-3	146.814000E-3
13.800000E+0	1.000000E+0	-2.726513E+0	6.150937E+0	155.622972E-3	147.933376E-3
13.900000E+0	1.000000E+0	-2.724695E+0	6.184959E+0	156.700624E-3	148.997915E-3
14.000000E+0	1.000000E+0	-2.720282E+0	6.246877E+0	157.899273E-3	150.346768E-3
14.100000E+0	1.000000E+0	-2.720737E+0	6.287372E+0	158.682478E-3	150.898111E-3
14.200000E+0	1.000000E+0	-2.714396E+0	6.332552E+0	160.340680E-3	152.120602E-3
14.300000E+0	1.000000E+0	-2.712527E+0	6.376398E+0	161.575688E-3	153.630388E-3
14.400000E+0	1.000000E+0	-2.709782E+0	6.422448E+0	162.556184E-3	154.358757E-3
14.500000E+0	1.000000E+0	-2.705970E+0	6.457829E+0	163.310183E-3	155.291570E-3
14.600000E+0	1.000000E+0	-2.702898E+0	6.511235E+0	164.623274E-3	156.843079E-3
14.700000E+0	1.000000E+0	-2.700549E+0	6.554973E+0	166.209353E-3	157.842053E-3
14.800000E+0	1.000000E+0	-2.695775E+0	6.598568E+0	167.046203E-3	159.091366E-3
14.900000E+0	1.000000E+0	-2.694848E+0	6.635070E+0	167.779936E-3	159.696353E-3
15.000000E+0	1.000000E+0	-2.692509E+0	6.667721E+0	169.178261E-3	160.721553E-3
15.100000E+0	1.000000E+0	-2.688023E+0	6.723297E+0	170.446648E-3	161.965502E-3
15.200000E+0	1.000000E+0	-2.684629E+0	6.772780E+0	171.177401E-3	163.244618E-3
15.300000E+0	1.000000E+0	-2.682558E+0	6.805515E+0	172.433271E-3	164.337171E-3
15.400000E+0	1.000000E+0	-2.679518E+0	6.863832E+0	173.814311E-3	165.460719E-3
15.500000E+0	1.000000E+0	-2.675003E+0	6.910944E+0	175.035014E-3	166.478170E-3
15.600000E+0	1.000000E+0	-2.673739E+0	6.930912E+0	175.427212E-3	167.125477E-3
15.700000E+0	1.000000E+0	-2.670181E+0	6.985044E+0	176.901235E-3	167.958750E-3
15.800000E+0	1.000000E+0	-2.668014E+0	7.036304E+0	177.962198E-3	169.230713E-3
15.900000E+0	1.000000E+0	-2.665213E+0	7.068849E+0	178.983226E-3	170.190348E-3
16.000000E+0	1.000000E+0	-2.661714E+0	7.107079E+0	180.300489E-3	171.641125E-3
16.100000E+0	1.000000E+0	-2.657086E+0	7.169116E+0	181.633845E-3	172.792687E-3
16.200000E+0	1.000000E+0	-2.655497E+0	7.199478E+0	182.495728E-3	173.860802E-3
16.300000E+0	1.000000E+0	-2.651733E+0	7.245350E+0	183.610931E-3	175.129785E-3
16.400000E+0	1.000000E+0	-2.649018E+0	7.294250E+0	184.887662E-3	175.994053E-3
16.500000E+0	1.000000E+0	-2.646229E+0	7.337129E+0	185.906902E-3	176.864877E-3
16.600000E+0	1.000000E+0	-2.642715E+0	7.378995E+0	187.383905E-3	178.481355E-3
16.700000E+0	1.000000E+0	-2.640379E+0	7.429194E+0	188.192144E-3	179.214492E-3
16.800000E+0	1.000000E+0	-2.637127E+0	7.470143E+0	189.641133E-3	180.166378E-3
16.900000E+0	1.000000E+0	-2.634200E+0	7.501912E+0	190.501824E-3	181.375756E-3
17.000000E+0	1.000000E+0	-2.629983E+0	7.549608E+0	191.161052E-3	182.291284E-3
17.100000E+0	1.000000E+0	-2.627051E+0	7.599986E+0	192.578450E-3	183.662191E-3
17.200000E+0	1.000000E+0	-2.626032E+0	7.638526E+0	194.109098E-3	184.394732E-3
17.300000E+0	1.000000E+0	-2.620855E+0	7.683611E+0	195.034758E-3	185.646430E-3
17.400000E+0	1.000000E+0	-2.618384E+0	7.721126E+0	195.807234E-3	186.395064E-3
17.500000E+0	1.000000E+0	-2.614746E+0	7.762682E+0	196.853296E-3	187.394038E-3
17.600000E+0	1.000000E+0	-2.612516E+0	7.806087E+0	198.463813E-3	188.598052E-3
17.700000E+0	1.000000E+0	-2.610147E+0	7.844365E+0	198.932902E-3	189.445630E-3
17.800000E+0	1.000000E+0	-2.606675E+0	7.896566E+0	200.427787E-3	190.892235E-3
17.900000E+0	1.000000E+0	-2.604160E+0	7.939804E+0	201.274769E-3	191.979424E-3
18.000000E+0	1.000000E+0	-2.600339E+0	7.980108E+0	202.755348E-3	193.246618E-3
18.100000E+0	1.000000E+0	-2.598110E+0	8.037782E+0	203.753726E-3	194.194928E-3
18.200000E+0	1.000000E+0	-2.594131E+0	8.082533E+0	204.731838E-3	195.377485E-3
18.300000E+0	1.000000E+0	-2.592087E+0	8.098388E+0	205.571668E-3	196.064130E-3
18.400000E+0	1.000000E+0	-2.589577E+0	8.153653E+0	206.964629E-3	197.238938E-3
18.500000E+0	1.000000E+0	-2.586412E+0	8.208787E+0	208.273547E-3	198.632495E-3
18.600000E+0	1.000000E+0	-2.582547E+0	8.242607E+0	209.350603E-3	199.645774E-3
18.700000E+0	1.000000E+0	-2.581182E+0	8.279669E+0	210.503953E-3	200.613157E-3
18.800000E+0	1.000000E+0	-2.577433E+0	8.333647E+0	211.455839E-3	201.475636E-3
18.900000E+0	1.000000E+0	-2.573752E+0	8.374155E+0	213.037150E-3	202.958004E-3
19.000000E+0	1.000000E+0	-2.570266E+0	8.411968E+0	213.621872E-3	203.949229E-3
19.100000E+0	1.000000E+0	-2.568638E+0	8.457887E+0	214.844363E-3	204.585807E-3
19.200000E+0	1.000000E+0	-2.566189E+0	8.494699E+0	215.727108E-3	205.782072E-3
19.300000E+0	1.000000E+0	-2.562562E+0	8.538949E+0	216.784495E-3	206.760185E-3
19.400000E+0	1.000000E+0	-2.559814E+0	8.593404E+0	218.105930E-3	207.749026E-3
19.500000E+0	1.000000E+0	-2.555490E+0	8.621287E+0	219.019073E-3	209.155099E-3
19.600000E+0	1.000000E+0	-2.553371E+0	8.666968E+0	220.259446E-3	209.869759E-3
19.700000E+0	1.000000E+0	-2.551043E+0	8.723617E+0	221.704262E-3	211.281197E-3
19.800000E+0	1.000000E+0	-2.547273E+0	8.757806E+0	222.449320E-3	212.218182E-3
19.900000E+0	1.000000E+0	-2.544570E+0	8.803892E+0	223.835725E-3	213.494318E-3
20.000000E+0	1.000000E+0	-2.541849E+0	8.840322E+0	224.874038E-3	214.220899E-3
20.100000E+0	1.000000E+0	-2.537707E+0	8.885252E+0	225.978512E-3	215.325373E-3
20.200000E+0	1.000000E+0	-2.534410E+0	8.926773E+0	226.886887E-3	216.419714E-3
20.300000E+0	1.000000E+0	-2.532366E+0	8.962619E+0	227.938909E-3	217.522996E-3
20.400000E+0	1.000000E+0	-2.528444E+0	9.001696E+0	228.894371E-3	218.420046E-3
20.500000E+0	1.000000E+0	-2.526048E+0	9.044921E+0	230.116863E-3	219.666379E-3
20.600000E+0	1.000000E+0	-2.522528E+0	9.092426E+0	231.282133E-3	220.568198E-3
20.700000E+0	1.000000E+0	-2.518514E+0	9.137678E+0	232.508797E-3	222.109574E-3
20.800000E+0	1.000000E+0	-2.516601E+0	9.185696E+0	233.429689E-3	222.909468E-3
20.900000E+0	1.000000E+0	-2.513564E+0	9.227979E+0	234.637279E-3	224.019903E-3
21.000000E+0	1.000000E+0	-2.511749E+0	9.280908E+0	235.871095E-3	225.295442E-3
21.100000E+0	1.000000E+0	-2.508271E+0	9.326911E+0	237.549562E-3	226.479787E-3
21.200000E+0	1.000000E+0	-2.504098E+0	9.373033E+0	238.224287E-3	227.456111E-3
21.300000E+0	1.000000E+0	-2.502087E+0	9.402394E+0	239.360352E-3	228.496808E-3
21.400000E+0	1.000000E+0	-2.498665E+0	9.450519E+0	240.318198E-3	229.672808E-3
21.500000E+0	1.000000E+0	-2.496621E+0	9.487629E+0	241.364260E-3	230.096001E-3
21.600000E+0	1.000000E+0	-2.492580E+0	9.517908E+0	242.392440E-3	231.050271E-3
21.700000E+0	1.000000E+0	-2.488577E+0	9.567678E+0	243.356247E-3	232.375879E-3
21.800000E+0	1.000000E+0	-2.487099E+0	9.619367E+0	244.591852E-3	233.406443E-3
21.900000E+0	1.000000E+0	-2.483335E+0	9.654355E+0	245.490094E-3	234.909076E-3
22.000000E+0	1.000000E+0	-2.481291E+0	9.697127E+0	246.939083E-3	235.865135E-3
22.100000E+0	1.000000E+0	-2.477762E+0	9.743690E+0	247.664471E-3	236.574430E-3
22.200000E+0	1.000000E+0	-2.475017E+0	9.773433E+0	248.785635E-3	237.514396E-3
22.300000E+0	1.000000E+0	-2.472118E+0	9.823251E+0	250.068327E-3	238.855500E-3
22.400000E+0	1.000000E+0	-2.469119E+0	9.873402E+0	250.966569E-3	239.869971E-3
22.500000E+0	1.000000E+0	-2.466366E+0	9.914851E+0	252.491256E-3	241.065641E-3
22.600000E+0	1.000000E+0	-2.462342E+0	9.944379E+0	253.068229E-3	241.889377E-3
22.700000E+0	1.000000E+0	-2.460414E+0	10.000789E+0	254.132768E-3	242.970605E-3
22.800000E+0	1.000000E+0	-2.457249E+0	10.031891E+0	255.390426E-3	243.976136E-3
22.900000E+0	1.000000E+0	-2.454597E+0	10.062587E+0	256.388804E-3	244.488736E-3
23.000000E+0	1.000000E+0	-2.451831E+0	10.113895E+0	257.503411E-3	246.173163E-3
23.100000E+0	1.000000E+0	-2.447268E+0	10.175407E+0	259.126446E-3	247.244855E-3
23.200000E+0	1.000000E+0	-2.444556E+0	10.210145E+0	259.780905E-3	248.224755E-3
23.300000E+0	1.000000E+0	-2.442810E+0	10.256755E+0	261.083862E-3	249.501487E-3
23.400000E+0	1.000000E+0	-2.438036E+0	10.304999E+0	261.997005E-3	250.634571E-3
23.500000E+0	1.000000E+0	-2.436164E+0	10.335970E+0	263.422153E-3	251.362344E-3
23.600000E+0	1.000000E+0	-2.433568E+0	10.385406E+0	264.378807E-3	252.681395E-3
23.700000E+0	1.000000E+0	-2.430874E+0	10.425186E+0	265.598318E-3	253.790041E-3
23.800000E+0	1.000000E+0	-2.427474E+0	10.470521E+0	266.581199E-3	254.707357E-3
23.900000E+0	1.000000E+0	-2.424753E+0	10.501814E+0	267.744086E-3	255.814811E-3
24.000000E+0	1.000000E+0	-2.422905E+0	10.542417E+0	268.397353E-3	256.557485E-3
24.100000E+0	1.000000E+0	-2.416596E+0	10.580420E+0	269.623420E-3	257.841369E-3
24.200000E+0	1.000000E+0	-2.416146E+0	10.631883E+0	270.427487E-3	258.625766E-3
24.300000E+0	1.000000E+0	-2.412999E+0	10.673273E+0	271.794222E-3	259.936473E-3
24.400000E+0	1.000000E+0	-2.408999E+0	10.718930E+0	273.041747E-3	260.751268E-3
24.500000E+0	1.000000E+0	-2.406225E+0	10.768509E+0	274.107478E-3	262.307546E-3
24.600000E+0	1.000000E+0	-2.402961E+0	10.807490E+0	275.411628E-3	263.340494E-3
24.700000E+0	1.000000E+0	-2.400509E+0	10.847652E+0	276.607893E-3	264.484904E-3
24.800000E+0	1.000000E+0	-2.395657E+0	10.899544E+0	277.832173E-3	265.635273E-3
24.900000E+0	1.000000E+0	-2.395225E+0	10.925686E+0	278.621338E-3	266.358278E-3
25.000000E+0	1.000000E+0	-2.392256E+0	10.977781E+0	280.085824E-3	267.636201E-3
25.100000E+0	1.000000E+0	-2.388236E+0	11.013639E+0	280.823134E-3	268.535039E-3
25.200000E+0	1.000000E+0	-2.385670E+0	11.060607E+0	282.008074E-3	269.498251E-3
25.300000E+0	1.000000E+0	-2.383328E+0	11.094320E+0	282.993935E-3	270.695708E-3
25.400000E+0	1.000000E+0	-2.378109E+0	11.155081E+0	284.301661E-3	271.667860E-3
25.500000E+0	1.000000E+0	-2.375272E+0	11.187100E+0	285.384082E-3	272.773526E-3
25.600000E+0	1.000000E+0	-2.372441E+0	11.223042E+0	286.437296E-3	274.063967E-3
25.700000E+0	1.000000E+0	-2.369082E+0	11.291981E+0	287.675881E-3	275.231026E-3
25.800000E+0	1.000000E+0	-2.366483E+0	11.324322E+0	288.705849E-3	276.055954E-3
25.900000E+0	1.000000E+0	-2.364379E+0	11.353111E+0	290.238284E-3	277.217649E-3
26.000000E+0	1.000000E+0	-2.360225E+0	11.397851E+0	290.784263E-3	278.139137E-3
26.100000E+0	1.000000E+0	-2.358481E+0	11.440444E+0	291.935825E-3	279.079102E-3
26.200000E+0	1.000000E+0	-2.354673E+0	11.489820E+0	293.030762E-3	280.510806E-3
26.300000E+0	1.000000E+0	-2.352122E+0	11.538064E+0	294.013643E-3	281.442426E-3
26.400000E+0	1.000000E+0	-2.348241E+0	11.587358E+0	295.488262E-3	282.592796E-3
26.500000E+0	1.000000E+0	-2.346158E+0	11.625624E+0	296.296501E-3	283.666276E-3
26.600000E+0	1.000000E+0	-2.341819E+0	11.663973E+0	297.368789E-3	284.358286E-3
26.700000E+0	1.000000E+0	-2.339473E+0	11.700928E+0	298.363590E-3	285.640978E-3
26.800000E+0	1.000000E+0	-2.337596E+0	11.741793E+0	299.969936E-3	286.580943E-3
26.900000E+0	1.000000E+0	-2.333680E+0	11.789131E+0	300.722146E-3	287.807011E-3
27.000000E+0	1.000000E+0	-2.330440E+0	11.824143E+0	301.955366E-3	288.765454E-3
27.100000E+0	1.000000E+0	-2.327642E+0	11.865926E+0	303.064609E-3	289.557003E-3
27.200000E+0	1.000000E+0	-2.323872E+0	11.907840E+0	304.302598E-3	291.246199E-3
27.300000E+0	1.000000E+0	-2.322203E+0	11.945379E+0	304.903412E-3	291.840457E-3
27.400000E+0	1.000000E+0	-2.317733E+0	11.991966E+0	306.012655E-3	292.837643E-3
27.500000E+0	1.000000E+0	-2.316174E+0	12.050176E+0	307.431842E-3	294.053578E-3
27.600000E+0	1.000000E+0	-2.313447E+0	12.084639E+0	308.118487E-3	295.059108E-3
27.700000E+0	1.000000E+0	-2.309537E+0	12.122881E+0	309.606219E-3	296.233320E-3
27.800000E+0	1.000000E+0	-2.305183E+0	12.191308E+0	311.028386E-3	297.667408E-3
27.900000E+0	1.000000E+0	-2.302566E+0	12.232828E+0	312.498833E-3	298.897648E-3
28.000000E+0	1.000000E+0	-2.300677E+0	12.270939E+0	313.072826E-3	299.974108E-3
28.100000E+0	1.000000E+0	-2.295691E+0	12.322795E+0	314.577843E-3	301.137591E-3
28.200000E+0	1.000000E+0	-2.293023E+0	12.362480E+0	315.910007E-3	302.010799E-3
28.300000E+0	1.000000E+0	-2.289668E+0	12.393403E+0	316.827323E-3	303.189779E-3
28.400000E+0	1.000000E+0	-2.287594E+0	12.450719E+0	317.748214E-3	304.194713E-3
28.500000E+0	1.000000E+0	-2.283990E+0	12.480450E+0	318.863417E-3	304.972554E-3
28.600000E+0	1.000000E+0	-2.280948E+0	12.524295E+0	320.175912E-3	306.262994E-3
28.700000E+0	1.000000E+0	-2.277908E+0	12.579012E+0	321.453835E-3	307.324553E-3
28.800000E+0	1.000000E+0	-2.277464E+0	12.615085E+0	322.303798E-3	308.502937E-3
28.900000E+0	1.000000E+0	-2.270421E+0	12.664521E+0	323.781397E-3	309.622313E-3
29.000000E+0	1.000000E+0	-2.267560E+0	12.710142E+0	324.916866E-3	311.309720E-3
29.100000E+0	1.000000E+0	-2.265310E+0	12.775362E+0	326.226976E-3	312.112595E-3
29.200000E+0	1.000000E+0	-2.260399E+0	12.816358E+0	327.212837E-3	313.702847E-3
29.300000E+0	1.000000E+0	-2.257651E+0	12.870789E+0	329.325225E-3	315.008785E-3
29.400000E+0	1.000000E+0	-2.254280E+0	12.924051E+0	330.042865E-3	315.859343E-3
29.500000E+0	1.000000E+0	-2.250838E+0	12.970281E+0	331.357148E-3	317.419197E-3
29.600000E+0	1.000000E+0	-2.248043E+0	13.018465E+0	332.825807E-3	318.494465E-3
29.700000E+0	1.000000E+0	-2.245811E+0	13.056386E+0	333.722857E-3	319.765832E-3
29.800000E+0	1.000000E+0	-2.242014E+0	13.095415E+0	334.873226E-3	320.882823E-3
29.900000E+0	1.000000E+0	-2.238306E+0	13.146329E+0	335.827497E-3	321.735765E-3
30.000000E+0	1.000000E+0	-2.236167E+0	13.173175E+0	336.880711E-3	322.725203E-3
30.100000E+0	1.000000E+0	-2.234417E+0	13.212335E+0	337.873724E-3	323.316481E-3
30.200000E+0	1.000000E+0	-2.230990E+0	13.251996E+0	338.732031E-3	324.593808E-3
30.300000E+0	1.000000E+0	-2.228323E+0	13.274777E+0	339.466361E-3	325.194027E-3
30.400000E+0	1.000000E+0	-2.225709E+0	13.316631E+0	340.243605E-3	326.373007E-3
30.500000E+0	1.000000E+0	-2.221346E+0	13.358688E+0	341.693786E-3	327.454832E-3
30.600000E+0	1.000000E+0	-2.220884E+0	13.382411E+0	342.279104E-3	328.140881E-3
30.700000E+0	1.000000E+0	-2.217457E+0	13.426971E+0	343.303708E-3	328.676727E-3
30.800000E+0	1.000000E+0	-2.215111E+0	13.489306E+0	344.705609E-3	330.207970E-3
30.900000E+0	1.000000E+0	-2.211696E+0	13.513434E+0	345.555572E-3	330.972102E-3
31.000000E+0	1.000000E+0	-2.209091E+0	13.542414E+0	346.414475E-3	332.056907E-3
31.100000E+0	1.000000E+0	-2.206546E+0	13.593102E+0	347.544579E-3	332.860973E-3
31.200000E+0	1.000000E+0	-2.203232E+0	13.633549E+0	348.562626E-3	333.907631E-3
31.300000E+0	1.000000E+0	-2.200383E+0	13.670981E+0	349.945454E-3	335.395959E-3
31.400000E+0	1.000000E+0	-2.196154E+0	13.727558E+0	350.992112E-3	336.603549E-3
31.500000E+0	1.000000E+0	-2.194780E+0	13.762367E+0	351.969628E-3	337.114957E-3
31.600000E+0	1.000000E+0	-2.192026E+0	13.792145E+0	352.970986E-3	338.590768E-3
31.700000E+0	1.000000E+0	-2.189037E+0	13.835168E+0	353.841810E-3	339.172510E-3
31.800000E+0	1.000000E+0	-2.185744E+0	13.868284E+0	354.968934E-3	339.876441E-3
31.900000E+0	1.000000E+0	-2.181926E+0	13.890970E+0	355.740218E-3	340.986875E-3
32.000000E+0	1.000000E+0	-2.181125E+0	13.956094E+0	356.943636E-3	342.153934E-3
32.100000E+0	1.000000E+0	-2.176827E+0	14.007878E+0	358.065395E-3	343.260196E-3
32.200000E+0	1.000000E+0	-2.174386E+0	14.034581E+0	359.118014E-3	344.265131E-3
32.300000E+0	1.000000E+0	-2.171105E+0	14.073193E+0	360.169440E-3	345.289139E-3
32.400000E+0	1.000000E+0	-2.167746E+0	14.130998E+0	361.586242E-3	346.813230E-3
32.500000E+0	1.000000E+0	-2.164593E+0	14.169109E+0	362.209111E-3	347.630409E-3
32.600000E+0	1.000000E+0	-2.163145E+0	14.207375E+0	363.570481E-3	348.270563E-3
32.700000E+0	1.000000E+0	-2.159378E+0	14.250040E+0	364.483624E-3	349.614052E-3
32.800000E+0	1.000000E+0	-2.156910E+0	14.285135E+0	365.186959E-3	350.431828E-3
32.900000E+0	1.000000E+0	-2.152550E+0	14.332926E+0	366.710454E-3	351.485042E-3
33.000000E+0	1.000000E+0	-2.150032E+0	14.359176E+0	367.604524E-3	352.454214E-3
33.100000E+0	1.000000E+0	-2.147055E+0	14.405978E+0	368.487268E-3	353.336362E-3
33.200000E+0	1.000000E+0	-2.143508E+0	14.448464E+0	369.880825E-3	354.793100E-3
33.300000E+0	1.000000E+0	-2.142355E+0	14.491570E+0	370.761186E-3	355.708032E-3
33.400000E+0	1.000000E+0	-2.139640E+0	14.536667E+0	371.985465E-3	356.698065E-3
33.500000E+0	1.000000E+0	-2.135927E+0	14.593267E+0	373.098880E-3	357.943206E-3
33.600000E+0	1.000000E+0	-2.132711E+0	14.605880E+0	374.316603E-3	359.011321E-3
33.700000E+0	1.000000E+0	-2.128652E+0	14.659643E+0	375.108749E-3	359.989433E-3
33.800000E+0	1.000000E+0	-2.126461E+0	14.711356E+0	375.931889E-3	361.033111E-3
33.900000E+0	1.000000E+0	-2.123746E+0	14.732397E+0	377.252728E-3	361.966520E-3
34.000000E+0	1.000000E+0	-2.121881E+0	14.781475E+0	378.608734E-3	363.034635E-3
34.100000E+0	1.000000E+0	-2.117938E+0	14.837050E+0	379.316837E-3	364.255934E-3
34.200000E+0	1.000000E+0	-2.114528E+0	14.859974E+0	380.415351E-3	365.285903E-3
34.300000E+0	1.000000E+0	-2.111164E+0	14.897752E+0	381.504328E-3	366.259843E-3
34.400000E+0	1.000000E+0	-2.109045E+0	14.961624E+0	382.847817E-3	367.434054E-3
34.500000E+0	1.000000E+0	-2.105439E+0	14.987433E+0	383.657844E-3	368.050366E-3
34.600000E+0	1.000000E+0	-2.103683E+0	15.025890E+0	384.910137E-3	369.531542E-3
34.700000E+0	1.000000E+0	-2.099314E+0	15.083230E+0	386.095078E-3	370.808869E-3
34.800000E+0	1.000000E+0	-2.097178E+0	15.125620E+0	387.491019E-3	371.630222E-3
34.900000E+0	1.000000E+0	-2.093095E+0	15.148926E+0	388.188989E-3	372.685224E-3
35.000000E+0	1.000000E+0	-2.090889E+0	15.203381E+0	389.463933E-3	373.548299E-3
35.100000E+0	1.000000E+0	-2.087930E+0	15.238082E+0	390.549929E-3	374.335677E-3
35.200000E+0	1.000000E+0	-2.086112E+0	15.274477E+0	391.127498E-3	375.726253E-3
35.300000E+0	1.000000E+0	-2.081272E+0	15.317535E+0	392.563374E-3	376.729995E-3
35.400000E+0	1.000000E+0	-2.079254E+0	15.379298E+0	393.394263E-3	377.972156E-3
35.500000E+0	1.000000E+0	-2.076384E+0	15.414190E+0	394.803317E-3	379.080803E-3
35.600000E+0	1.000000E+0	-2.071637E+0	15.446603E+0	395.787390E-3	379.898579E-3
35.700000E+0	1.000000E+0	-2.070695E+0	15.488613E+0	396.757158E-3	380.982191E-3
35.800000E+0	1.000000E+0	-2.068469E+0	15.522790E+0	397.741826E-3	382.044346E-3
35.900000E+0	1.000000E+0	-2.065271E+0	15.566015E+0	398.727687E-3	382.719667E-3
36.000000E+0	1.000000E+0	-2.060610E+0	15.603733E+0	399.668249E-3	383.904011E-3
36.100000E+0	1.000000E+0	-2.057382E+0	15.657103E+0	401.163729E-3	384.952457E-3
36.200000E+0	1.000000E+0	-2.055639E+0	15.688074E+0	402.030381E-3	386.037857E-3
36.300000E+0	1.000000E+0	-2.051488E+0	15.718281E+0	402.990016E-3	386.794836E-3
36.400000E+0	1.000000E+0	-2.049992E+0	15.769219E+0	403.984221E-3	388.061435E-3
36.500000E+0	1.000000E+0	-2.044979E+0	15.813494E+0	405.324134E-3	389.131935E-3
36.600000E+0	1.000000E+0	-2.042377E+0	15.856910E+0	406.269464E-3	390.428932E-3
36.700000E+0	1.000000E+0	-2.039349E+0	15.896010E+0	407.924089E-3	391.693743E-3
36.800000E+0	1.000000E+0	-2.035630E+0	15.947604E+0	408.600005E-3	392.358931E-3
36.900000E+0	1.000000E+0	-2.034009E+0	15.983856E+0	409.776005E-3	393.385919E-3
37.000000E+0	1.000000E+0	-2.029747E+0	16.024578E+0	410.895380E-3	394.349130E-3
37.100000E+0	1.000000E+0	-2.027816E+0	16.083097E+0	411.933097E-3	395.519169E-3
37.200000E+0	1.000000E+0	-2.023956E+0	16.106701E+0	412.904057E-3	396.611722E-3
37.300000E+0	1.000000E+0	-2.023229E+0	16.136134E+0	413.992438E-3	397.544535E-3
37.400000E+0	1.000000E+0	-2.018678E+0	16.203964E+0	415.141020E-3	398.888620E-3
37.500000E+0	1.000000E+0	-2.015871E+0	16.234052E+0	416.048798E-3	399.471553E-3
37.600000E+0	1.000000E+0	-2.013883E+0	16.258812E+0	416.946444E-3	400.487813E-3
37.700000E+0	1.000000E+0	-2.010950E+0	16.313970E+0	418.235693E-3	401.732358E-3
37.800000E+0	1.000000E+0	-2.006680E+0	16.360760E+0	419.454012E-3	402.898821E-3
37.900000E+0	1.000000E+0	-2.004427E+0	16.385412E+0	420.157943E-3	403.835210E-3
38.000000E+0	1.000000E+0	-2.002052E+0	16.440189E+0	421.013866E-3	404.732856E-3
38.100000E+0	1.000000E+0	-1.997250E+0	16.484749E+0	422.338281E-3	406.030449E-3
38.200000E+0	1.000000E+0	-1.995155E+0	16.516280E+0	423.560176E-3	407.070550E-3
38.300000E+0	1.000000E+0	-1.993808E+0	16.550970E+0	424.422656E-3	407.866868E-3
38.400000E+0	1.000000E+0	-1.989782E+0	16.601181E+0	425.750647E-3	408.850345E-3
38.500000E+0	1.000000E+0	-1.986665E+0	16.635907E+0	426.381264E-3	409.787926E-3
38.600000E+0	1.000000E+0	-1.983339E+0	16.667914E+0	427.896415E-3	410.876903E-3
38.700000E+0	1.000000E+0	-1.981410E+0	16.713786E+0	428.897773E-3	411.957535E-3
38.800000E+0	1.000000E+0	-1.977411E+0	16.769183E+0	430.151855E-3	413.067374E-3
38.900000E+0	1.000000E+0	-1.973981E+0	16.812479E+0	431.097780E-3	414.055023E-3
39.000000E+0	1.000000E+0	-1.970953E+0	16.847825E+0	432.289277E-3	415.263805E-3
39.100000E+0	1.000000E+0	-1.968089E+0	16.900527E+0	433.185731E-3	416.315827E-3
39.200000E+0	1.000000E+0	-1.964799E+0	16.939306E+0	434.171592E-3	417.350564E-3
39.300000E+0	1.000000E+0	-1.963094E+0	16.975367E+0	435.528194E-3	418.832932E-3
39.400000E+0	1.000000E+0	-1.960519E+0	17.018032E+0	436.496770E-3	419.454608E-3
39.500000E+0	1.000000E+0	-1.956970E+0	17.056012E+0	437.510049E-3	420.472656E-3
39.600000E+0	1.000000E+0	-1.952687E+0	17.078018E+0	438.444649E-3	421.173606E-3
39.700000E+0	1.000000E+0	-1.951036E+0	17.120087E+0	439.292824E-3	422.433649E-3
39.800000E+0	1.000000E+0	-1.948285E+0	17.177260E+0	440.302526E-3	423.685942E-3
39.900000E+0	1.000000E+0	-1.944262E+0	17.206967E+0	441.761648E-3	424.626504E-3
40.000000E+0	1.000000E+0	-1.941630E+0	17.253101E+0	442.809498E-3	425.727998E-3
40.100000E+0	1.000000E+0	-1.938975E+0	17.319095E+0	443.980133E-3	426.802073E-3
40.200000E+0	1.000000E+0	-1.936042E+0	17.337990E+0	445.017850E-3	427.656208E-3
40.300000E+0	1.000000E+0	-1.933506E+0	17.368686E+0	445.745027E-3	428.751145E-3
40.400000E+0	1.000000E+0	-1.930138E+0	17.430854E+0	446.872747E-3	429.652368E-3
40.500000E+0	1.000000E+0	-1.925623E+0	17.470419E+0	448.172128E-3	431.062018E-3
40.600000E+0	1.000000E+0	-1.924020E+0	17.497075E+0	449.312365E-3	431.980525E-3
40.700000E+0	1.000000E+0	-1.921296E+0	17.548215E+0	450.322068E-3	433.020030E-3
40.800000E+0	1.000000E+0	-1.918691E+0	17.585349E+0	451.136864E-3	433.673297E-3
40.900000E+0	1.000000E+0	-1.915255E+0	17.617500E+0	452.051199E-3	434.715783E-3
41.000000E+0	1.000000E+0	-1.912755E+0	17.651343E+0	453.216470E-3	435.648595E-3
41.100000E+0	1.000000E+0	-1.908734E+0	17.710638E+0	454.242266E-3	436.769163E-3
41.200000E+0	1.000000E+0	-1.906475E+0	17.741966E+0	455.473698E-3	437.812244E-3
41.300000E+0	1.000000E+0	-1.902956E+0	17.784214E+0	456.813014E-3	438.980495E-3
41.400000E+0	1.000000E+0	-1.899910E+0	17.827475E+0	458.073653E-3	440.497434E-3
41.500000E+0	1.000000E+0	-1.896742E+0	17.879057E+0	459.218062E-3	441.439783E-3
41.600000E+0	1.000000E+0	-1.893827E+0	17.917764E+0	460.357703E-3	442.530548E-3
41.700000E+0	1.000000E+0	-1.890951E+0	17.965961E+0	461.186207E-3	443.639791E-3
41.800000E+0	1.000000E+0	-1.887864E+0	18.014896E+0	462.509431E-3	444.824731E-3
41.900000E+0	1.000000E+0	-1.884711E+0	18.037188E+0	463.144220E-3	445.697343E-3
42.000000E+0	1.000000E+0	-1.882678E+0	18.080592E+0	464.330353E-3	446.419156E-3
42.100000E+0	1.000000E+0	-1.880363E+0	18.119574E+0	464.964546E-3	447.464025E-3
42.200000E+0	1.000000E+0	-1.875579E+0	18.168247E+0	466.419496E-3	448.523200E-3
42.300000E+0	1.000000E+0	-1.872990E+0	18.200362E+0	467.472114E-3	449.631250E-3
42.400000E+0	1.000000E+0	-1.868662E+0	18.240499E+0	468.441881E-3	450.747645E-3
42.500000E+0	1.000000E+0	-1.865977E+0	18.297541E+0	469.651856E-3	451.633966E-3
42.600000E+0	1.000000E+0	-1.864055E+0	18.334579E+0	470.761098E-3	452.859438E-3
42.700000E+0	1.000000E+0	-1.861772E+0	18.370342E+0	471.959152E-3	454.046763E-3
42.800000E+0	1.000000E+0	-1.857546E+0	18.416607E+0	472.862162E-3	454.909838E-3
42.900000E+0	1.000000E+0	-1.854345E+0	18.452322E+0	473.824777E-3	455.861128E-3
43.000000E+0	1.000000E+0	-1.852682E+0	18.487287E+0	475.006738E-3	456.925071E-3
43.100000E+0	1.000000E+0	-1.848036E+0	18.540442E+0	476.069488E-3	457.783974E-3
43.200000E+0	1.000000E+0	-1.844478E+0	18.577325E+0	476.785340E-3	459.119714E-3
43.300000E+0	1.000000E+0	-1.842800E+0	18.613183E+0	478.330293E-3	460.202135E-3
43.400000E+0	1.000000E+0	-1.839340E+0	18.674481E+0	479.486623E-3	461.292304E-3
43.500000E+0	1.000000E+0	-1.837078E+0	18.720055E+0	480.404535E-3	462.291874E-3
43.600000E+0	1.000000E+0	-1.833147E+0	18.741345E+0	481.511393E-3	463.346280E-3
43.700000E+0	1.000000E+0	-1.830789E+0	18.787229E+0	482.580700E-3	464.230813E-3
43.800000E+0	1.000000E+0	-1.825652E+0	18.830192E+0	483.841935E-3	465.457477E-3
43.900000E+0	1.000000E+0	-1.824412E+0	18.864954E+0	484.871903E-3	466.520228E-3
44.000000E+0	1.000000E+0	-1.821318E+0	18.911195E+0	486.151615E-3	467.609205E-3
44.100000E+0	1.000000E+0	-1.818401E+0	18.960071E+0	487.111846E-3	468.637981E-3
44.200000E+0	1.000000E+0	-1.815233E+0	18.992686E+0	487.906972E-3	469.415821E-3
44.300000E+0	1.000000E+0	-1.814142E+0	19.040155E+0	489.200393E-3	470.471420E-3
44.400000E+0	1.000000E+0	-1.809207E+0	19.088113E+0	490.445534E-3	471.947827E-3
44.500000E+0	1.000000E+0	-1.807433E+0	19.115472E+0	491.071383E-3	472.859182E-3
44.600000E+0	1.000000E+0	-1.802757E+0	19.156682E+0	492.445270E-3	473.796763E-3
44.700000E+0	1.000000E+0	-1.799908E+0	19.193923E+0	493.183771E-3	474.874415E-3
44.800000E+0	1.000000E+0	-1.797444E+0	19.237006E+0	494.571964E-3	475.794115E-3
44.900000E+0	1.000000E+0	-1.794770E+0	19.278121E+0	495.471398E-3	476.776400E-3
45.000000E+0	1.000000E+0	-1.790833E+0	19.327974E+0	496.522228E-3	478.245654E-3
45.100000E+0	1.000000E+0	-1.787502E+0	19.368279E+0	497.965853E-3	479.122439E-3
45.200000E+0	1.000000E+0	-1.785320E+0	19.418943E+0	499.122183E-3	480.213204E-3
45.300000E+0	1.000000E+0	-1.782829E+0	19.446301E+0	499.759356E-3	481.292644E-3
45.400000E+0	1.000000E+0	-1.779217E+0	19.489086E+0	501.160662E-3	482.098499E-3
45.500000E+0	1.000000E+0	-1.776615E+0	19.533420E+0	501.740019E-3	483.182111E-3
45.600000E+0	1.000000E+0	-1.774153E+0	19.566357E+0	503.004234E-3	484.163204E-3
45.700000E+0	1.000000E+0	-1.769823E+0	19.619882E+0	504.231493E-3	485.586563E-3
45.800000E+0	1.000000E+0	-1.769134E+0	19.660091E+0	505.204241E-3	486.481229E-3
45.900000E+0	1.000000E+0	-1.763833E+0	19.692564E+0	506.170433E-3	487.320462E-3
46.000000E+0	1.000000E+0	-1.761857E+0	19.738555E+0	507.639091E-3	488.455335E-3
46.100000E+0	1.000000E+0	-1.758689E+0	19.782305E+0	508.401435E-3	489.632526E-3
46.200000E+0	1.000000E+0	-1.754239E+0	19.812822E+0	509.364646E-3	490.608255E-3
46.300000E+0	1.000000E+0	-1.752225E+0	19.846225E+0	510.121625E-3	491.433183E-3
46.400000E+0	1.000000E+0	-1.749685E+0	19.903624E+0	511.499684E-3	492.556135E-3
46.500000E+0	1.000000E+0	-1.747012E+0	19.932365E+0	512.205403E-3	493.382851E-3
46.600000E+0	1.000000E+0	-1.743710E+0	19.966185E+0	513.949435E-3	494.481961E-3
46.700000E+0	1.000000E+0	-1.739725E+0	20.014524E+0	514.532965E-3	495.744387E-3
46.800000E+0	1.000000E+0	-1.737365E+0	20.064390E+0	516.251367E-3	496.625940E-3
46.900000E+0	1.000000E+0	-1.733804E+0	20.110273E+0	517.246169E-3	497.792403E-3
47.000000E+0	1.000000E+0	-1.730055E+0	20.156789E+0	518.388194E-3	499.241392E-3
47.100000E+0	1.000000E+0	-1.729774E+0	20.188427E+0	519.204777E-3	500.130693E-3
47.200000E+0	1.000000E+0	-1.725832E+0	20.220518E+0	520.098847E-3	500.962774E-3
47.300000E+0	1.000000E+0	-1.721832E+0	20.261633E+0	521.255177E-3	501.977841E-3
47.400000E+0	1.000000E+0	-1.719567E+0	20.311987E+0	522.027653E-3	502.904694E-3
47.500000E+0	1.000000E+0	-1.717865E+0	20.341933E+0	523.424786E-3	504.061024E-3
47.600000E+0	1.000000E+0	-1.712295E+0	20.387614E+0	524.625820E-3	505.161922E-3
47.700000E+0	1.000000E+0	-1.710016E+0	20.428395E+0	525.292200E-3	506.141822E-3
47.800000E+0	1.000000E+0	-1.707023E+0	20.476699E+0	526.775760E-3	507.262390E-3
47.900000E+0	1.000000E+0	-1.704595E+0	20.517993E+0	527.390880E-3	508.379977E-3
48.000000E+0	1.000000E+0	-1.701376E+0	20.558190E+0	528.823180E-3	509.207885E-3
48.100000E+0	1.000000E+0	-1.698527E+0	20.589817E+0	529.590887E-3	510.515015E-3
48.200000E+0	1.000000E+0	-1.694369E+0	20.639694E+0	530.931396E-3	511.238020E-3
48.300000E+0	1.000000E+0	-1.692858E+0	20.683253E+0	532.271905E-3	512.814563E-3
48.400000E+0	1.000000E+0	-1.688916E+0	20.723641E+0	533.534927E-3	513.529223E-3
48.500000E+0	1.000000E+0	-1.686460E+0	20.770037E+0	534.178657E-3	514.726680E-3
48.600000E+0	1.000000E+0	-1.683500E+0	20.802045E+0	535.346312E-3	515.336436E-3
48.700000E+0	1.000000E+0	-1.680493E+0	20.836890E+0	536.378069E-3	516.557139E-3
48.800000E+0	1.000000E+0	-1.677027E+0	20.889688E+0	537.341876E-3	517.393988E-3
48.900000E+0	1.000000E+0	-1.673928E+0	20.908511E+0	538.414760E-3	518.371504E-3
49.000000E+0	1.000000E+0	-1.669663E+0	20.961857E+0	539.550228E-3	519.909304E-3
49.100000E+0	1.000000E+0	-1.669142E+0	21.010292E+0	540.466352E-3	520.682377E-3
49.200000E+0	1.000000E+0	-1.665670E+0	21.047044E+0	541.670962E-3	521.634859E-3
49.300000E+0	1.000000E+0	-1.661599E+0	21.079838E+0	542.775436E-3	522.818607E-3
49.400000E+0	1.000000E+0	-1.658997E+0	21.140933E+0	543.795272E-3	524.017853E-3
49.500000E+0	1.000000E+0	-1.654622E+0	21.182120E+0	544.900342E-3	525.245112E-3
49.600000E+0	1.000000E+0	-1.652324E+0	21.211934E+0	546.046539E-3	526.083154E-3
49.700000E+0	1.000000E+0	-1.649272E+0	21.251059E+0	547.033592E-3	527.032656E-3
49.800000E+0	1.000000E+0	-1.646367E+0	21.282148E+0	547.629639E-3	528.318328E-3
49.900000E+0	1.000000E+0	-1.645222E+0	21.312034E+0	548.816367E-3	529.014511E-3
50.000000E+0	1.000000E+0	-1.642579E+0	21.358573E+0	549.652620E-3	529.613537E-3
50.100000E+0	1.000000E+0	-1.637924E+0	21.412885E+0	551.044985E-3	530.993385E-3
50.200000E+0	1.000000E+0	-1.635379E+0	21.449041E+0	552.135154E-3	532.010240E-3
50.300000E+0	1.000000E+0	-1.633000E+0	21.495783E+0	553.436324E-3	533.405585E-3
50.400000E+0	1.000000E+0	-1.630116E+0	21.535659E+0	554.034158E-3	534.277005E-3
50.500000E+0	1.000000E+0	-1.625359E+0	21.579540E+0	555.428907E-3	535.191936E-3
50.600000E+0	1.000000E+0	-1.622307E+0	21.616650E+0	556.690141E-3	536.328001E-3
50.700000E+0	1.000000E+0	-1.621884E+0	21.656418E+0	557.593748E-3	537.148161E-3
50.800000E+0	1.000000E+0	-1.617715E+0	21.705568E+0	558.755442E-3	538.288398E-3
50.900000E+0	1.000000E+0	-1.614645E+0	21.740746E+0	559.745476E-3	539.269490E-3
51.000000E+0	1.000000E+0	-1.611957E+0	21.779931E+0	560.890481E-3	540.676756E-3
51.100000E+0	1.000000E+0	-1.606920E+0	21.820617E+0	561.872170E-3	541.448040E-3
51.200000E+0	1.000000E+0	-1.603746E+0	21.860898E+0	562.630937E-3	542.584105E-3
51.300000E+0	1.000000E+0	-1.602143E+0	21.902800E+0	564.158008E-3	543.845935E-3
51.400000E+0	1.000000E+0	-1.599604E+0	21.941769E+0	564.972207E-3	544.295355E-3
51.500000E+0	1.000000E+0	-1.595423E+0	21.979678E+0	565.996215E-3	545.421286E-3
51.600000E+0	1.000000E+0	-1.592839E+0	22.013187E+0	567.371295E-3	546.528145E-3
51.700000E+0	1.000000E+0	-1.591122E+0	22.065210E+0	568.299339E-3	547.809049E-3
51.800000E+0	1.000000E+0	-1.587313E+0	22.108841E+0	569.443748E-3	548.482581E-3
51.900000E+0	1.000000E+0	-1.585063E+0	22.142911E+0	570.290730E-3	549.536987E-3
52.000000E+0	1.000000E+0	-1.581559E+0	22.183764E+0	571.413682E-3	550.983592E-3
52.100000E+0	1.000000E+0	-1.579985E+0	22.237086E+0	572.638557E-3	551.922365E-3
52.200000E+0	1.000000E+0	-1.573887E+0	22.264850E+0	573.474811E-3	552.822992E-3
52.300000E+0	1.000000E+0	-1.572293E+0	22.297931E+0	574.437426E-3	553.731963E-3
52.400000E+0	1.000000E+0	-1.568523E+0	22.357440E+0	575.829790E-3	555.118367E-3
52.500000E+0	1.000000E+0	-1.566848E+0	22.391200E+0	576.937245E-3	556.021377E-3
52.600000E+0	1.000000E+0	-1.563427E+0	22.426200E+0	577.564882E-3	557.284996E-3
52.700000E+0	1.000000E+0	-1.560789E+0	22.468948E+0	578.905986E-3	557.770774E-3
52.800000E+0	1.000000E+0	-1.557708E+0	22.518682E+0	579.902576E-3	559.073731E-3
52.900000E+0	1.000000E+0	-1.553312E+0	22.557843E+0	581.241297E-3	560.473248E-3
53.000000E+0	1.000000E+0	-1.551613E+0	22.593212E+0	582.045959E-3	561.044261E-3
53.100000E+0	1.000000E+0	-1.548213E+0	22.633553E+0	582.846450E-3	562.129662E-3
53.200000E+0	1.000000E+0	-1.543883E+0	22.667241E+0	584.128546E-3	563.077376E-3
53.300000E+0	1.000000E+0	-1.541355E+0	22.700524E+0	585.219311E-3	563.954756E-3
53.400000E+0	1.000000E+0	-1.538420E+0	22.757769E+0	586.059736E-3	565.338776E-3
53.500000E+0	1.000000E+0	-1.537037E+0	22.799265E+0	587.331700E-3	566.265032E-3
53.600000E+0	1.000000E+0	-1.534396E+0	22.840488E+0	588.174509E-3	567.436264E-3
53.700000E+0	1.000000E+0	-1.530215E+0	22.879446E+0	589.727210E-3	568.614052E-3
53.800000E+0	1.000000E+0	-1.526970E+0	22.915959E+0	590.214777E-3	569.242285E-3
53.900000E+0	1.000000E+0	-1.524311E+0	22.953141E+0	591.674494E-3	570.268081E-3
54.000000E+0	1.000000E+0	-1.520821E+0	22.982562E+0	592.480349E-3	571.418450E-3
54.100000E+0	1.000000E+0	-1.518664E+0	23.032272E+0	593.532371E-3	572.425769E-3
54.200000E+0	1.000000E+0	-1.514807E+0	23.082435E+0	594.604063E-3	573.529051E-3
54.300000E+0	1.000000E+0	-1.511928E+0	23.111880E+0	596.186566E-3	574.577497E-3
54.400000E+0	1.000000E+0	-1.509360E+0	23.159838E+0	596.760559E-3	575.881050E-3
54.500000E+0	1.000000E+0	-1.505882E+0	23.198307E+0	597.952056E-3	576.527165E-3
54.600000E+0	1.000000E+0	-1.504645E+0	23.239100E+0	599.134016E-3	577.682303E-3
54.700000E+0	1.000000E+0	-1.498374E+0	23.273873E+0	600.190211E-3	578.900622E-3
54.800000E+0	1.000000E+0	-1.496840E+0	23.332810E+0	601.035405E-3	579.725550E-3
54.900000E+0	1.000000E+0	-1.494387E+0	23.356593E+0	602.166105E-3	580.977844E-3
55.000000E+0	1.000000E+0	-1.491141E+0	23.394406E+0	603.447009E-3	581.954168E-3
55.100000E+0	1.000000E+0	-1.488176E+0	23.448253E+0	604.331542E-3	582.973408E-3
55.200000E+0	1.000000E+0	-1.485014E+0	23.490024E+0	605.716754E-3	583.910393E-3
55.300000E+0	1.000000E+0	-1.482713E+0	23.526859E+0	606.450487E-3	585.033344E-3
55.400000E+0	1.000000E+0	-1.479787E+0	23.576701E+0	607.789207E-3	586.098479E-3
55.500000E+0	1.000000E+0	-1.477078E+0	23.619401E+0	608.747054E-3	586.942481E-3
55.600000E+0	1.000000E+0	-1.472023E+0	23.639464E+0	609.385420E-3	588.015961E-3
55.700000E+0	1.000000E+0	-1.469645E+0	23.681140E+0	610.610892E-3	588.956522E-3
55.800000E+0	1.000000E+0	-1.467004E+0	23.729515E+0	611.556221E-3	590.292263E-3
55.900000E+0	1.000000E+0	-1.465222E+0	23.761296E+0	612.402011E-3	591.365146E-3
56.000000E+0	1.000000E+0	-1.461071E+0	23.807621E+0	614.058424E-3	591.906356E-3
56.100000E+0	1.000000E+0	-1.458803E+0	23.852158E+0	614.793946E-3	593.256402E-3
56.200000E+0	1.000000E+0	-1.454896E+0	23.883426E+0	615.561654E-3	594.186830E-3
56.300000E+0	1.000000E+0	-1.452360E+0	23.926365E+0	617.047598E-3	595.149445E-3
56.400000E+0	1.000000E+0	-1.448429E+0	23.970926E+0	618.267705E-3	596.463728E-3
56.500000E+0	1.000000E+0	-1.446921E+0	24.003124E+0	619.074752E-3	597.067523E-3
56.600000E+0	1.000000E+0	-1.442412E+0	24.041116E+0	620.088627E-3	598.280478E-3
56.700000E+0	1.000000E+0	-1.441211E+0	24.087822E+0	621.053626E-3	599.267531E-3
56.800000E+0	1.000000E+0	-1.436770E+0	24.122214E+0	622.343471E-3	600.317169E-3
56.900000E+0	1.000000E+0	-1.433569E+0	24.169493E+0	623.343041E-3	601.426411E-3
57.000000E+0	1.000000E+0	-1.430431E+0	24.209642E+0	624.392679E-3	602.361012E-3
57.100000E+0	1.000000E+0	-1.427862E+0	24.253047E+0	625.476291E-3	603.591848E-3
57.200000E+0	1.000000E+0	-1.424760E+0	24.306810E+0	626.686266E-3	605.012823E-3
57.300000E+0	1.000000E+0	-1.420832E+0	24.330533E+0	627.886107E-3	606.038619E-3
57.400000E+0	1.000000E+0	-1.419187E+0	24.368680E+0	628.639510E-3	606.402803E-3
57.500000E+0	1.000000E+0	-1.417273E+0	24.418032E+0	629.808953E-3	607.717682E-3
57.600000E+0	1.000000E+0	-1.412636E+0	24.448597E+0	630.668452E-3	609.189321E-3
57.700000E+0	1.000000E+0	-1.410610E+0	24.492753E+0	631.808689E-3	609.763909E-3
57.800000E+0	1.000000E+0	-1.406097E+0	24.538410E+0	632.807067E-3	610.441614E-3
57.900000E+0	1.000000E+0	-1.404268E+0	24.575555E+0	634.106448E-3	611.723114E-3
58.000000E+0	1.000000E+0	-1.400724E+0	24.612045E+0	635.126880E-3	613.179256E-3
58.100000E+0	1.000000E+0	-1.398030E+0	24.661148E+0	636.037043E-3	613.888551E-3
58.200000E+0	1.000000E+0	-1.394364E+0	24.686062E+0	636.932305E-3	614.578177E-3
58.300000E+0	1.000000E+0	-1.392332E+0	24.723089E+0	638.139895E-3	615.629603E-3
58.400000E+0	1.000000E+0	-1.389647E+0	24.770248E+0	638.867668E-3	616.680433E-3
58.500000E+0	1.000000E+0	-1.384935E+0	24.818945E+0	640.355996E-3	618.004252E-3
58.600000E+0	1.000000E+0	-1.382548E+0	24.853766E+0	641.505770E-3	619.148066E-3
58.700000E+0	1.000000E+0	-1.380262E+0	24.898028E+0	642.316989E-3	619.807293E-3
58.800000E+0	1.000000E+0	-1.377910E+0	24.933422E+0	643.305830E-3	621.107866E-3
58.900000E+0	1.000000E+0	-1.372749E+0	24.968934E+0	644.903831E-3	621.975114E-3
59.000000E+0	1.000000E+0	-1.371464E+0	25.007665E+0	645.662002E-3	622.565200E-3
59.100000E+0	1.000000E+0	-1.368177E+0	25.048172E+0	646.398119E-3	623.792460E-3
59.200000E+0	1.000000E+0	-1.365358E+0	25.077295E+0	647.059135E-3	624.633481E-3
59.300000E+0	1.000000E+0	-1.361138E+0	25.123703E+0	648.568324E-3	626.075318E-3
59.400000E+0	1.000000E+0	-1.359153E+0	25.174212E+0	649.588160E-3	627.109459E-3
59.500000E+0	1.000000E+0	-1.355827E+0	25.219548E+0	651.061587E-3	628.505995E-3
59.600000E+0	1.000000E+0	-1.352870E+0	25.256979E+0	651.911549E-3	629.303506E-3
59.700000E+0	1.000000E+0	-1.350573E+0	25.297725E+0	653.327160E-3	630.516460E-3
59.800000E+0	1.000000E+0	-1.346609E+0	25.338817E+0	654.165201E-3	631.428411E-3
59.900000E+0	1.000000E+0	-1.342663E+0	25.381804E+0	654.902511E-3	632.802299E-3
60.000000E+0	1.000000E+0	-1.339939E+0	25.409615E+0	656.320505E-3	633.314303E-3
60.100000E+0	1.000000E+0	-1.338118E+0	25.445080E+0	656.865888E-3	634.257248E-3
60.200000E+0	1.000000E+0	-1.335722E+0	25.485218E+0	657.510214E-3	635.178140E-3
60.300000E+0	1.000000E+0	-1.330036E+0	25.527060E+0	659.059935E-3	636.047176E-3
60.400000E+0	1.000000E+0	-1.328388E+0	25.572300E+0	659.920626E-3	637.520007E-3
60.500000E+0	1.000000E+0	-1.326180E+0	25.615096E+0	661.264115E-3	638.487390E-3
60.600000E+0	1.000000E+0	-1.323506E+0	25.652277E+0	662.346535E-3	639.540008E-3
60.700000E+0	1.000000E+0	-1.319820E+0	25.696409E+0	663.476043E-3	640.701107E-3
60.800000E+0	1.000000E+0	-1.318282E+0	25.736463E+0	664.412432E-3	641.265563E-3
60.900000E+0	1.000000E+0	-1.313803E+0	25.772691E+0	665.360742E-3	642.920784E-3
61.000000E+0	1.000000E+0	-1.312715E+0	25.804675E+0	666.502767E-3	643.400005E-3
61.100000E+0	1.000000E+0	-1.308739E+0	25.861108E+0	667.547637E-3	644.788794E-3
61.200000E+0	1.000000E+0	-1.305345E+0	25.888884E+0	668.423229E-3	645.583324E-3
61.300000E+0	1.000000E+0	-1.303360E+0	25.926006E+0	669.835859E-3	646.620445E-3
61.400000E+0	1.000000E+0	-1.298347E+0	25.975513E+0	671.058947E-3	647.887043E-3
61.500000E+0	1.000000E+0	-1.295629E+0	26.019096E+0	671.913678E-3	648.615412E-3
61.600000E+0	1.000000E+0	-1.291734E+0	26.045048E+0	672.710592E-3	649.516634E-3
61.700000E+0	1.000000E+0	-1.291087E+0	26.087439E+0	673.638636E-3	650.548391E-3
61.800000E+0	1.000000E+0	-1.286185E+0	26.121795E+0	674.473697E-3	651.280336E-3
61.900000E+0	1.000000E+0	-1.284274E+0	26.160872E+0	675.880963E-3	652.843170E-3
62.000000E+0	1.000000E+0	-1.280299E+0	26.220429E+0	677.200014E-3	653.699689E-3
62.100000E+0	1.000000E+0	-1.277697E+0	26.251829E+0	678.008849E-3	654.603891E-3
62.200000E+0	1.000000E+0	-1.274911E+0	26.290238E+0	679.306442E-3	655.887775E-3
62.300000E+0	1.000000E+0	-1.273319E+0	26.331711E+0	680.025870E-3	656.954103E-3
62.400000E+0	1.000000E+0	-1.269382E+0	26.375318E+0	681.321079E-3	657.937579E-3
62.500000E+0	1.000000E+0	-1.266032E+0	26.407444E+0	682.287271E-3	659.059935E-3
62.600000E+0	1.000000E+0	-1.262707E+0	26.448679E+0	683.116371E-3	659.850889E-3
62.700000E+0	1.000000E+0	-1.260433E+0	26.488829E+0	684.549863E-3	661.026292E-3
62.800000E+0	1.000000E+0	-1.257309E+0	26.526678E+0	685.010607E-3	661.724859E-3
62.900000E+0	1.000000E+0	-1.254636E+0	26.569378E+0	686.056669E-3	662.841254E-3
63.000000E+0	1.000000E+0	-1.251599E+0	26.599121E+0	687.770302E-3	664.304548E-3
63.100000E+0	1.000000E+0	-1.249266E+0	26.639521E+0	688.648875E-3	664.916092E-3
63.200000E+0	1.000000E+0	-1.244551E+0	26.687658E+0	689.717586E-3	666.000300E-3
63.300000E+0	1.000000E+0	-1.242188E+0	26.720059E+0	690.451916E-3	667.053514E-3
63.400000E+0	1.000000E+0	-1.239410E+0	26.767969E+0	691.623743E-3	668.039375E-3
63.500000E+0	1.000000E+0	-1.235324E+0	26.799560E+0	692.305620E-3	668.790394E-3
63.600000E+0	1.000000E+0	-1.233023E+0	26.833022E+0	693.377312E-3	669.951492E-3
63.700000E+0	1.000000E+0	-1.229495E+0	26.878762E+0	694.731530E-3	671.123320E-3
63.800000E+0	1.000000E+0	-1.227483E+0	26.933825E+0	695.629772E-3	672.204548E-3
63.900000E+0	1.000000E+0	-1.224309E+0	26.966059E+0	696.859415E-3	673.232728E-3
64.000000E+0	1.000000E+0	-1.222235E+0	27.005160E+0	698.012169E-3	674.287135E-3
64.100000E+0	1.000000E+0	-1.217175E+0	27.047420E+0	699.018296E-3	675.200278E-3
64.200000E+0	1.000000E+0	-1.213869E+0	27.083826E+0	700.156149E-3	676.279718E-3
64.300000E+0	1.000000E+0	-1.213753E+0	27.109134E+0	700.596031E-3	677.225048E-3
64.400000E+0	1.000000E+0	-1.208851E+0	27.150273E+0	701.894816E-3	678.201372E-3
64.500000E+0	1.000000E+0	-1.206315E+0	27.200234E+0	703.144130E-3	679.484660E-3
64.600000E+0	1.000000E+0	-1.203620E+0	27.240396E+0	704.420861E-3	680.435354E-3
64.700000E+0	1.000000E+0	-1.199213E+0	27.280509E+0	705.091414E-3	681.270415E-3
64.800000E+0	1.000000E+0	-1.194915E+0	27.320004E+0	706.420001E-3	682.373698E-3
64.900000E+0	1.000000E+0	-1.194936E+0	27.359676E+0	707.343277E-3	683.339293E-3
65.000000E+0	1.000000E+0	-1.191145E+0	27.404392E+0	708.313641E-3	684.586222E-3
65.100000E+0	1.000000E+0	-1.188880E+0	27.434921E+0	709.371624E-3	685.397441E-3
65.200000E+0	1.000000E+0	-1.184675E+0	27.469778E+0	710.267481E-3	686.424429E-3
65.300000E+0	1.000000E+0	-1.181126E+0	27.515435E+0	711.739716E-3	687.693412E-3
65.400000E+0	1.000000E+0	-1.178384E+0	27.558899E+0	712.270198E-3	688.527878E-3
65.500000E+0	1.000000E+0	-1.175678E+0	27.594173E+0	713.523087E-3	689.526852E-3
65.600000E+0	1.000000E+0	-1.172638E+0	27.640378E+0	714.735446E-3	690.475161E-3
65.700000E+0	1.000000E+0	-1.170421E+0	27.662933E+0	715.798793E-3	691.197570E-3
65.800000E+0	1.000000E+0	-1.166722E+0	27.710342E+0	716.561136E-3	692.772325E-3
65.900000E+0	1.000000E+0	-1.163894E+0	27.747333E+0	717.734156E-3	693.511422E-3
66.000000E+0	1.000000E+0	-1.160413E+0	27.787197E+0	718.485770E-3	694.651063E-3
66.100000E+0	1.000000E+0	-1.158658E+0	27.825022E+0	719.772635E-3	695.722159E-3
66.200000E+0	1.000000E+0	-1.154482E+0	27.874267E+0	720.812736E-3	696.727689E-3
66.300000E+0	1.000000E+0	-1.151931E+0	27.914464E+0	721.891580E-3	697.497185E-3
66.400000E+0	1.000000E+0	-1.149243E+0	27.951276E+0	723.098574E-3	698.625501E-3
66.500000E+0	1.000000E+0	-1.145539E+0	27.993572E+0	723.735152E-3	699.825343E-3
66.600000E+0	1.000000E+0	-1.143202E+0	28.015876E+0	724.823533E-3	700.523313E-3
66.700000E+0	1.000000E+0	-1.140127E+0	28.064179E+0	725.839196E-3	701.550897E-3
66.800000E+0	1.000000E+0	-1.135710E+0	28.103828E+0	726.888834E-3	702.596959E-3
66.900000E+0	1.000000E+0	-1.133809E+0	28.127348E+0	727.616607E-3	703.408178E-3
67.000000E+0	1.000000E+0	-1.131320E+0	28.163397E+0	728.211461E-3	704.495367E-3
67.100000E+0	1.000000E+0	-1.128003E+0	28.218091E+0	729.866682E-3	705.182609E-3
67.200000E+0	1.000000E+0	-1.124826E+0	28.257346E+0	730.913340E-3	706.795511E-3
67.300000E+0	1.000000E+0	-1.121971E+0	28.290451E+0	731.988608E-3	707.657990E-3
67.400000E+0	1.000000E+0	-1.117876E+0	28.346145E+0	733.234345E-3	708.604512E-3
67.500000E+0	1.000000E+0	-1.115382E+0	28.382123E+0	734.451472E-3	710.072574E-3
67.600000E+0	1.000000E+0	-1.112556E+0	28.413939E+0	735.602438E-3	710.614977E-3
67.700000E+0	1.000000E+0	-1.108617E+0	28.463626E+0	736.178815E-3	712.035951E-3
67.800000E+0	1.000000E+0	-1.106778E+0	28.490472E+0	737.347662E-3	712.662396E-3
67.900000E+0	1.000000E+0	-1.104569E+0	28.520119E+0	738.098084E-3	713.276920E-3
68.000000E+0	1.000000E+0	-1.102445E+0	28.568161E+0	738.923013E-3	714.482722E-3
68.100000E+0	1.000000E+0	-1.099059E+0	28.602529E+0	740.164578E-3	715.256391E-3
68.200000E+0	1.000000E+0	-1.094681E+0	28.644574E+0	741.485417E-3	716.688690E-3
68.300000E+0	1.000000E+0	-1.093310E+0	28.693640E+0	742.563665E-3	717.830715E-3
68.400000E+0	1.000000E+0	-1.089865E+0	28.724694E+0	743.783176E-3	718.881545E-3
68.500000E+0	1.000000E+0	-1.086378E+0	28.758454E+0	744.534194E-3	719.865618E-3
68.600000E+0	2.000000E+0	-1.082787E+0	28.794396E+0	745.149314E-3	720.467029E-3
68.700000E+0	2.000000E+0	-1.083201E+0	28.789091E+0	745.161831E-3	720.246492E-3
68.800000E+0	2.000000E+0	-1.083264E+0	28.796518E+0	745.535553E-3	720.744787E-3
68.900000E+0	2.000000E+0	-1.109582E+0	28.399169E+0	735.603034E-3	710.775313E-3
69.000000E+0	2.000000E+0	-1.140559E+0	27.942669E+0	724.363385E-3	699.814614E-3
69.100000E+0	2.000000E+0	-1.173052E+0	27.447093E+0	711.900053E-3	687.533672E-3
69.200000E+0	2.000000E+0	-1.212281E+0	26.880395E+0	697.869714E-3	673.579628E-3
69.300000E+0	2.000000E+0	-1.252732E+0	26.276350E+0	683.369691E-3	658.823304E-3
69.400000E+0	2.000000E+0	-1.293847E+0	25.691938E+0	667.932683E-3	644.460372E-3
69.500000E+0	2.000000E+0	-1.335183E+0	25.101149E+0	652.921848E-3	629.590204E-3
69.600000E+0	2.000000E+0	-1.375893E+0	24.492812E+0	638.384274E-3	614.850570E-3
69.700000E+0	2.000000E+0	-1.415426E+0	23.906219E+0	623.462846E-3	600.367236E-3
69.800000E+0	2.000000E+0	-1.457453E+0	23.325455E+0	608.580161E-3	585.619258E-3
69.900000E+0	2.000000E+0	-1.497105E+0	22.718072E+0	593.838739E-3	571.345137E-3
70.000000E+0	2.000000E+0	-1.537937E+0	22.131073E+0	578.857707E-3	556.443974E-3
70.100000E+0	2.000000E+0	-1.580104E+0	21.551573E+0	563.719914E-3	541.928454E-3
70.200000E+0	2.000000E+0	-1.619878E+0	20.960295E+0	548.856898E-3	527.180475E-3
70.300000E+0	2.000000E+0	-1.660809E+0	20.366395E+0	534.206672E-3	512.803834E-3
70.400000E+0	2.000000E+0	-1.701850E+0	19.796550E+0	519.056958E-3	498.197119E-3
70.500000E+0	2.000000E+0	-1.743025E+0	19.207394E+0	504.420440E-3	483.499208E-3
70.600000E+0	2.000000E+0	-1.783726E+0	18.598235E+0	489.441792E-3	469.083227E-3
70.700000E+0	2.000000E+0	-1.824841E+0	18.031716E+0	474.692621E-3	454.550422E-3
70.800000E+0	2.000000E+0	-1.863706E+0	17.455959E+0	459.620989E-3	439.975297E-3
70.900000E+0	2.000000E+0	-1.904714E+0	16.856432E+0	445.078647E-3	425.401960E-3
71.000000E+0	2.000000E+0	-1.947847E+0	16.279018E+0	429.783498E-3	410.508546E-3
71.100000E+0	2.000000E+0	-1.985773E+0	15.704906E+0	414.845381E-3	396.245154E-3
71.200000E+0	2.000000E+0	-2.028209E+0	15.114987E+0	400.133761E-3	381.740362E-3
71.300000E+0	2.000000E+0	-2.068767E+0	14.532948E+0	385.449560E-3	367.491871E-3
71.400000E+0	2.000000E+0	-2.109346E+0	13.957858E+0	370.359450E-3	352.879195E-3
71.500000E+0	2.000000E+0	-2.151054E+0	13.375354E+0	355.513720E-3	338.344005E-3
71.600000E+0	2.000000E+0	-2.192336E+0	12.791932E+0	340.480236E-3	323.874380E-3
71.700000E+0	2.000000E+0	-2.233556E+0	12.217653E+0	326.293733E-3	309.464956E-3
71.800000E+0	2.000000E+0	-2.274987E+0	11.638916E+0	311.052824E-3	295.172357E-3
71.900000E+0	2.000000E+0	-2.313399E+0	11.053121E+0	296.273851E-3	280.174039E-3
72.000000E+0	2.000000E+0	-2.355909E+0	10.468996E+0	281.074070E-3	265.725276E-3
72.100000E+0	2.000000E+0	-2.398193E+0	9.899139E+0	265.837333E-3	251.555463E-3
72.200000E+0	2.000000E+0	-2.437860E+0	9.317088E+0	251.050612E-3	237.129946E-3
72.300000E+0	2.000000E+0	-2.479860E+0	8.725679E+0	236.145873E-3	222.550052E-3
72.400000E+0	2.000000E+0	-2.520978E+0	8.164251E+0	221.421736E-3	208.495872E-3
72.500000E+0	2.000000E+0	-2.560946E+0	7.578886E+0	206.301825E-3	193.775908E-3
72.600000E+0	2.000000E+0	-2.602115E+0	6.994581E+0	191.217080E-3	179.423108E-3
72.700000E+0	2.000000E+0	-2.644131E+0	6.424379E+0	176.587119E-3	165.289654E-3
72.800000E+0	2.000000E+0	-2.683505E+0	5.859101E+0	161.365284E-3	150.639427E-3
72.900000E+0	2.000000E+0	-2.726087E+0	5.270290E+0	146.408689E-3	136.326562E-3
73.000000E+0	2.000000E+0	-2.765697E+0	4.689312E+0	131.570707E-3	121.955881E-3
73.100000E+0	2.000000E+0	-2.808040E+0	4.132152E+0	116.658816E-3	107.872495E-3
73.200000E+0	2.000000E+0	-2.850336E+0	3.540647E+0	101.271280E-3	93.305714E-3
73.300000E+0	2.000000E+0	-2.890694E+0	2.950323E+0	86.280114E-3	78.861720E-3
73.400000E+0	2.000000E+0	-2.932629E+0	2.402616E+0	71.254974E-3	64.499383E-3
73.500000E+0	2.000000E+0	-2.972546E+0	1.821840E+0	56.179170E-3	50.578121E-3
73.600000E+0	2.000000E+0	-3.013292E+0	1.237524E+0	41.174296E-3	36.631826E-3
73.700000E+0	2.000000E+0	-3.055000E+0	680.756569E-3	26.568773E-3	22.467973E-3
73.800000E+0	2.000000E+0	-3.094614E+0	117.838383E-3	11.636020E-3	8.490086E-3
73.900000E+0	2.000000E+0	-3.103450E+0	-387.430191E-6	8.442999E-3	5.756021E-3
74.000000E+0	2.000000E+0	-3.104591E+0	6.794930E-3	7.904769E-3	5.404950E-3
74.100000E+0	2.000000E+0	-3.107151E+0	20.134449E-3	7.702113E-3	5.039573E-3
74.200000E+0	2.000000E+0	-3.107411E+0	5.698204E-3	7.396341E-3	4.783869E-3
74.300000E+0	2.000000E+0	-3.109527E+0	6.139278E-3	7.277132E-3	4.652143E-3
74.400000E+0	2.000000E+0	-3.108230E+0	7.772446E-3	6.999374E-3	4.373193E-3
74.500000E+0	2.000000E+0	-3.110468E+0	10.263920E-3	6.557107E-3	4.575849E-3
74.600000E+0	2.000000E+0	-3.110817E+0	-447.034836E-6	6.427169E-3	4.338622E-3
74.700000E+0	2.000000E+0	-3.110942E+0	5.316734E-3	6.675125E-3	4.279614E-3
74.800000E+0	2.000000E+0	-3.110972E+0	12.719631E-3	6.382466E-3	3.953576E-3
74.900000E+0	2.000000E+0	-3.112349E+0	12.612343E-3	6.207228E-3	3.967882E-3
75.000000E+0	2.000000E+0	-3.112802E+0	2.443790E-3	5.961061E-3	3.765226E-3
75.100000E+0	2.000000E+0	-3.112629E+0	9.763241E-3	5.775094E-3	3.823042E-3
75.200000E+0	2.000000E+0	-3.113303E+0	10.287762E-3	5.580783E-3	3.627539E-3
75.300000E+0	2.000000E+0	-3.114247E+0	2.670288E-3	5.545021E-3	3.575087E-3
75.400000E+0	2.000000E+0	-3.113216E+0	3.421307E-3	5.636812E-3	3.745556E-3
75.500000E+0	2.000000E+0	-3.113893E+0	13.983250E-3	5.756021E-3	3.565550E-3
75.600000E+0	2.000000E+0	-3.114080E+0	-1.728535E-3	5.183816E-3	3.496409E-3
75.700000E+0	2.000000E+0	-3.113571E+0	309.944153E-6	5.343557E-3	3.314615E-3
75.800000E+0	2.000000E+0	-3.115439E+0	10.287762E-3	5.410314E-3	3.209710E-3
75.900000E+0	2.000000E+0	-3.114519E+0	1.823902E-3	5.121828E-3	3.113151E-3
76.000000E+0	2.000000E+0	-3.115538E+0	-1.931190E-3	5.232096E-3	2.766252E-3
76.100000E+0	2.000000E+0	-3.115585E+0	7.593632E-3	5.374551E-3	3.085137E-3
76.200000E+0	2.000000E+0	-3.115562E+0	8.797646E-3	5.146265E-3	2.954006E-3
76.300000E+0	2.000000E+0	-3.116161E+0	-4.202127E-3	4.987717E-3	2.969504E-3
76.400000E+0	2.000000E+0	-3.116643E+0	7.688999E-3	5.084277E-3	2.984405E-3
76.500000E+0	2.000000E+0	-3.116271E+0	1.466274E-3	5.032421E-3	2.923608E-3
76.600000E+0	2.000000E+0	-3.118026E+0	-2.288818E-3	5.189777E-3	2.871752E-3
76.700000E+0	2.000000E+0	-3.116745E+0	3.743172E-3	5.022288E-3	2.776385E-3
76.800000E+0	2.000000E+0	-3.118357E+0	5.686283E-3	4.406572E-3	2.655387E-3
76.900000E+0	2.000000E+0	-3.116980E+0	-2.825260E-3	4.693270E-3	2.744198E-3
77.000000E+0	2.000000E+0	-3.117609E+0	0.000000E+0	4.777909E-3	2.582073E-3
77.100000E+0	2.000000E+0	-3.116566E+0	8.606911E-3	4.512072E-3	2.763272E-3
77.200000E+0	2.000000E+0	-3.118622E+0	3.623962E-3	4.408360E-3	2.655983E-3
77.300000E+0	2.000000E+0	-3.118384E+0	1.406670E-3	4.739762E-3	2.492666E-3
77.400000E+0	2.000000E+0	-3.116989E+0	-1.442432E-3	4.387498E-3	2.583266E-3
77.500000E+0	2.000000E+0	-3.118470E+0	1.144409E-3	4.206300E-3	2.744198E-3
77.600000E+0	2.000000E+0	-3.119189E+0	-65.565109E-6	4.604459E-3	2.409816E-3
77.700000E+0	2.000000E+0	-3.118873E+0	-1.865625E-3	4.072190E-3	2.591014E-3
77.800000E+0	2.000000E+0	-3.117874E+0	-1.013279E-3	4.188419E-3	2.577901E-3
77.900000E+0	2.000000E+0	-3.119248E+0	5.912781E-3	4.386902E-3	2.245903E-3
78.000000E+0	2.000000E+0	-3.119519E+0	405.311584E-6	4.119277E-3	2.363920E-3
78.100000E+0	2.000000E+0	-3.117925E+0	1.549721E-3	4.286766E-3	2.084971E-3
78.200000E+0	2.000000E+0	-3.120241E+0	1.323223E-3	3.947616E-3	2.576709E-3
78.300000E+0	2.000000E+0	-3.119746E+0	-5.173683E-3	3.777743E-3	2.206564E-3
78.400000E+0	3.000000E+0	-3.119016E+0	3.886223E-3	3.783107E-3	2.358556E-3
78.500000E+0	3.000000E+0	-3.119805E+0	12.505054E-3	4.155636E-3	2.461672E-3
78.600000E+0	3.000000E+0	-3.119403E+0	1.490116E-3	4.287958E-3	2.427101E-3
78.700000E+0	3.000000E+0	-3.119847E+0	2.944469E-3	4.123450E-3	2.387762E-3
78.800000E+0	3.000000E+0	-3.118545E+0	13.458729E-3	3.885627E-3	2.515912E-3
78.900000E+0	3.000000E+0	-3.116956E+0	36.907196E-3	4.730821E-3	3.254414E-3
79.000000E+0	3.000000E+0	-3.115398E+0	74.279308E-3	5.919934E-3	3.784299E-3
79.100000E+0	3.000000E+0	-3.112710E+0	133.967400E-3	6.664992E-3	4.780889E-3
79.200000E+0	3.000000E+0	-3.109458E+0	169.098377E-3	8.247495E-3	6.205440E-3
79.300000E+0	3.000000E+0	-3.105050E+0	204.205513E-3	9.203554E-3	7.389188E-3
79.400000E+0	3.000000E+0	-3.102347E+0	268.757343E-3	10.035039E-3	8.087755E-3
79.500000E+0	3.000000E+0	-3.100845E+0	309.967995E-3	11.747480E-3	9.556413E-3
79.600000E+0	3.000000E+0	-3.097975E+0	344.729424E-3	12.636782E-3	10.135771E-3
79.700000E+0	3.000000E+0	-3.093955E+0	393.879414E-3	13.637544E-3	11.411906E-3
79.800000E+0	3.000000E+0	-3.091106E+0	443.303585E-3	14.944674E-3	12.603999E-3
79.900000E+0	3.000000E+0	-3.087533E+0	492.382050E-3	16.469361E-3	13.684631E-3
80.000000E+0	3.000000E+0	-3.085101E+0	553.500652E-3	17.536880E-3	15.100242E-3
80.100000E+0	3.000000E+0	-3.081337E+0	590.670109E-3	18.370749E-3	16.065241E-3
80.200000E+0	3.000000E+0	-3.079808E+0	627.601147E-3	19.241573E-3	16.748907E-3
80.300000E+0	3.000000E+0	-3.076339E+0	673.902035E-3	20.256640E-3	17.892124E-3
80.400000E+0	3.000000E+0	-3.072760E+0	723.552704E-3	21.631719E-3	18.964411E-3
80.500000E+0	3.000000E+0	-3.069541E+0	761.723518E-3	22.420885E-3	20.073058E-3
80.600000E+0	3.000000E+0	-3.068268E+0	813.376904E-3	23.624303E-3	20.920040E-3
80.700000E+0	3.000000E+0	-3.063443E+0	860.798359E-3	25.298001E-3	22.372009E-3
80.800000E+0	3.000000E+0	-3.061882E+0	923.669338E-3	26.433470E-3	23.899080E-3
80.900000E+0	3.000000E+0	-3.058451E+0	960.099697E-3	27.494433E-3	24.436118E-3
81.000000E+0	3.000000E+0	-3.055507E+0	1.000404E+0	28.920176E-3	25.594237E-3
81.100000E+0	3.000000E+0	-3.053108E+0	1.054561E+0	30.172470E-3	26.969316E-3
81.200000E+0	3.000000E+0	-3.049129E+0	1.102662E+0	31.223896E-3	28.226974E-3
81.300000E+0	3.000000E+0	-3.045392E+0	1.133931E+0	32.065513E-3	29.036405E-3
81.400000E+0	3.000000E+0	-3.042543E+0	1.191282E+0	33.234360E-3	29.973986E-3
81.500000E+0	3.000000E+0	-3.040412E+0	1.236105E+0	34.332278E-3	31.191113E-3
81.600000E+0	3.000000E+0	-3.036782E+0	1.264036E+0	35.545233E-3	31.920078E-3
81.700000E+0	3.000000E+0	-3.033128E+0	1.322806E+0	36.593082E-3	33.196810E-3
81.800000E+0	3.000000E+0	-3.031346E+0	1.377857E+0	37.659410E-3	34.614804E-3
81.900000E+0	3.000000E+0	-3.029123E+0	1.406777E+0	38.606528E-3	35.211447E-3
82.000000E+0	3.000000E+0	-3.027090E+0	1.445866E+0	39.803985E-3	36.085847E-3
82.100000E+0	3.000000E+0	-3.022385E+0	1.510990E+0	40.717724E-3	37.460926E-3
82.200000E+0	3.000000E+0	-3.018138E+0	1.551819E+0	42.450431E-3	38.648251E-3
82.300000E+0	3.000000E+0	-3.014582E+0	1.587379E+0	43.337349E-3	39.847496E-3
82.400000E+0	3.000000E+0	-3.013587E+0	1.654577E+0	44.662360E-3	41.031841E-3
82.500000E+0	3.000000E+0	-3.010929E+0	1.707053E+0	45.772199E-3	42.445067E-3
82.600000E+0	3.000000E+0	-3.007877E+0	1.733208E+0	46.799783E-3	43.120984E-3
82.700000E+0	3.000000E+0	-3.003544E+0	1.777554E+0	47.979359E-3	43.638948E-3
82.800000E+0	3.000000E+0	-3.000724E+0	1.823568E+0	48.788194E-3	45.145754E-3
82.900000E+0	3.000000E+0	-2.998042E+0	1.849270E+0	49.908761E-3	46.113733E-3
83.000000E+0	3.000000E+0	-2.995211E+0	1.914763E+0	50.921444E-3	47.044162E-3
83.100000E+0	3.000000E+0	-2.992067E+0	1.958680E+0	52.632694E-3	48.302416E-3
83.200000E+0	3.000000E+0	-2.988362E+0	1.995873E+0	53.592329E-3	49.628023E-3
83.300000E+0	3.000000E+0	-2.986684E+0	2.052557E+0	54.527525E-3	50.390963E-3
83.400000E+0	3.000000E+0	-2.982909E+0	2.106333E+0	56.395535E-3	51.916246E-3
83.500000E+0	3.000000E+0	-2.979958E+0	2.144611E+0	57.019000E-3	52.905087E-3
83.600000E+0	3.000000E+0	-2.977648E+0	2.188909E+0	58.005457E-3	53.971414E-3
83.700000E+0	3.000000E+0	-2.973944E+0	2.236390E+0	59.255366E-3	54.895882E-3
83.800000E+0	3.000000E+0	-2.971381E+0	2.287662E+0	60.654883E-3	56.124334E-3
83.900000E+0	3.000000E+0	-2.968201E+0	2.334011E+0	61.591869E-3	57.228212E-3
84.000000E+0	3.000000E+0	-2.965021E+0	2.370608E+0	62.669521E-3	58.286791E-3
84.100000E+0	3.000000E+0	-2.961397E+0	2.413285E+0	63.918834E-3	59.248214E-3
84.200000E+0	3.000000E+0	-2.959508E+0	2.465487E+0	65.050726E-3	60.558920E-3
84.300000E+0	3.000000E+0	-2.956605E+0	2.502525E+0	66.202884E-3	61.234837E-3
84.400000E+0	3.000000E+0	-2.953866E+0	2.545941E+0	67.244774E-3	62.732702E-3
84.500000E+0	3.000000E+0	-2.951032E+0	2.599919E+0	68.584686E-3	63.766246E-3
84.600000E+0	3.000000E+0	-2.947584E+0	2.636600E+0	69.420939E-3	64.487462E-3
84.700000E+0	3.000000E+0	-2.944335E+0	2.692592E+0	70.971852E-3	66.009765E-3
84.800000E+0	3.000000E+0	-2.940998E+0	2.735376E+0	71.694261E-3	66.914564E-3
84.900000E+0	3.000000E+0	-2.939811E+0	2.770174E+0	72.610980E-3	67.909961E-3
85.000000E+0	3.000000E+0	-2.934954E+0	2.820659E+0	74.108845E-3	69.198018E-3
85.100000E+0	3.000000E+0	-2.930686E+0	2.870011E+0	75.137025E-3	70.079571E-3
85.200000E+0	3.000000E+0	-2.929646E+0	2.911174E+0	76.060301E-3	71.032649E-3
85.300000E+0	3.000000E+0	-2.925876E+0	2.947581E+0	77.573067E-3	72.096592E-3
85.400000E+0	3.000000E+0	-2.924776E+0	2.992213E+0	78.375942E-3	73.247558E-3
85.500000E+0	3.000000E+0	-2.919754E+0	3.036940E+0	79.987056E-3	74.607736E-3
85.600000E+0	3.000000E+0	-2.917483E+0	3.088391E+0	80.813772E-3	75.480348E-3
85.700000E+0	3.000000E+0	-2.913985E+0	3.144836E+0	82.104809E-3	76.582438E-3
85.800000E+0	3.000000E+0	-2.911797E+0	3.199005E+0	83.386905E-3	77.702409E-3
85.900000E+0	3.000000E+0	-2.908030E+0	3.231061E+0	84.779269E-3	79.134709E-3
86.000000E+0	3.000000E+0	-2.906227E+0	3.268528E+0	85.591681E-3	79.576976E-3
86.100000E+0	3.000000E+0	-2.902436E+0	3.321099E+0	86.560256E-3	81.009275E-3
86.200000E+0	3.000000E+0	-2.898169E+0	3.356838E+0	87.545521E-3	81.897981E-3
86.300000E+0	3.000000E+0	-2.895394E+0	3.402412E+0	88.681586E-3	83.161003E-3
86.400000E+0	3.000000E+0	-2.893075E+0	3.458738E+0	90.135939E-3	84.233887E-3
86.500000E+0	3.000000E+0	-2.889901E+0	3.497076E+0	91.486581E-3	85.558302E-3
86.600000E+0	3.000000E+0	-2.887082E+0	3.542435E+0	92.153557E-3	86.282499E-3
86.700000E+0	3.000000E+0	-2.883780E+0	3.584814E+0	93.271740E-3	87.547309E-3
86.800000E+0	3.000000E+0	-2.881327E+0	3.630757E+0	94.094880E-3	88.720329E-3
86.900000E+0	3.000000E+0	-2.878112E+0	3.675783E+0	95.326312E-3	89.758046E-3
87.000000E+0	3.000000E+0	-2.875215E+0	3.716063E+0	96.918948E-3	90.262301E-3
87.100000E+0	3.000000E+0	-2.872437E+0	3.764129E+0	97.463735E-3	91.637380E-3
87.200000E+0	3.000000E+0	-2.870077E+0	3.813100E+0	98.926433E-3	92.957623E-3
87.300000E+0	3.000000E+0	-2.865991E+0	3.841949E+0	99.999317E-3	94.013818E-3
87.400000E+0	3.000000E+0	-2.863431E+0	3.885269E+0	101.131805E-3	94.900139E-3
87.500000E+0	3.000000E+0	-2.859709E+0	3.936982E+0	102.218994E-3	95.976599E-3
87.600000E+0	3.000000E+0	-2.857608E+0	3.988791E+0	103.594669E-3	97.435721E-3
87.700000E+0	3.000000E+0	-2.854148E+0	4.031575E+0	104.785570E-3	98.404892E-3
87.800000E+0	3.000000E+0	-2.851912E+0	4.088080E+0	105.522283E-3	99.351414E-3
87.900000E+0	3.000000E+0	-2.848449E+0	4.123521E+0	107.104191E-3	100.525626E-3
88.000000E+0	3.000000E+0	-2.844065E+0	4.171944E+0	108.006009E-3	101.742753E-3
88.100000E+0	3.000000E+0	-2.840769E+0	4.222167E+0	109.673151E-3	102.613577E-3
88.200000E+0	3.000000E+0	-2.840129E+0	4.248583E+0	110.210189E-3	103.529104E-3
88.300000E+0	3.000000E+0	-2.837345E+0	4.289734E+0	111.245522E-3	104.640135E-3
88.400000E+0	3.000000E+0	-2.833208E+0	4.349208E+0	112.724313E-3	105.552682E-3
88.500000E+0	3.000000E+0	-2.830616E+0	4.395080E+0	113.630900E-3	106.648811E-3
88.600000E+0	3.000000E+0	-2.827379E+0	4.426277E+0	114.980349E-3	108.031639E-3
88.700000E+0	3.000000E+0	-2.823770E+0	4.477370E+0	116.212973E-3	109.021672E-3
88.800000E+0	3.000000E+0	-2.820680E+0	4.517162E+0	117.197046E-3	110.178599E-3
88.900000E+0	3.000000E+0	-2.817598E+0	4.566479E+0	118.528614E-3	111.472020E-3
89.000000E+0	3.000000E+0	-2.814922E+0	4.619098E+0	119.655738E-3	112.541327E-3
89.100000E+0	3.000000E+0	-2.810475E+0	4.663074E+0	120.540867E-3	113.666067E-3
89.200000E+0	3.000000E+0	-2.809030E+0	4.700279E+0	121.653090E-3	114.325294E-3
89.300000E+0	3.000000E+0	-2.805734E+0	4.743695E+0	123.212943E-3	115.621099E-3
89.400000E+0	3.000000E+0	-2.801952E+0	4.794300E+0	124.449740E-3	116.814980E-3
89.500000E+0	3.000000E+0	-2.798289E+0	4.840457E+0	125.262747E-3	117.883096E-3
89.600000E+0	3.000000E+0	-2.795944E+0	4.860640E+0	125.972639E-3	119.006047E-3
89.700000E+0	3.000000E+0	-2.794901E+0	4.920721E+0	127.121816E-3	119.755874E-3
89.800000E+0	3.000000E+0	-2.790439E+0	4.970443E+0	128.418217E-3	121.123800E-3
89.900000E+0	3.000000E+0	-2.788025E+0	5.014384E+0	129.687200E-3	122.298012E-3
90.000000E+0	3.000000E+0	-2.784342E+0	5.049503E+0	130.672465E-3	123.075853E-3
90.100000E+0	3.000000E+0	-2.781785E+0	5.106175E+0	132.086884E-3	124.179731E-3
90.200000E+0	3.000000E+0	-2.779049E+0	5.162668E+0	133.406531E-3	125.590573E-3
90.300000E+0	3.000000E+0	-2.775717E+0	5.190277E+0	134.296428E-3	126.457224E-3
90.400000E+0	3.000000E+0	-2.773157E+0	5.233979E+0	135.457527E-3	127.336393E-3
90.500000E+0	3.000000E+0	-2.768803E+0	5.277085E+0	136.289011E-3	128.454576E-3
90.600000E+0	3.000000E+0	-2.767783E+0	5.304193E+0	137.066256E-3	129.540573E-3
90.700000E+0	3.000000E+0	-2.764466E+0	5.361235E+0	138.380539E-3	130.572926E-3
90.800000E+0	3.000000E+0	-2.760768E+0	5.419028E+0	139.882576E-3	131.657134E-3
90.900000E+0	3.000000E+0	-2.759716E+0	5.442381E+0	140.848767E-3	132.641803E-3
91.000000E+0	3.000000E+0	-2.754912E+0	5.502021E+0	141.870391E-3	134.159337E-3
91.100000E+0	3.000000E+0	-2.751592E+0	5.547690E+0	143.266928E-3	134.841811E-3
91.200000E+0	3.000000E+0	-2.748117E+0	5.586290E+0	144.258153E-3	136.104833E-3
91.300000E+0	3.000000E+0	-2.746719E+0	5.618715E+0	145.415079E-3	137.288581E-3
91.400000E+0	3.000000E+0	-2.742839E+0	5.683756E+0	146.893871E-3	138.401996E-3
91.500000E+0	3.000000E+0	-2.741081E+0	5.723131E+0	147.734296E-3	139.536273E-3
91.600000E+0	3.000000E+0	-2.736723E+0	5.758750E+0	148.707640E-3	140.829098E-3
91.700000E+0	3.000000E+0	-2.734256E+0	5.807757E+0	149.816883E-3	141.843569E-3
91.800000E+0	3.000000E+0	-2.730534E+0	5.853069E+0	151.041162E-3	142.439019E-3
91.900000E+0	3.000000E+0	-2.729118E+0	5.878818E+0	151.608002E-3	143.450510E-3
92.000000E+0	3.000000E+0	-2.725464E+0	5.931842E+0	152.911556E-3	144.572866E-3
92.100000E+0	3.000000E+0	-2.721649E+0	5.982029E+0	154.145968E-3	145.619523E-3
92.200000E+0	3.000000E+0	-2.719238E+0	6.018925E+0	155.711783E-3	146.966588E-3
92.300000E+0	3.000000E+0	-2.715576E+0	6.060410E+0	156.475914E-3	147.451770E-3
92.400000E+0	3.000000E+0	-2.712920E+0	6.125402E+0	157.719863E-3	149.059308E-3
92.500000E+0	3.000000E+0	-2.709374E+0	6.159282E+0	158.870829E-3	150.212062E-3
92.600000E+0	3.000000E+0	-2.706829E+0	6.197190E+0	159.915698E-3	151.342166E-3
92.700000E+0	3.000000E+0	-2.705085E+0	6.249118E+0	160.929574E-3	152.500880E-3
92.800000E+0	3.000000E+0	-2.701110E+0	6.300354E+0	162.339820E-3	153.305543E-3
92.900000E+0	3.000000E+0	-2.698797E+0	6.346202E+0	163.474692E-3	154.615653E-3
93.000000E+0	3.000000E+0	-2.695906E+0	6.367815E+0	164.279355E-3	155.569923E-3
93.100000E+0	3.000000E+0	-2.691495E+0	6.413651E+0	165.405883E-3	156.468166E-3
93.200000E+0	3.000000E+0	-2.689055E+0	6.459665E+0	166.733278E-3	157.602442E-3
93.300000E+0	3.000000E+0	-2.686039E+0	6.504309E+0	167.554630E-3	158.672345E-3
93.400000E+0	3.000000E+0	-2.683401E+0	6.554914E+0	169.115676E-3	159.881724E-3
93.500000E+0	3.000000E+0	-2.679244E+0	6.609571E+0	170.035376E-3	161.122097E-3
93.600000E+0	3.000000E+0	-2.675760E+0	6.647086E+0	171.543373E-3	162.165774E-3
93.700000E+0	3.000000E+0	-2.674249E+0	6.686592E+0	172.184720E-3	163.179053E-3
93.800000E+0	3.000000E+0	-2.671406E+0	6.731904E+0	173.283233E-3	164.413465E-3
93.900000E+0	3.000000E+0	-2.668530E+0	6.765676E+0	174.475922E-3	164.974345E-3
94.000000E+0	3.000000E+0	-2.664492E+0	6.811666E+0	175.554766E-3	166.078223E-3
94.100000E+0	3.000000E+0	-2.662206E+0	6.861949E+0	176.926269E-3	167.394294E-3
94.200000E+0	3.000000E+0	-2.658954E+0	6.901884E+0	177.886500E-3	168.278231E-3
94.300000E+0	3.000000E+0	-2.655971E+0	6.944227E+0	179.022565E-3	169.400586E-3
94.400000E+0	3.000000E+0	-2.653420E+0	7.013261E+0	180.179491E-3	170.686855E-3
94.500000E+0	3.000000E+0	-2.648494E+0	7.039905E+0	181.221380E-3	171.731128E-3
94.600000E+0	3.000000E+0	-2.646789E+0	7.069731E+0	182.332411E-3	172.607913E-3
94.700000E+0	3.000000E+0	-2.644113E+0	7.137358E+0	183.492914E-3	173.958554E-3
94.800000E+0	3.000000E+0	-2.640930E+0	7.179308E+0	184.789911E-3	175.182237E-3
94.900000E+0	3.000000E+0	-2.636808E+0	7.202029E+0	185.448542E-3	176.082268E-3
95.000000E+0	3.000000E+0	-2.635196E+0	7.254481E+0	186.936870E-3	176.997795E-3
95.100000E+0	3.000000E+0	-2.632833E+0	7.303548E+0	188.106910E-3	177.920475E-3
95.200000E+0	3.000000E+0	-2.628610E+0	7.339621E+0	189.137474E-3	179.024949E-3
95.300000E+0	3.000000E+0	-2.626538E+0	7.383049E+0	190.340892E-3	180.481091E-3
95.400000E+0	3.000000E+0	-2.623272E+0	7.438695E+0	191.320792E-3	181.464567E-3
95.500000E+0	3.000000E+0	-2.620068E+0	7.477140E+0	192.647592E-3	182.554736E-3
95.600000E+0	3.000000E+0	-2.615762E+0	7.511151E+0	193.400398E-3	183.556691E-3
95.700000E+0	3.000000E+0	-2.614909E+0	7.555258E+0	194.575206E-3	184.444204E-3
95.800000E+0	3.000000E+0	-2.610526E+0	7.612026E+0	195.637957E-3	185.424700E-3
95.900000E+0	3.000000E+0	-2.608582E+0	7.645607E+0	196.675674E-3	186.416522E-3
96.000000E+0	3.000000E+0	-2.605158E+0	7.690728E+0	197.796241E-3	187.635437E-3
96.100000E+0	3.000000E+0	-2.602032E+0	7.741773E+0	199.143306E-3	188.857928E-3
96.200000E+0	3.000000E+0	-2.597791E+0	7.788908E+0	200.275199E-3	190.057174E-3
96.300000E+0	3.000000E+0	-2.596322E+0	7.821751E+0	201.367752E-3	190.811769E-3
96.400000E+0	3.000000E+0	-2.591929E+0	7.857096E+0	202.167050E-3	192.148701E-3
96.500000E+0	3.000000E+0	-2.590215E+0	7.906950E+0	203.504579E-3	193.011180E-3
96.600000E+0	3.000000E+0	-2.588066E+0	7.948470E+0	204.690711E-3	194.051877E-3
96.700000E+0	3.000000E+0	-2.585292E+0	7.993734E+0	205.571072E-3	195.220724E-3
96.800000E+0	3.000000E+0	-2.581704E+0	8.039093E+0	206.997411E-3	196.369902E-3
96.900000E+0	3.000000E+0	-2.577397E+0	8.077705E+0	208.262222E-3	197.630540E-3
97.000000E+0	3.000000E+0	-2.574560E+0	8.125782E+0	209.334509E-3	198.626534E-3
97.100000E+0	3.000000E+0	-2.572310E+0	8.176458E+0	210.227387E-3	199.736969E-3
97.200000E+0	3.000000E+0	-2.569693E+0	8.203685E+0	211.130994E-3	200.563685E-3
97.300000E+0	3.000000E+0	-2.566293E+0	8.246326E+0	212.157386E-3	201.434509E-3
97.400000E+0	3.000000E+0	-2.562434E+0	8.303297E+0	213.682669E-3	202.797071E-3
97.500000E+0	3.000000E+0	-2.560219E+0	8.344221E+0	214.817541E-3	203.908102E-3
97.600000E+0	3.000000E+0	-2.556631E+0	8.376467E+0	215.451139E-3	204.780118E-3
97.700000E+0	3.000000E+0	-2.554381E+0	8.432698E+0	216.711777E-3	205.866115E-3
97.800000E+0	3.000000E+0	-2.550152E+0	8.482230E+0	217.952746E-3	207.215564E-3
97.900000E+0	3.000000E+0	-2.547824E+0	8.515561E+0	219.455975E-3	208.253281E-3
98.000000E+0	3.000000E+0	-2.545172E+0	8.569980E+0	220.483559E-3	209.476965E-3
98.100000E+0	3.000000E+0	-2.541918E+0	8.611917E+0	221.541542E-3	210.387724E-3
98.200000E+0	3.000000E+0	-2.539650E+0	8.641064E+0	222.216266E-3	211.494582E-3
98.300000E+0	3.000000E+0	-2.536675E+0	8.693671E+0	223.627108E-3	212.178843E-3
98.400000E+0	3.000000E+0	-2.532750E+0	8.734202E+0	224.742907E-3	213.323253E-3
98.500000E+0	3.000000E+0	-2.530643E+0	8.772433E+0	225.568432E-3	214.324611E-3
98.600000E+0	3.000000E+0	-2.528027E+0	8.811402E+0	226.629395E-3	215.228813E-3
98.700000E+0	3.000000E+0	-2.523357E+0	8.860517E+0	227.766055E-3	216.492432E-3
98.800000E+0	3.000000E+0	-2.521211E+0	8.903980E+0	229.284782E-3	217.719692E-3
98.900000E+0	3.000000E+0	-2.518323E+0	8.947706E+0	230.157990E-3	218.806284E-3
99.000000E+0	3.000000E+0	-2.516288E+0	8.990288E+0	231.129546E-3	219.714063E-3
99.100000E+0	3.000000E+0	-2.511144E+0	9.037411E+0	232.547540E-3	221.184510E-3
99.200000E+0	3.000000E+0	-2.509066E+0	9.092808E+0	233.969111E-3	222.374219E-3
99.300000E+0	3.000000E+0	-2.506292E+0	9.126270E+0	234.848280E-3	223.605055E-3
99.400000E+0	3.000000E+0	-2.503067E+0	9.182501E+0	236.139316E-3	224.292296E-3
99.500000E+0	3.000000E+0	-2.499992E+0	9.223306E+0	236.977358E-3	225.203651E-3
99.600000E+0	3.000000E+0	-2.496594E+0	9.247684E+0	238.070507E-3	226.463694E-3
99.700000E+0	3.000000E+0	-2.494097E+0	9.295678E+0	239.235778E-3	227.288026E-3
99.800000E+0	3.000000E+0	-2.491316E+0	9.347653E+0	239.796062E-3	228.136200E-3
99.900000E+0	3.000000E+0	-2.487695E+0	9.378791E+0	241.212864E-3	229.358095E-3
100.000000E+0	3.000000E+0	-2.483934E+0	9.423709E+0	242.447276E-3	230.849404E-3
100.100000E+0	3.000000E+0	-2.480394E+0	9.479392E+0	243.694206E-3	231.871623E-3
100.200000E+0	3.000000E+0	-2.478573E+0	9.509563E+0	244.651456E-3	233.089943E-3
100.300000E+0	3.000000E+0	-2.475968E+0	9.545088E+0	245.736857E-3	233.665723E-3
100.400000E+0	3.000000E+0	-2.473563E+0	9.612477E+0	246.870537E-3	234.925170E-3
100.500000E+0	3.000000E+0	-2.469689E+0	9.652817E+0	248.000046E-3	236.244221E-3
100.600000E+0	3.000000E+0	-2.466503E+0	9.686375E+0	249.299427E-3	237.392802E-3
100.700000E+0	3.000000E+0	-2.464548E+0	9.733856E+0	249.975940E-3	238.147993E-3
100.800000E+0	3.000000E+0	-2.460489E+0	9.771264E+0	251.133462E-3	239.226837E-3
100.900000E+0	3.000000E+0	-2.458319E+0	9.798408E+0	252.009650E-3	240.057130E-3
101.000000E+0	3.000000E+0	-2.455270E+0	9.841681E+0	253.188630E-3	241.280813E-3
101.100000E+0	3.000000E+0	-2.451259E+0	9.895229E+0	254.309794E-3	242.341180E-3
101.200000E+0	3.000000E+0	-2.450183E+0	9.941614E+0	255.572816E-3	243.284722E-3
101.300000E+0	3.000000E+0	-2.445775E+0	9.988713E+0	256.594440E-3	244.982858E-3
101.400000E+0	3.000000E+0	-2.443475E+0	10.029483E+0	258.059522E-3	245.560427E-3
101.500000E+0	3.000000E+0	-2.440682E+0	10.077035E+0	259.196779E-3	246.327539E-3
101.600000E+0	3.000000E+0	-2.437231E+0	10.116637E+0	260.120651E-3	248.045941E-3
101.700000E+0	3.000000E+0	-2.433556E+0	10.165668E+0	261.394402E-3	249.189754E-3
101.800000E+0	3.000000E+0	-2.429485E+0	10.207999E+0	262.400529E-3	250.195285E-3
101.900000E+0	3.000000E+0	-2.427217E+0	10.253239E+0	263.315460E-3	250.984450E-3
102.000000E+0	3.000000E+0	-2.424842E+0	10.290933E+0	264.753720E-3	252.257606E-3
102.100000E+0	3.000000E+0	-2.421361E+0	10.338998E+0	265.839717E-3	253.184458E-3
102.200000E+0	3.000000E+0	-2.418783E+0	10.374522E+0	266.292116E-3	254.244825E-3
102.300000E+0	3.000000E+0	-2.416512E+0	10.414433E+0	267.916939E-3	255.363604E-3
102.400000E+0	3.000000E+0	-2.412337E+0	10.453081E+0	268.970749E-3	256.521722E-3
102.500000E+0	3.000000E+0	-2.410224E+0	10.501862E+0	269.989989E-3	257.164857E-3
102.600000E+0	3.000000E+0	-2.407083E+0	10.548294E+0	270.981810E-3	258.477351E-3
102.700000E+0	3.000000E+0	-2.403212E+0	10.586083E+0	272.480867E-3	259.881040E-3
102.800000E+0	3.000000E+0	-2.400577E+0	10.638440E+0	273.466132E-3	260.674378E-3
102.900000E+0	3.000000E+0	-2.398717E+0	10.675991E+0	274.601005E-3	261.951110E-3
103.000000E+0	3.000000E+0	-2.394643E+0	10.717082E+0	275.753759E-3	262.902400E-3
103.100000E+0	3.000000E+0	-2.392840E+0	10.760093E+0	276.478551E-3	263.837001E-3
103.200000E+0	3.000000E+0	-2.388436E+0	10.802639E+0	277.762435E-3	264.788291E-3
103.300000E+0	3.000000E+0	-2.385658E+0	10.840368E+0	278.760217E-3	265.774152E-3
103.400000E+0	3.000000E+0	-2.382666E+0	10.899770E+0	280.412458E-3	267.123601E-3
103.500000E+0	3.000000E+0	-2.379972E+0	10.932159E+0	281.448387E-3	268.202446E-3
103.600000E+0	3.000000E+0	-2.375674E+0	10.970140E+0	282.300733E-3	269.227049E-3
103.700000E+0	3.000000E+0	-2.374181E+0	11.020529E+0	283.346199E-3	269.944093E-3
103.800000E+0	4.000000E+0	-2.371579E+0	11.043811E+0	284.142517E-3	270.673654E-3
103.900000E+0	4.000000E+0	-2.370590E+0	11.048841E+0	284.364842E-3	271.143935E-3
104.000000E+0	4.000000E+0	-2.379209E+0	10.918236E+0	281.242751E-3	268.079064E-3
104.100000E+0	4.000000E+0	-2.394703E+0	10.706830E+0	275.416396E-3	262.333772E-3
104.200000E+0	4.000000E+0	-2.409613E+0	10.475397E+0	270.457885E-3	257.588646E-3
104.300000E+0	4.000000E+0	-2.424347E+0	10.269177E+0	265.148899E-3	252.103230E-3
104.400000E+0	4.000000E+0	-2.436584E+0	10.054779E+0	259.341022E-3	247.229954E-3
104.500000E+0	4.000000E+0	-2.451339E+0	9.833825E+0	254.124423E-3	241.792817E-3
104.600000E+0	4.000000E+0	-2.466860E+0	9.610653E+0	249.080082E-3	236.848612E-3
104.700000E+0	4.000000E+0	-2.480480E+0	9.397876E+0	243.501087E-3	231.499094E-3
104.800000E+0	4.000000E+0	-2.494726E+0	9.180892E+0	238.093157E-3	226.092357E-3
104.900000E+0	4.000000E+0	-2.510268E+0	8.956480E+0	232.576746E-3	220.643300E-3
105.000000E+0	4.000000E+0	-2.524012E+0	8.745801E+0	227.419156E-3	215.390938E-3
105.100000E+0	4.000000E+0	-2.540651E+0	8.525825E+0	222.075599E-3	209.824460E-3
105.200000E+0	4.000000E+0	-2.553582E+0	8.310735E+0	216.295140E-3	204.749720E-3
105.300000E+0	4.000000E+0	-2.568463E+0	8.076394E+0	210.726874E-3	199.357883E-3
105.400000E+0	4.000000E+0	-2.583525E+0	7.863128E+0	205.100791E-3	194.109694E-3
105.500000E+0	4.000000E+0	-2.598444E+0	7.647359E+0	199.513451E-3	188.723818E-3
105.600000E+0	4.000000E+0	-2.613729E+0	7.410455E+0	194.157378E-3	183.213964E-3
105.700000E+0	4.000000E+0	-2.629346E+0	7.197213E+0	188.507453E-3	178.080215E-3
105.800000E+0	4.000000E+0	-2.643937E+0	6.986344E+0	183.144226E-3	172.786130E-3
105.900000E+0	4.000000E+0	-2.657265E+0	6.750381E+0	177.353039E-3	166.907324E-3
106.000000E+0	4.000000E+0	-2.671847E+0	6.527054E+0	171.977891E-3	161.783112E-3
106.100000E+0	4.000000E+0	-2.687404E+0	6.319916E+0	166.516913E-3	156.420482E-3
106.200000E+0	4.000000E+0	-2.703035E+0	6.089151E+0	160.451544E-3	150.856388E-3
106.300000E+0	4.000000E+0	-2.718157E+0	5.866170E+0	154.821289E-3	145.673167E-3
106.400000E+0	4.000000E+0	-2.732897E+0	5.659139E+0	149.580252E-3	140.453588E-3
106.500000E+0	4.000000E+0	-2.746493E+0	5.430317E+0	144.109737E-3	134.714853E-3
106.600000E+0	4.000000E+0	-2.763268E+0	5.198407E+0	138.403784E-3	129.589449E-3
106.700000E+0	4.000000E+0	-2.779186E+0	4.990482E+0	132.789622E-3	124.257217E-3
106.800000E+0	4.000000E+0	-2.793452E+0	4.765594E+0	127.263079E-3	118.742595E-3
106.900000E+0	4.000000E+0	-2.807963E+0	4.526567E+0	121.473084E-3	113.375792E-3
107.000000E+0	4.000000E+0	-2.822006E+0	4.314637E+0	115.784416E-3	107.755670E-3
107.100000E+0	4.000000E+0	-2.836418E+0	4.099095E+0	110.030183E-3	102.540859E-3
107.200000E+0	4.000000E+0	-2.853432E+0	3.862035E+0	104.722389E-3	97.154983E-3
107.300000E+0	4.000000E+0	-2.868152E+0	3.652310E+0	98.683246E-3	91.641553E-3
107.400000E+0	4.000000E+0	-2.883744E+0	3.435040E+0	93.117364E-3	86.380250E-3
107.500000E+0	4.000000E+0	-2.897728E+0	3.203487E+0	87.323792E-3	80.633170E-3
107.600000E+0	4.000000E+0	-2.913210E+0	2.979279E+0	81.883079E-3	75.667507E-3
107.700000E+0	4.000000E+0	-2.929378E+0	2.767050E+0	76.233751E-3	69.895392E-3
107.800000E+0	4.000000E+0	-2.944696E+0	2.549303E+0	70.313817E-3	64.748531E-3
107.900000E+0	4.000000E+0	-2.957666E+0	2.322173E+0	65.051322E-3	59.362059E-3
108.000000E+0	4.000000E+0	-2.972990E+0	2.097058E+0	59.336429E-3	54.030423E-3
108.100000E+0	4.000000E+0	-2.988303E+0	1.885355E+0	53.511266E-3	48.679117E-3
108.200000E+0	4.000000E+0	-3.003481E+0	1.656926E+0	48.187975E-3	43.042902E-3
108.300000E+0	4.000000E+0	-3.019705E+0	1.431096E+0	42.211417E-3	38.059357E-3
108.400000E+0	4.000000E+0	-3.033072E+0	1.220942E+0	36.636594E-3	32.445791E-3
108.500000E+0	4.000000E+0	-3.050610E+0	998.985767E-3	31.011107E-3	27.507546E-3
108.600000E+0	4.000000E+0	-3.064844E+0	776.088238E-3	25.311710E-3	21.812918E-3
108.700000E+0	4.000000E+0	-3.078625E+0	560.057163E-3	19.932987E-3	16.669036E-3
108.800000E+0	4.000000E+0	-3.093845E+0	350.773335E-3	14.189483E-3	11.282564E-3
108.900000E+0	4.000000E+0	-3.108317E+0	113.475323E-3	8.553863E-3	5.847216E-3
109.000000E+0	4.000000E+0	-3.114823E+0	34.391880E-3	6.681085E-3	3.947020E-3
109.100000E+0	4.000000E+0	-3.114247E+0	48.685074E-3	6.387234E-3	3.827811E-3
109.200000E+0	4.000000E+0	-3.116790E+0	36.299229E-3	5.865098E-3	3.603101E-3
109.300000E+0	4.000000E+0	-3.118053E+0	31.328201E-3	5.831719E-3	3.532172E-3
109.400000E+0	4.000000E+0	-3.116930E+0	46.944618E-3	5.959273E-3	3.468991E-3
109.500000E+0	4.000000E+0	-3.117499E+0	33.032894E-3	5.628467E-3	3.165603E-3
109.600000E+0	4.000000E+0	-3.118569E+0	21.207333E-3	5.520583E-3	3.119707E-3
109.700000E+0	4.000000E+0	-3.117850E+0	27.275085E-3	5.406142E-3	3.311634E-3
109.800000E+0	4.000000E+0	-3.117761E+0	25.045872E-3	4.970432E-3	3.025532E-3
109.900000E+0	4.000000E+0	-3.120455E+0	23.281574E-3	5.187989E-3	3.057719E-3
110.000000E+0	4.000000E+0	-3.118572E+0	20.372868E-3	5.050302E-3	3.029108E-3
110.100000E+0	4.000000E+0	-3.120607E+0	26.535988E-3	4.650951E-3	2.652407E-3
110.200000E+0	4.000000E+0	-3.119111E+0	9.906292E-3	4.701615E-3	2.850294E-3
110.300000E+0	4.000000E+0	-3.120330E+0	12.362003E-3	4.539490E-3	2.695918E-3
110.400000E+0	4.000000E+0	-3.119969E+0	15.068054E-3	4.976392E-3	2.573133E-3
110.500000E+0	4.000000E+0	-3.120831E+0	14.090538E-3	4.381538E-3	2.287030E-3
110.600000E+0	4.000000E+0	-3.120720E+0	13.816357E-3	4.550815E-3	2.695322E-3
110.700000E+0	4.000000E+0	-3.121179E+0	4.959106E-3	4.535318E-3	2.470613E-3
110.800000E+0	4.000000E+0	-3.121340E+0	12.052059E-3	4.562140E-3	2.050400E-3
110.900000E+0	4.000000E+0	-3.121379E+0	16.069412E-3	4.400015E-3	2.390146E-3
111.000000E+0	4.000000E+0	-3.121650E+0	7.104874E-3	4.177690E-3	2.431870E-3
111.100000E+0	4.000000E+0	-3.122425E+0	8.583069E-3	4.631877E-3	2.169013E-3
111.200000E+0	4.000000E+0	-3.121853E+0	14.913082E-3	4.040003E-3	2.318025E-3
111.300000E+0	4.000000E+0	-3.121883E+0	3.743172E-3	4.525185E-3	2.434850E-3
111.400000E+0	4.000000E+0	-3.121299E+0	6.735325E-3	4.342199E-3	2.307296E-3
111.500000E+0	4.000000E+0	-3.122300E+0	15.377998E-3	3.952384E-3	2.191067E-3
111.600000E+0	4.000000E+0	-3.122565E+0	8.308887E-3	3.677607E-3	2.053380E-3
111.700000E+0	4.000000E+0	-3.121823E+0	1.168251E-3	4.129410E-3	2.227426E-3
111.800000E+0	4.000000E+0	-3.123125E+0	14.996529E-3	4.160405E-3	1.994372E-3
111.900000E+0	4.000000E+0	-3.121868E+0	-1.180172E-3	4.264117E-3	2.236366E-3
112.000000E+0	4.000000E+0	-3.122130E+0	5.173683E-3	4.008413E-3	2.221465E-3
112.100000E+0	4.000000E+0	-3.123468E+0	10.216236E-3	3.911853E-3	2.027750E-3
112.200000E+0	4.000000E+0	-3.123102E+0	4.303455E-3	3.954172E-3	1.946688E-3
112.300000E+0	4.000000E+0	-3.122827E+0	-2.193451E-3	4.059077E-3	2.071262E-3
112.400000E+0	4.000000E+0	-3.121918E+0	8.833408E-3	3.688932E-3	2.009869E-3
112.500000E+0	4.000000E+0	-3.123847E+0	9.119511E-3	3.998280E-3	2.076626E-3
112.600000E+0	4.000000E+0	-3.122649E+0	-2.551079E-3	3.702641E-3	1.806617E-3
112.700000E+0	4.000000E+0	-3.122523E+0	2.682209E-3	3.960133E-3	1.861453E-3
112.800000E+0	4.000000E+0	-3.122276E+0	5.304813E-3	4.035831E-3	1.708865E-3
112.900000E+0	4.000000E+0	-3.122443E+0	1.490116E-3	3.643632E-3	1.592040E-3
113.000000E+0	4.000000E+0	-3.123438E+0	-1.019239E-3	3.740788E-3	2.200008E-3
113.100000E+0	4.000000E+0	-3.124201E+0	-858.306885E-6	3.382564E-3	2.102256E-3
113.200000E+0	4.000000E+0	-3.123459E+0	6.222725E-3	3.644824E-3	1.711846E-3
113.300000E+0	4.000000E+0	-3.124246E+0	-2.819300E-3	3.649593E-3	1.869202E-3
113.400000E+0	4.000000E+0	-3.122532E+0	1.311302E-3	3.952980E-3	1.940727E-3
113.500000E+0	4.000000E+0	-3.124014E+0	5.197525E-3	3.575683E-3	1.776219E-3
