Program version:	Fatigue ver. 4.0
Date and time:	05-08-2015 09:02:33
Operator:	sras
Project ID:	44055 I-1
Sample ID:	EQA02-06
Comments:	
	
Mode of operation:	Ten-ten
Low load setpoint [kN]:	0.000000
Sample width [mm]:	25.200000
Sample thickness [mm]:	4.280000
Strain sensor:	Extensometer
Number of strain sensors:	2
Channel configuration:	0 6 1,1,0,0,0,0 1,4,1,2,3,4
Digital I/O:	0,1,None
	
Machine SN:	88R1331
Load cell SN:	UK 230
Load cell [kN]:	50.000000
Extensometer 1 SN:	1758
Gauge length 1 [mm]:	50.000000
Full scale 1 [%]:	2.000000
Extensometer 2 SN:	2040
Gauge length 2 [mm]:	50.000000
Full scale 2 [%]:	2.000000
	
Modulus [GPa]:	37.614532
	
E-max [%]:	1.100000
R:	0.100000
Waveform frequency [Hz]:	4.000000
Samples pr cycle:	125
	
Max change stiffness [%]:	0.500000
Max cycles between log:	100
Number of initial cycles:	20
Run out cycle:	2000000
	
	
Timestamp [yyyymmddHHMMSS.frac]	Time [s]	Cycle	Position max [mm]	Position min [mm]	Stress max [MPa]	Stress min [MPa]	Strain1 max [%]	Strain1 min [%]	Strain2 max [%]	Strain2 min [%]	StiffnessAvg [GPa]	Stiffness1 [GPa]	Stiffness2 [GPa]	StiffnessPosition [MPa/mm]	DampingAvg	Damping1	Damping2	DampingPosition
20150805092033.960900	0.000000	1.000000	-17.476213	-19.047207	281.377294	84.797632	0.760716	0.240983	0.759711	0.234748	37.631116	37.820976	37.443137	125.468503	0.052205	0.053813	0.050613	0.164149
20150805092034.171900	0.200000	2.000000	-16.148493	-19.372946	405.299979	42.098820	1.101779	0.126007	1.105009	0.119988	37.070421	37.254170	36.888434	112.521895	0.073835	0.075262	0.072422	0.536100
20150805092034.339800	0.400000	3.000000	-16.126847	-19.361627	405.715227	42.437362	1.104046	0.127209	1.107234	0.121238	37.009028	37.192225	36.827583	111.832832	0.072247	0.073680	0.070827	0.521275
20150805092034.550800	0.600000	4.000000	-16.103062	-19.352746	406.575011	42.889138	1.106726	0.127945	1.110379	0.122350	36.993750	37.174476	36.814721	111.517902	0.071908	0.073612	0.070219	0.524318
20150805092034.750000	0.800000	5.000000	-16.092670	-19.344974	406.746216	43.005081	1.106949	0.128319	1.110534	0.123441	36.990997	37.168887	36.814737	111.400735	0.071375	0.073331	0.069435	0.523889
20150805092034.929700	1.000000	6.000000	-16.079939	-19.338116	407.537474	43.408833	1.109098	0.128850	1.112848	0.123894	36.989851	37.164639	36.816616	111.302326	0.071394	0.073425	0.069381	0.526325
20150805092035.128900	1.200000	7.000000	-16.074094	-19.331730	407.398488	43.575065	1.108670	0.129577	1.112670	0.124438	36.992740	37.165249	36.821738	111.271079	0.071293	0.073496	0.069110	0.527372
20150805092035.339800	1.400000	8.000000	-16.066569	-19.327307	407.842361	43.573628	1.109600	0.129717	1.113707	0.124701	36.991559	37.161829	36.822756	111.219895	0.071150	0.073632	0.068691	0.527181
20150805092035.539100	1.600000	9.000000	-16.064990	-19.322810	407.658998	43.881168	1.109191	0.130185	1.113582	0.125433	36.991402	37.160990	36.823269	111.199961	0.070751	0.073420	0.068107	0.527643
20150805092035.730500	1.800000	10.000000	-16.053659	-19.318357	408.184938	43.798991	1.110873	0.130208	1.115236	0.125618	36.989539	37.158264	36.822259	111.140620	0.070839	0.073393	0.068308	0.528072
20150805092035.941400	2.000000	11.000000	-16.046685	-19.313643	408.466338	44.022531	1.111536	0.130506	1.116188	0.126252	36.986538	37.154392	36.820114	111.080219	0.070556	0.073266	0.067870	0.527898
20150805092036.140600	2.200000	12.000000	-16.036743	-19.310925	409.049475	43.884870	1.113217	0.130298	1.118152	0.126256	36.983463	37.151956	36.816411	110.992769	0.070549	0.073272	0.067852	0.529432
20150805092036.339800	2.400000	13.000000	-16.032908	-19.309393	409.233943	43.947981	1.113485	0.130451	1.118559	0.126663	36.981203	37.149356	36.814481	110.944854	0.070453	0.073186	0.067744	0.529248
20150805092036.531200	2.600000	14.000000	-16.022241	-19.306714	409.720149	43.935491	1.115386	0.130137	1.120421	0.126432	36.976414	37.144954	36.809309	110.854789	0.070598	0.073386	0.067835	0.529918
20150805092036.738300	2.800000	15.000000	-16.014901	-19.302625	410.162088	43.828889	1.116435	0.130347	1.121601	0.126875	36.974189	37.141741	36.808055	110.774927	0.070627	0.073468	0.067810	0.532077
20150805092036.941400	3.000000	16.000000	-16.001150	-19.302401	411.085757	43.770254	1.119043	0.129762	1.124349	0.126533	36.969877	37.137804	36.803374	110.681386	0.070435	0.073254	0.067640	0.531522
20150805092037.140600	3.200000	17.000000	-15.996281	-19.301367	411.322117	43.781804	1.119984	0.129887	1.125580	0.126725	36.966751	37.134584	36.800340	110.584424	0.070545	0.073334	0.067781	0.533197
20150805092037.351600	3.400000	18.000000	-15.988732	-19.300279	411.742283	43.550639	1.120878	0.129435	1.126536	0.126241	36.964213	37.132129	36.797721	110.509330	0.070624	0.073471	0.067803	0.533167
20150805092037.531200	3.600000	19.000000	-15.983546	-19.299269	411.872594	43.637678	1.121496	0.129471	1.127217	0.126280	36.960472	37.128704	36.793671	110.435627	0.070685	0.073352	0.068042	0.534541
20150805092037.730500	3.800000	20.000000	-15.977258	-19.299674	412.283089	43.311957	1.122628	0.128881	1.128551	0.125935	36.957787	37.125189	36.791803	110.348915	0.070504	0.073189	0.067843	0.535091
20150805092039.539100	5.600000	29.000000	-15.939936	-19.292298	413.587134	42.620780	1.126848	0.126699	1.133629	0.124502	36.936413	37.103435	36.770805	109.776363	0.070665	0.073446	0.067910	0.541584
20150805092042.351600	8.400000	43.000000	-15.913916	-19.282779	413.288270	41.922254	1.126671	0.125107	1.134234	0.123880	36.917950	37.085343	36.751978	109.222513	0.071014	0.073752	0.068300	0.546199
20150805092046.140600	12.200000	62.000000	-15.886662	-19.272137	413.426760	41.710209	1.127793	0.124569	1.136252	0.124693	36.897420	37.064741	36.731532	108.640597	0.071281	0.073787	0.068796	0.553166
20150805092051.160200	17.200000	87.000000	-15.858934	-19.262442	413.512970	41.580893	1.128625	0.124409	1.138152	0.125197	36.872135	37.040840	36.704901	108.093350	0.071564	0.074263	0.068888	0.560242
20150805092100.160200	26.200000	132.000000	-15.831462	-19.250864	413.456823	41.602999	1.129548	0.124498	1.140221	0.125980	36.842045	37.011905	36.673673	107.550982	0.071925	0.074361	0.069511	0.568665
20150805092120.128900	46.200000	232.000000	-15.798736	-19.234726	413.643115	41.491588	1.131950	0.124691	1.144145	0.127580	36.781057	36.943961	36.619517	107.133613	0.070369	0.073392	0.067374	0.575516
20150805092140.140600	66.200000	332.000000	-15.781248	-19.220484	413.775636	41.590786	1.133767	0.124477	1.147017	0.129397	36.737599	36.899598	36.576919	107.111733	0.070698	0.073804	0.067617	0.581510
20150805092200.140600	86.200000	432.000000	-15.773994	-19.210267	413.550771	41.858812	1.134049	0.124953	1.148469	0.131382	36.700724	36.864471	36.538327	107.178988	0.070180	0.073113	0.067269	0.584912
20150805092220.140600	106.200000	532.000000	-15.763656	-19.202104	413.800947	41.473517	1.135887	0.125456	1.151052	0.132374	36.663000	36.826592	36.500765	107.268902	0.069103	0.072256	0.065976	0.585053
20150805092240.160200	126.200000	632.000000	-15.759373	-19.194812	413.563149	41.705899	1.135997	0.126134	1.152147	0.133240	36.636784	36.801173	36.473761	107.396775	0.069333	0.072399	0.066294	0.587723
20150805092300.160200	146.200000	732.000000	-15.755514	-19.190669	413.595092	41.812943	1.136758	0.125718	1.153316	0.134144	36.608075	36.773098	36.444441	107.553605	0.067819	0.070791	0.064871	0.587153
20150805092320.148400	166.200000	832.000000	-15.751663	-19.187269	413.792713	41.506233	1.137891	0.125435	1.155232	0.134329	36.588283	36.755780	36.422202	107.773027	0.067307	0.070318	0.064321	0.583390
20150805092340.140600	186.200000	932.000000	-15.752498	-19.181609	413.565802	41.386975	1.137774	0.125718	1.155498	0.133598	36.575344	36.742972	36.409129	108.039217	0.066967	0.069991	0.063972	0.579271
20150805092400.171900	206.200000	1032.000000	-15.749392	-19.178745	413.805313	41.687164	1.138809	0.125697	1.157271	0.135167	36.552603	36.721364	36.385303	108.251879	0.066150	0.069227	0.063100	0.574709
20150805092420.140600	226.200000	1132.000000	-15.753317	-19.174314	413.645989	41.784704	1.138855	0.125010	1.157537	0.135164	36.531525	36.700559	36.363937	108.552962	0.065289	0.068237	0.062367	0.570168
20150805092440.148400	246.200000	1232.000000	-15.757454	-19.169849	413.535849	41.722754	1.138923	0.125582	1.157942	0.135733	36.517491	36.688173	36.348303	108.857234	0.064797	0.067807	0.061813	0.563582
20150805092500.140600	266.200000	1332.000000	-15.757960	-19.165987	413.803600	41.500264	1.139997	0.125361	1.159368	0.135988	36.495768	36.666093	36.326928	109.151228	0.064465	0.067773	0.061185	0.555751
20150805092511.140600	277.200000	1387.000000	-15.760446	-19.162900	413.727171	41.628143	1.140003	0.125872	1.159465	0.135254	36.493486	36.663582	36.324856	109.343034	0.063922	0.067255	0.060621	0.551496
20150805092824.058600	0.000000	1388.000000	-17.196524	-19.170389	294.530536	49.237329	0.797506	0.138399	0.813108	0.148007	37.039586	37.217097	36.863744	124.667164	0.051235	0.052806	0.049679	0.157120
20150805092824.300800	0.250000	1389.000000	-16.088864	-19.206831	407.562619	42.027309	1.112917	0.119505	1.131507	0.129128	36.628879	36.803391	36.455950	117.657236	0.071456	0.075695	0.067255	0.386724
20150805092824.800800	0.750000	1391.000000	-16.065681	-19.196266	408.843619	42.639902	1.118624	0.122076	1.137298	0.131694	36.562817	36.737337	36.389878	117.058415	0.068391	0.072999	0.063825	0.348954
20150805092849.800800	25.750000	1491.000000	-16.000715	-19.189078	413.649471	41.453346	1.136112	0.121574	1.155221	0.131649	36.502643	36.676368	36.330484	116.698485	0.066149	0.070620	0.061717	0.332803
20150805092914.800800	50.750000	1591.000000	-15.991175	-19.182876	413.641568	41.493467	1.137723	0.122372	1.157134	0.132425	36.464664	36.641339	36.289610	116.529253	0.065891	0.070404	0.061419	0.330488
20150805092939.808600	75.750000	1691.000000	-15.983254	-19.177538	413.631123	41.471749	1.139051	0.123000	1.158778	0.133435	36.433771	36.612035	36.257159	116.438230	0.065349	0.069851	0.060886	0.328398
20150805093004.789100	100.750000	1791.000000	-15.978751	-19.172001	413.676771	41.502254	1.140376	0.123476	1.159978	0.134231	36.416311	36.588978	36.245189	116.391839	0.064702	0.069592	0.059854	0.326207
20150805093029.808600	125.750000	1891.000000	-15.974468	-19.169072	413.581718	41.413170	1.140832	0.123731	1.161069	0.134549	36.393568	36.569121	36.219613	116.377115	0.064577	0.069515	0.059686	0.322473
20150805093054.808600	150.750000	1991.000000	-15.969718	-19.165385	413.700478	41.524525	1.141810	0.123944	1.162166	0.135206	36.374867	36.551741	36.199620	116.402284	0.064288	0.069128	0.059491	0.317238
20150805093119.789100	175.750000	2091.000000	-15.967632	-19.161767	413.549499	41.480259	1.142089	0.124079	1.162677	0.135302	36.354785	36.534684	36.176578	116.428568	0.064269	0.068982	0.059600	0.311929
20150805093144.800800	200.750000	2191.000000	-15.964249	-19.157276	413.724794	41.509936	1.142825	0.124065	1.163837	0.135467	36.337451	36.520460	36.156196	116.531850	0.064264	0.068798	0.059774	0.306851
20150805093209.820300	225.750000	2291.000000	-15.963188	-19.153658	413.572047	41.476225	1.142626	0.123782	1.163852	0.135231	36.319296	36.504946	36.135463	116.641808	0.063995	0.068300	0.059731	0.299074
20150805093234.800800	250.750000	2391.000000	-15.962139	-19.148562	413.742147	41.521209	1.143683	0.124097	1.164928	0.135702	36.304739	36.492096	36.119236	116.779225	0.064168	0.068405	0.059971	0.290390
20150805093259.800800	275.750000	2491.000000	-15.961394	-19.144434	413.510760	41.518722	1.143459	0.124171	1.165110	0.135817	36.289487	36.479217	36.101667	116.929785	0.064231	0.068093	0.060407	0.280070
20150805093324.808600	300.750000	2591.000000	-15.962953	-19.138143	413.767015	41.535964	1.144566	0.124267	1.166476	0.136070	36.275549	36.467491	36.085570	117.130459	0.064300	0.067847	0.060788	0.265907
20150805093349.800800	325.750000	2691.000000	-15.965906	-19.133362	413.560221	41.482580	1.144455	0.124312	1.166541	0.136009	36.260245	36.455229	36.067301	117.429091	0.065253	0.068154	0.062382	0.243400
20150805093414.800800	350.750000	2791.000000	-15.972814	-19.121072	413.861626	41.399188	1.145556	0.123878	1.167870	0.135369	36.243340	36.441922	36.046892	117.866055	0.066836	0.068432	0.065256	0.185387
20150805093439.839800	375.750000	2891.000000	-15.974984	-19.117371	413.580281	41.483907	1.145126	0.124222	1.167677	0.135872	36.232242	36.431994	36.034651	117.900045	0.066888	0.068165	0.065624	0.175227
20150805093504.800800	400.750000	2991.000000	-15.972123	-19.115979	413.760660	41.471141	1.145977	0.124203	1.168618	0.135994	36.220767	36.421056	36.022653	117.929391	0.067025	0.068115	0.065946	0.168622
20150805093529.800800	425.750000	3091.000000	-15.972513	-19.112554	413.585421	41.444393	1.145806	0.124165	1.168578	0.136225	36.211583	36.412111	36.013235	117.951357	0.066951	0.067970	0.065942	0.162892
20150805093554.839800	450.750000	3191.000000	-15.969867	-19.109550	413.767900	41.498330	1.146693	0.124351	1.169504	0.136201	36.201222	36.401594	36.003029	117.969493	0.066874	0.067705	0.066051	0.159429
20150805093619.828100	475.750000	3291.000000	-15.971324	-19.108701	413.549334	41.472743	1.146646	0.124580	1.169561	0.136644	36.190639	36.391180	35.992282	117.951253	0.066653	0.067648	0.065670	0.155565
20150805093644.808600	500.750000	3391.000000	-15.969125	-19.107738	413.805423	41.464454	1.147644	0.124749	1.170714	0.136897	36.179901	36.378729	35.983220	117.927146	0.066710	0.067705	0.065725	0.155066
20150805093709.808600	525.750000	3491.000000	-15.966735	-19.107139	413.633776	41.522536	1.147756	0.124812	1.170634	0.137041	36.170427	36.368930	35.974064	117.903975	0.066477	0.067544	0.065421	0.153378
20150805093734.828100	550.750000	3591.000000	-15.964538	-19.106147	413.742202	41.466996	1.148448	0.125010	1.171455	0.137188	36.160819	36.359610	35.964176	117.873191	0.066314	0.067215	0.065422	0.153664
20150805093759.808600	575.750000	3691.000000	-15.965027	-19.105631	413.617252	41.496120	1.148356	0.125036	1.171276	0.137253	36.151488	36.349538	35.955568	117.852513	0.066107	0.067099	0.065124	0.152620
20150805093824.808600	600.750000	3791.000000	-15.960878	-19.104237	413.696776	41.490649	1.148885	0.124816	1.171943	0.137064	36.141955	36.339640	35.946395	117.830954	0.066067	0.066802	0.065339	0.152150
20150805093849.820300	625.750000	3891.000000	-15.960115	-19.103536	413.719047	41.506122	1.148936	0.125035	1.172094	0.137387	36.134329	36.331582	35.939191	117.774688	0.065733	0.066588	0.064887	0.150742
20150805093914.820300	650.750000	3991.000000	-15.956623	-19.102186	413.726949	41.488107	1.149500	0.125095	1.172630	0.137504	36.124988	36.321739	35.930344	117.745310	0.065788	0.066735	0.064851	0.150570
20150805093939.820300	675.750000	4091.000000	-15.957508	-19.103790	413.646984	41.515407	1.149557	0.125290	1.172856	0.137737	36.116382	36.313632	35.921250	117.730631	0.065731	0.066598	0.064873	0.150175
20150805094004.828100	700.750000	4191.000000	-15.955311	-19.099427	413.686663	41.470975	1.150050	0.125358	1.173338	0.137861	36.109148	36.305844	35.914558	117.711127	0.065572	0.066358	0.064793	0.149759
20150805094029.808600	725.750000	4291.000000	-15.953860	-19.099227	413.701252	41.497170	1.150198	0.125315	1.173648	0.137962	36.101432	36.297772	35.907190	117.684410	0.065263	0.066081	0.064454	0.148926
20150805094054.820300	750.750000	4391.000000	-15.952966	-19.098425	413.688099	41.523364	1.150445	0.125311	1.173814	0.137935	36.093671	36.289766	35.899670	117.655782	0.065431	0.066258	0.064613	0.149662
20150805094119.828100	775.750000	4491.000000	-15.951875	-19.098449	413.675555	41.460364	1.150720	0.125258	1.174154	0.137876	36.085843	36.281699	35.892077	117.629461	0.065337	0.066166	0.064517	0.148632
20150805094144.820300	800.750000	4591.000000	-15.950021	-19.097588	413.557513	41.481033	1.150709	0.125349	1.174168	0.138087	36.077232	36.273698	35.882870	117.607720	0.065080	0.065799	0.064368	0.147923
20150805094209.820300	825.750000	4691.000000	-15.946925	-19.098127	413.738444	41.519054	1.151364	0.125422	1.174870	0.138189	36.072020	36.268409	35.877733	117.565590	0.065094	0.065949	0.064248	0.146070
20150805094234.828100	850.750000	4791.000000	-15.946961	-19.095180	413.600894	41.475949	1.151217	0.125453	1.174808	0.138183	36.063780	36.259454	35.870193	117.520576	0.064913	0.065689	0.064145	0.146087
20150805094259.808600	875.750000	4891.000000	-15.942011	-19.096124	413.690973	41.508057	1.151767	0.125519	1.175412	0.138509	36.056176	36.251969	35.862474	117.507766	0.064948	0.065815	0.064090	0.145562
20150805094324.820300	900.750000	4991.000000	-15.943459	-19.093582	413.551876	41.451743	1.151732	0.125563	1.175392	0.138589	36.048843	36.244435	35.855338	117.485996	0.064808	0.065689	0.063936	0.145729
20150805094349.828100	925.750000	5091.000000	-15.942753	-19.093839	413.719213	41.484680	1.152550	0.125679	1.176363	0.138951	36.040563	36.235394	35.847804	117.470235	0.064670	0.065436	0.063911	0.145356
20150805094414.808600	950.750000	5191.000000	-15.941072	-19.091967	413.583321	41.463183	1.152393	0.125907	1.176379	0.138955	36.035600	36.231315	35.841976	117.448684	0.064698	0.065403	0.064000	0.145726
20150805094439.828100	975.750000	5291.000000	-15.937460	-19.091636	413.774310	41.474678	1.152968	0.125873	1.177182	0.139224	36.026646	36.221950	35.833424	117.425721	0.064496	0.065356	0.063646	0.145412
20150805094504.828100	1000.750000	5391.000000	-15.939820	-19.090477	413.519823	41.478214	1.152726	0.125948	1.176780	0.139325	36.020127	36.215578	35.826763	117.405472	0.064448	0.065190	0.063715	0.144471
20150805094529.808600	1025.750000	5491.000000	-15.937558	-19.090092	413.729878	41.482967	1.153558	0.125987	1.177642	0.139451	36.015005	36.209387	35.822685	117.417996	0.064327	0.065205	0.063458	0.143867
20150805094554.820300	1050.750000	5591.000000	-15.936440	-19.088942	413.562321	41.458928	1.153441	0.126176	1.177632	0.139547	36.008337	36.204259	35.814512	117.385282	0.064287	0.065046	0.063535	0.144642
20150805094619.839800	1075.750000	5691.000000	-15.934032	-19.089049	413.759610	41.467493	1.154118	0.126025	1.178465	0.139666	36.001583	36.196834	35.808414	117.362417	0.064366	0.065177	0.063564	0.143713
20150805094644.820300	1100.750000	5791.000000	-15.934921	-19.088328	413.569947	41.523862	1.153961	0.126312	1.178225	0.139868	35.994597	36.190155	35.801129	117.350928	0.064161	0.064956	0.063374	0.143822
20150805094709.820300	1125.750000	5891.000000	-15.931627	-19.085720	413.803655	41.520214	1.154678	0.126307	1.179162	0.140076	35.986990	36.182614	35.793459	117.318846	0.064241	0.064904	0.063585	0.143810
20150805094734.839800	1150.750000	5991.000000	-15.931294	-19.086013	413.610842	41.488217	1.154390	0.126315	1.178881	0.140063	35.980546	36.174690	35.788462	117.286804	0.064038	0.064787	0.063296	0.142727
20150805094759.820300	1175.750000	6091.000000	-15.928334	-19.084877	413.769005	41.458983	1.155172	0.126355	1.179687	0.140158	35.973776	36.169525	35.780122	117.291396	0.063947	0.064618	0.063282	0.142868
20150805094824.820300	1200.750000	6191.000000	-15.929386	-19.084251	413.557347	41.509328	1.154749	0.126549	1.179495	0.140403	35.968052	36.163771	35.774427	117.271898	0.064199	0.064899	0.063507	0.143240
20150805094849.859400	1225.750000	6291.000000	-15.926886	-19.081748	413.769834	41.516291	1.155552	0.126546	1.180213	0.140391	35.961837	36.157710	35.768063	117.265178	0.063994	0.064725	0.063270	0.142253
20150805094914.820300	1250.750000	6391.000000	-15.925715	-19.082505	413.613328	41.457601	1.155528	0.126561	1.180172	0.140483	35.956528	36.151706	35.763435	117.234464	0.064087	0.064706	0.063474	0.142446
20150805094939.828100	1275.750000	6491.000000	-15.924275	-19.080943	413.731371	41.498662	1.155925	0.126580	1.180717	0.140515	35.948807	36.143717	35.755975	117.211201	0.064175	0.064857	0.063499	0.142271
20150805095004.828100	1300.750000	6591.000000	-15.922731	-19.080749	413.580834	41.511814	1.155885	0.126672	1.180565	0.140638	35.942056	36.136912	35.749278	117.176838	0.063862	0.064445	0.063285	0.142592
20150805095029.828100	1325.750000	6691.000000	-15.921620	-19.081646	413.672515	41.447709	1.156173	0.126602	1.181276	0.140928	35.936737	36.131069	35.744474	117.165477	0.063924	0.064474	0.063379	0.142426
20150805095054.828100	1350.750000	6791.000000	-15.920115	-19.078782	413.705065	41.547017	1.156386	0.126843	1.181545	0.141109	35.931486	36.125755	35.739282	117.170005	0.064141	0.064857	0.063431	0.140825
20150805095119.828100	1375.750000	6891.000000	-15.920130	-19.078785	413.717223	41.484238	1.157004	0.126940	1.182122	0.141276	35.923926	36.118790	35.731141	117.136627	0.064092	0.064684	0.063507	0.141162
20150805095144.839800	1400.750000	6991.000000	-15.919653	-19.077894	413.662181	41.456220	1.156979	0.127085	1.182159	0.141487	35.919677	36.114246	35.727181	117.131722	0.063745	0.064280	0.063215	0.140337
20150805095209.839800	1425.750000	7091.000000	-15.918157	-19.077680	413.694842	41.501978	1.157137	0.127147	1.182352	0.141521	35.913103	36.107065	35.721201	117.108456	0.063823	0.064357	0.063293	0.140825
20150805095234.828100	1450.750000	7191.000000	-15.916729	-19.077489	413.698655	41.494130	1.157568	0.127218	1.182863	0.141637	35.906886	36.101319	35.714526	117.095150	0.064070	0.064577	0.063569	0.140552
20150805095259.871100	1475.750000	7291.000000	-15.915525	-19.075093	413.652123	41.483133	1.157724	0.127275	1.183128	0.141791	35.901240	36.096115	35.708446	117.075615	0.064224	0.064872	0.063583	0.140643
20150805095324.828100	1500.750000	7391.000000	-15.913818	-19.075987	413.676052	41.502199	1.157735	0.127098	1.183248	0.141832	35.895535	36.089997	35.703146	117.057707	0.064136	0.064709	0.063569	0.140032
20150805095349.839800	1525.750000	7491.000000	-15.913925	-19.074813	413.560276	41.465338	1.157613	0.127024	1.183207	0.141868	35.888887	36.083441	35.696407	117.037971	0.064122	0.064782	0.063469	0.140456
20150805095414.859400	1550.750000	7591.000000	-15.911353	-19.072461	413.674947	41.523143	1.158296	0.127138	1.183783	0.141822	35.882612	36.076631	35.690658	117.029684	0.064324	0.064833	0.063820	0.140520
20150805095439.839800	1575.750000	7691.000000	-15.910563	-19.071871	413.642342	41.510709	1.158153	0.127146	1.183753	0.142076	35.878187	36.072462	35.685982	117.000574	0.064208	0.064669	0.063751	0.139730
20150805095504.839800	1600.750000	7791.000000	-15.908042	-19.073898	413.734465	41.456607	1.158536	0.127117	1.184207	0.142039	35.874631	36.069069	35.682267	116.974392	0.063941	0.064430	0.063457	0.138663
20150805095529.859400	1625.750000	7891.000000	-15.907988	-19.070843	413.540160	41.492251	1.158252	0.127144	1.184086	0.142227	35.871956	36.066541	35.679447	116.972898	0.063894	0.064323	0.063469	0.138742
20150805095554.839800	1650.750000	7991.000000	-15.907538	-19.068942	413.739605	41.495014	1.158803	0.127219	1.184660	0.142337	35.867608	36.062991	35.674318	116.957441	0.063824	0.064204	0.063449	0.138806
20150805095619.839800	1675.750000	8091.000000	-15.907392	-19.069571	413.618578	41.518004	1.158617	0.127265	1.184628	0.142449	35.862940	36.058321	35.669654	116.949758	0.064041	0.064406	0.063680	0.138859
20150805095644.851600	1700.750000	8191.000000	-15.902579	-19.068519	413.722528	41.512257	1.159281	0.127230	1.185385	0.142576	35.856448	36.051289	35.663691	116.907769	0.063977	0.064408	0.063551	0.139286
20150805095709.859400	1725.750000	8291.000000	-15.904549	-19.066948	413.515844	41.475285	1.159101	0.127441	1.185211	0.142753	35.849633	36.044564	35.656788	116.902026	0.064094	0.064434	0.063757	0.137942
20150805095734.839800	1750.750000	8391.000000	-15.901801	-19.066307	413.782710	41.538949	1.159880	0.127755	1.186181	0.142923	35.842704	36.037494	35.649998	116.900655	0.064183	0.064563	0.063807	0.137417
20150805095759.878900	1775.750000	8491.000000	-15.901697	-19.066271	413.546184	41.464730	1.159605	0.127674	1.185755	0.142977	35.839291	36.033318	35.647332	116.876101	0.063969	0.064167	0.063773	0.137774
20150805095824.851600	1800.750000	8591.000000	-15.900031	-19.065646	413.743915	41.483243	1.160179	0.127708	1.186582	0.143031	35.835315	36.031002	35.641730	116.866877	0.064273	0.064590	0.063958	0.137646
20150805095849.839800	1825.750000	8691.000000	-15.899334	-19.066119	413.553313	41.488383	1.159762	0.127841	1.186265	0.143273	35.830702	36.025547	35.637943	116.832126	0.064228	0.064504	0.063955	0.138096
20150805095914.851600	1850.750000	8791.000000	-15.897328	-19.064957	413.738002	41.485178	1.160575	0.127883	1.187114	0.143457	35.825838	36.021090	35.632680	116.819422	0.064231	0.064359	0.064104	0.136752
20150805095939.859400	1875.750000	8891.000000	-15.897948	-19.064045	413.640518	41.530549	1.160381	0.127906	1.186924	0.143389	35.819533	36.014806	35.626356	116.813608	0.064184	0.064463	0.063909	0.136901
20150805100004.839800	1900.750000	8991.000000	-15.895525	-19.063297	413.771050	41.461746	1.161193	0.127917	1.187641	0.143551	35.811456	36.006322	35.618678	116.793119	0.064261	0.064526	0.063999	0.137284
20150805100029.851600	1925.750000	9091.000000	-15.896014	-19.063276	413.600065	41.495567	1.160960	0.128176	1.187540	0.143617	35.804483	35.999182	35.611869	116.784648	0.064296	0.064504	0.064091	0.137235
20150805100054.859400	1950.750000	9191.000000	-15.893761	-19.061423	413.713576	41.475617	1.161546	0.128141	1.187973	0.143692	35.797994	35.992205	35.605858	116.760754	0.064549	0.064808	0.064294	0.137098
20150805100119.839800	1975.750000	9291.000000	-15.892965	-19.060564	413.636207	41.505072	1.161552	0.128150	1.188220	0.143880	35.791801	35.987397	35.598309	116.741413	0.064372	0.064553	0.064193	0.136915
20150805100144.851600	2000.750000	9391.000000	-15.891960	-19.060639	413.724021	41.502751	1.161958	0.128134	1.188691	0.143840	35.786479	35.981596	35.593456	116.740508	0.064615	0.064913	0.064321	0.136699
20150805100209.839800	2025.750000	9491.000000	-15.891770	-19.059846	413.632449	41.498164	1.161899	0.128332	1.188744	0.144123	35.780588	35.975580	35.587687	116.719510	0.064781	0.064896	0.064668	0.136289
20150805100234.839800	2050.750000	9591.000000	-15.890038	-19.059357	413.677986	41.482028	1.162373	0.128335	1.189122	0.144240	35.776126	35.971043	35.583298	116.727329	0.064600	0.064814	0.064389	0.136388
20150805100259.851600	2075.750000	9691.000000	-15.889397	-19.057772	413.697660	41.489267	1.162522	0.128479	1.189368	0.144446	35.769978	35.965056	35.576994	116.690113	0.064852	0.065050	0.064656	0.137360
20150805100324.839800	2100.750000	9791.000000	-15.887097	-19.058374	413.698378	41.533588	1.162808	0.128456	1.189684	0.144382	35.763121	35.958103	35.570233	116.670759	0.064896	0.064971	0.064822	0.136399
20150805100349.851600	2125.750000	9891.000000	-15.886843	-19.060073	413.655660	41.493964	1.162793	0.128544	1.189828	0.144593	35.759273	35.955369	35.565294	116.675544	0.064996	0.064980	0.065011	0.136718
20150805100414.851600	2150.750000	9991.000000	-15.885529	-19.057283	413.636705	41.480922	1.163071	0.128575	1.190177	0.144783	35.753557	35.949271	35.559952	116.644802	0.064996	0.064981	0.065010	0.136779
20150805100439.851600	2175.750000	10091.000000	-15.884030	-19.058255	413.726342	41.475396	1.163558	0.128633	1.190666	0.144799	35.745780	35.942128	35.551557	116.630821	0.065106	0.065188	0.065026	0.135447
20150805100504.878900	2200.750000	10191.000000	-15.883935	-19.056195	413.611615	41.475562	1.163630	0.128815	1.190883	0.145041	35.740529	35.937327	35.545866	116.627310	0.065285	0.065317	0.065253	0.135869
20150805100529.859400	2225.750000	10291.000000	-15.882868	-19.055856	413.715178	41.484293	1.164046	0.128881	1.191401	0.145172	35.733782	35.930398	35.539296	116.596542	0.065356	0.065296	0.065416	0.136163
20150805100554.851600	2250.750000	10391.000000	-15.883574	-19.056416	413.578844	41.541436	1.164053	0.129006	1.191268	0.145305	35.727848	35.923870	35.533943	116.586088	0.065463	0.065534	0.065393	0.136259
20150805100619.859400	2275.750000	10491.000000	-15.880999	-19.053489	413.732365	41.472135	1.164711	0.129035	1.192019	0.145363	35.722541	35.919316	35.527901	116.591150	0.065337	0.065290	0.065383	0.136191
20150805100644.859400	2300.750000	10591.000000	-15.880442	-19.052574	413.602276	41.492693	1.164613	0.129238	1.192019	0.145509	35.716450	35.913570	35.521474	116.565699	0.065455	0.065542	0.065369	0.135796
20150805100709.839800	2325.750000	10691.000000	-15.878085	-19.051925	413.760715	41.517672	1.165222	0.129269	1.192697	0.145642	35.710709	35.907608	35.515947	116.550779	0.065443	0.065487	0.065399	0.135329
20150805100734.859400	2350.750000	10791.000000	-15.877015	-19.051695	413.500481	41.465835	1.164835	0.129399	1.192397	0.145795	35.705492	35.902577	35.510551	116.532507	0.065626	0.065631	0.065620	0.135537
20150805100759.851600	2375.750000	10891.000000	-15.876940	-19.050944	413.739715	41.482193	1.165681	0.129349	1.193329	0.145884	35.700698	35.897797	35.505742	116.539655	0.065579	0.065575	0.065584	0.134912
20150805100824.859400	2400.750000	10991.000000	-15.877062	-19.051233	413.641457	41.508001	1.165479	0.129536	1.193036	0.146032	35.693688	35.890762	35.498758	116.510327	0.065622	0.065628	0.065617	0.136055
20150805100849.851600	2425.750000	11091.000000	-15.875361	-19.050157	413.697439	41.463680	1.166100	0.129518	1.193607	0.145998	35.687534	35.884909	35.492309	116.500917	0.065912	0.065936	0.065888	0.135747
20150805100914.878900	2450.750000	11191.000000	-15.874827	-19.050205	413.538502	41.488880	1.165714	0.129589	1.193504	0.146220	35.682610	35.880570	35.486814	116.464487	0.066216	0.066173	0.066259	0.135983
20150805100939.871100	2475.750000	11291.000000	-15.872172	-19.048223	413.744965	41.523088	1.166791	0.129824	1.194733	0.146568	35.677165	35.874878	35.481611	116.473137	0.066207	0.066189	0.066225	0.136666
20150805101004.851600	2500.750000	11391.000000	-15.873015	-19.047657	413.591665	41.516954	1.166539	0.130038	1.194679	0.147028	35.673338	35.870711	35.478116	116.464128	0.066079	0.066019	0.066138	0.135749
20150805101029.878900	2525.750000	11491.000000	-15.870875	-19.047952	413.746236	41.457767	1.167394	0.130215	1.195418	0.147050	35.666690	35.864325	35.471213	116.436760	0.066199	0.066174	0.066224	0.136038
20150805101054.871100	2550.750000	11591.000000	-15.872812	-19.047845	413.604099	41.496893	1.167142	0.130464	1.195287	0.147372	35.662298	35.860351	35.466412	116.425572	0.066423	0.066424	0.066422	0.136220
20150805101119.859400	2575.750000	11691.000000	-15.869388	-19.046048	413.755686	41.470809	1.167918	0.130458	1.196151	0.147347	35.657000	35.855913	35.460273	116.418583	0.066483	0.066353	0.066612	0.135631
20150805101144.878900	2600.750000	11791.000000	-15.867973	-19.046432	413.669697	41.525575	1.167869	0.130605	1.195972	0.147592	35.650768	35.848909	35.454795	116.402178	0.066438	0.066354	0.066521	0.134791
20150805101209.871100	2625.750000	11891.000000	-15.865967	-19.045228	413.753973	41.470478	1.168373	0.130498	1.196643	0.147514	35.645181	35.844465	35.448091	116.391623	0.066582	0.066345	0.066816	0.135706
20150805101234.859400	2650.750000	11991.000000	-15.867451	-19.044969	413.554639	41.485454	1.168230	0.130581	1.196371	0.147746	35.639598	35.838253	35.443123	116.389141	0.066857	0.066689	0.067024	0.136058
20150805101259.871100	2675.750000	12091.000000	-15.865898	-19.043449	413.693792	41.476170	1.168759	0.130757	1.197162	0.147860	35.633440	35.831735	35.437318	116.361702	0.066932	0.066845	0.067017	0.135940
20150805101324.871100	2700.750000	12191.000000	-15.864355	-19.044113	413.648199	41.532593	1.168802	0.130832	1.197221	0.148013	35.626266	35.825064	35.429651	116.328933	0.066826	0.066678	0.066972	0.135502
20150805101349.859400	2725.750000	12291.000000	-15.863070	-19.043955	413.704844	41.487001	1.169408	0.130965	1.197860	0.148205	35.620148	35.819235	35.423253	116.316416	0.067150	0.066946	0.067352	0.136303
20150805101414.859400	2750.750000	12391.000000	-15.863759	-19.042167	413.715178	41.523143	1.169381	0.131138	1.197935	0.148261	35.613889	35.812967	35.417004	116.318589	0.066959	0.066746	0.067170	0.135123
20150805101439.871100	2775.750000	12491.000000	-15.862137	-19.041387	413.690586	41.487941	1.169730	0.131017	1.198282	0.148262	35.606313	35.805664	35.409161	116.296977	0.067173	0.066985	0.067358	0.136448
20150805101504.859400	2800.750000	12591.000000	-15.859246	-19.041714	413.709099	41.504630	1.169991	0.131109	1.198457	0.148320	35.599972	35.798860	35.403274	116.284174	0.067416	0.067240	0.067590	0.135155
20150805101529.871100	2825.750000	12691.000000	-15.859434	-19.040826	413.677931	41.483409	1.170175	0.131281	1.198810	0.148443	35.592213	35.791182	35.395435	116.259382	0.067790	0.067558	0.068018	0.135370
20150805101554.898400	2850.750000	12791.000000	-15.858987	-19.040171	413.655107	41.491367	1.170511	0.131261	1.199115	0.148768	35.586366	35.785371	35.389553	116.254061	0.067832	0.067621	0.068040	0.135647
20150805101619.859400	2875.750000	12891.000000	-15.859246	-19.040466	413.629963	41.492638	1.170695	0.131329	1.199365	0.148755	35.581328	35.779958	35.384883	116.245951	0.067970	0.067713	0.068224	0.136229
20150805101644.871100	2900.750000	12991.000000	-15.854830	-19.039324	413.689426	41.456385	1.171200	0.131450	1.199778	0.148884	35.574155	35.773470	35.377038	116.212227	0.067946	0.067532	0.068356	0.135116
20150805101709.871100	2925.750000	13091.000000	-15.856812	-19.038582	413.617418	41.468322	1.171204	0.131657	1.199993	0.149085	35.567471	35.767078	35.370069	116.198509	0.068317	0.068001	0.068629	0.135554
20150805101734.859400	2950.750000	13191.000000	-15.854243	-19.038248	413.690918	41.469980	1.171783	0.131690	1.200521	0.149201	35.559572	35.759312	35.362041	116.190259	0.068306	0.067982	0.068626	0.135740
20150805101759.871100	2975.750000	13291.000000	-15.853709	-19.037417	413.585089	41.545304	1.171628	0.131857	1.200574	0.149477	35.552632	35.751726	35.355734	116.175889	0.068473	0.068129	0.068813	0.135254
20150805101824.871100	3000.750000	13391.000000	-15.851522	-19.037181	413.723081	41.506620	1.172348	0.131855	1.201311	0.149325	35.544030	35.743715	35.346555	116.164606	0.068783	0.068405	0.069157	0.135945
20150805101849.890600	3025.750000	13491.000000	-15.853855	-19.036421	413.579894	41.518004	1.172424	0.131937	1.201297	0.149550	35.536205	35.735404	35.339203	116.133919	0.068814	0.068497	0.069127	0.135549
20150805101914.871100	3050.750000	13591.000000	-15.851310	-19.036916	413.760273	41.497501	1.172954	0.131969	1.202123	0.149566	35.530681	35.730537	35.333039	116.130862	0.069239	0.068859	0.069615	0.136031
20150805101939.890600	3075.750000	13691.000000	-15.851671	-19.035220	413.568455	41.484736	1.172619	0.132134	1.201859	0.149794	35.524176	35.724220	35.326351	116.114401	0.069172	0.068705	0.069633	0.136162
20150805102004.890600	3100.750000	13791.000000	-15.849382	-19.035578	413.751210	41.516567	1.173598	0.132225	1.202737	0.149971	35.515172	35.715079	35.317483	116.102698	0.069578	0.069160	0.069991	0.136098
20150805102029.878900	3125.750000	13891.000000	-15.847743	-19.033832	413.587023	41.495512	1.173557	0.132420	1.202622	0.150087	35.507126	35.707406	35.309072	116.067911	0.069885	0.069533	0.070233	0.136484
20150805102054.878900	3150.750000	13991.000000	-15.847144	-19.033331	413.729105	41.464399	1.174527	0.132596	1.203635	0.150290	35.497156	35.698005	35.298546	116.056067	0.069691	0.069196	0.070182	0.135809
20150805102119.890600	3175.750000	14091.000000	-15.848303	-19.033796	413.490755	41.482138	1.174291	0.132792	1.203448	0.150621	35.489080	35.689128	35.291254	116.052043	0.070068	0.069650	0.070481	0.136127
20150805102144.871100	3200.750000	14191.000000	-15.844968	-19.032729	413.736234	41.457270	1.175343	0.132912	1.204614	0.150853	35.483248	35.683881	35.284849	116.023653	0.070341	0.069816	0.070860	0.136067
20150805102209.878900	3225.750000	14291.000000	-15.845719	-19.032336	413.556463	41.461635	1.175030	0.133016	1.204640	0.151177	35.479673	35.680221	35.281358	116.022846	0.070530	0.070042	0.071013	0.136759
20150805102234.878900	3250.750000	14391.000000	-15.843594	-19.031289	413.762705	41.483354	1.175862	0.133134	1.205496	0.151301	35.473392	35.674546	35.274486	116.011831	0.070496	0.070080	0.070907	0.136968
20150805102259.871100	3275.750000	14491.000000	-15.843970	-19.031471	413.573539	41.470091	1.175593	0.133286	1.205446	0.151461	35.467941	35.669015	35.269112	116.000145	0.070616	0.069980	0.071244	0.136212
20150805102324.878900	3300.750000	14591.000000	-15.841931	-19.030074	413.718660	41.477441	1.176440	0.133477	1.206133	0.151716	35.461283	35.662030	35.262774	115.991165	0.070957	0.070432	0.071476	0.136686
20150805102349.890600	3325.750000	14691.000000	-15.841434	-19.029975	413.590118	41.476501	1.176646	0.133767	1.206364	0.151936	35.453839	35.654624	35.255294	115.973929	0.071115	0.070560	0.071663	0.136264
20150805102414.871100	3350.750000	14791.000000	-15.838814	-19.030229	413.740765	41.481972	1.177342	0.133909	1.207027	0.152171	35.445055	35.645687	35.246660	115.948099	0.071276	0.070591	0.071954	0.135817
20150805102439.878900	3375.750000	14891.000000	-15.840921	-19.031486	413.607857	41.460254	1.177262	0.134019	1.207251	0.152395	35.439357	35.639862	35.241085	115.938077	0.071637	0.071013	0.072254	0.136469
20150805102504.890600	3400.750000	14991.000000	-15.839142	-19.029281	413.701473	41.471362	1.178026	0.134324	1.208267	0.153067	35.432514	35.633225	35.234042	115.926689	0.071767	0.071134	0.072393	0.137272
20150805102529.878900	3425.750000	15091.000000	-15.839613	-19.027552	413.735184	41.502972	1.178323	0.134658	1.208418	0.153128	35.424938	35.626134	35.225991	115.919407	0.071835	0.071180	0.072483	0.136833
20150805102554.878900	3450.750000	15191.000000	-15.837586	-19.028428	413.727005	41.490096	1.178862	0.134678	1.209044	0.153282	35.417724	35.617920	35.219758	115.897524	0.072254	0.071526	0.072974	0.137036
20150805102619.890600	3475.750000	15291.000000	-15.836495	-19.026307	413.697107	41.500762	1.178950	0.134798	1.209146	0.153440	35.409093	35.609495	35.210925	115.885100	0.072320	0.071447	0.073183	0.136526
20150805102644.878900	3500.750000	15391.000000	-15.832180	-19.025493	413.664115	41.489212	1.179443	0.134947	1.209580	0.153508	35.399020	35.599676	35.200604	115.864747	0.072850	0.072033	0.073659	0.137197
20150805102709.890600	3525.750000	15491.000000	-15.834636	-19.026748	413.709597	41.457546	1.179945	0.134974	1.210246	0.153649	35.388713	35.589717	35.189958	115.840933	0.073086	0.072334	0.073829	0.137076
20150805102734.890600	3550.750000	15591.000000	-15.833402	-19.025442	413.645768	41.483796	1.180040	0.134941	1.210487	0.153885	35.382331	35.584638	35.182303	115.838404	0.073415	0.072652	0.074170	0.137014
20150805102759.878900	3575.750000	15691.000000	-15.831813	-19.025207	413.643005	41.471914	1.180358	0.135200	1.211107	0.154256	35.375356	35.576983	35.175993	115.794208	0.073704	0.072782	0.074615	0.137074
20150805102824.878900	3600.750000	15791.000000	-15.833295	-19.024503	413.622281	41.520436	1.180526	0.135467	1.211465	0.154443	35.365803	35.569409	35.164505	115.790215	0.073942	0.072982	0.074892	0.136844
20150805102849.890600	3625.750000	15891.000000	-15.830285	-19.023809	413.713299	41.504354	1.181217	0.135429	1.212341	0.154732	35.353649	35.558419	35.151214	115.748576	0.074437	0.073224	0.075636	0.137274
20150805102914.878900	3650.750000	15991.000000	-15.829814	-19.022587	413.571660	41.515849	1.181332	0.135625	1.212651	0.155026	35.343615	35.549787	35.139810	115.742045	0.074812	0.073469	0.076141	0.137005
20150805102939.890600	3675.750000	16091.000000	-15.824658	-19.022092	413.747231	41.507338	1.182027	0.135745	1.213668	0.155170	35.333547	35.541196	35.128299	115.712503	0.075143	0.073808	0.076462	0.136549
20150805103004.890600	3700.750000	16191.000000	-15.827844	-19.022176	413.569007	41.513804	1.182016	0.135766	1.213534	0.155369	35.322277	35.530391	35.116576	115.706002	0.075410	0.073963	0.076842	0.137412
20150805103029.878900	3725.750000	16291.000000	-15.824634	-19.022113	413.716284	41.493412	1.182932	0.136075	1.214831	0.155658	35.310877	35.519891	35.104296	115.683263	0.075606	0.074127	0.077068	0.137251
20150805103054.910200	3750.750000	16391.000000	-15.825677	-19.021449	413.600673	41.477109	1.183001	0.136227	1.215035	0.156003	35.299166	35.509610	35.091190	115.655740	0.076214	0.074545	0.077864	0.137162
20150805103119.910200	3775.750000	16491.000000	-15.823299	-19.020319	413.718328	41.457325	1.183946	0.136313	1.216111	0.156283	35.289484	35.500726	35.080729	115.634750	0.076613	0.075052	0.078155	0.137297
20150805103144.890600	3800.750000	16591.000000	-15.823561	-19.019553	413.559723	41.500651	1.183828	0.136531	1.216114	0.156594	35.278343	35.489804	35.069373	115.619462	0.076821	0.075044	0.078579	0.137136
20150805103209.898400	3825.750000	16691.000000	-15.818897	-19.019014	413.743363	41.442514	1.184770	0.136592	1.217303	0.156803	35.267325	35.479665	35.057498	115.588650	0.077234	0.075341	0.079104	0.138181
20150805103234.890600	3850.750000	16791.000000	-15.819651	-19.019106	413.586415	41.485896	1.184760	0.136710	1.217361	0.156933	35.256189	35.469455	35.045458	115.572156	0.077713	0.075665	0.079737	0.137799
20150805103259.878900	3875.750000	16891.000000	-15.816552	-19.018257	413.731536	41.472246	1.185654	0.136645	1.218608	0.157231	35.245100	35.458619	35.034122	115.537033	0.077961	0.075897	0.080000	0.138194
20150805103324.890600	3900.750000	16991.000000	-15.818164	-19.018239	413.603326	41.534583	1.185555	0.137026	1.218602	0.157608	35.231675	35.446794	35.019137	115.515552	0.078515	0.076360	0.080645	0.137842
20150805103349.898400	3925.750000	17091.000000	-15.815383	-19.017831	413.723468	41.500099	1.186724	0.137064	1.219763	0.157853	35.218132	35.433737	35.005119	115.503740	0.079003	0.076705	0.081274	0.137928
20150805103414.929700	3950.750000	17191.000000	-15.816000	-19.016996	413.551047	41.516180	1.186677	0.137276	1.220049	0.158078	35.206315	35.422142	34.993085	115.481338	0.079476	0.077198	0.081726	0.138630
20150805103439.890600	3975.750000	17291.000000	-15.812740	-19.016508	413.759831	41.458707	1.187792	0.137467	1.221389	0.158357	35.192520	35.410028	34.977651	115.462058	0.079941	0.077666	0.082189	0.138083
20150805103504.898400	4000.750000	17391.000000	-15.813565	-19.016138	413.520265	41.508886	1.187858	0.137721	1.221544	0.158790	35.180074	35.399116	34.963708	115.427769	0.080470	0.078091	0.082822	0.138708
20150805103529.890600	4025.750000	17491.000000	-15.809781	-19.015119	413.697936	41.469759	1.188998	0.138004	1.222922	0.159182	35.168041	35.387625	34.951148	115.427021	0.080903	0.078531	0.083247	0.138469
20150805103554.890600	4050.750000	17591.000000	-15.810633	-19.014496	413.654997	41.512146	1.189430	0.138429	1.223400	0.159449	35.154539	35.375018	34.936776	115.387441	0.081102	0.078810	0.083366	0.138496
20150805103619.910200	4075.750000	17691.000000	-15.809322	-19.013265	413.703242	41.447488	1.190294	0.138749	1.224350	0.159891	35.143376	35.365386	34.924118	115.374675	0.081502	0.079169	0.083806	0.138726
20150805103644.890600	4100.750000	17791.000000	-15.807489	-19.012821	413.663286	41.470422	1.190548	0.138988	1.224632	0.160285	35.132530	35.354920	34.912902	115.347873	0.082203	0.079717	0.084659	0.139113
20150805103709.898400	4125.750000	17891.000000	-15.806654	-19.012082	413.724628	41.511372	1.191237	0.139043	1.225527	0.160423	35.119197	35.342466	34.898713	115.324269	0.082647	0.080203	0.085061	0.139317
20150805103734.898400	4150.750000	17991.000000	-15.805510	-19.011748	413.706005	41.538396	1.191623	0.139294	1.226086	0.160704	35.107315	35.331099	34.886331	115.317455	0.082811	0.080434	0.085159	0.139269
20150805103759.921900	4175.750000	18091.000000	-15.805209	-19.011137	413.746513	41.517949	1.192359	0.139796	1.226712	0.160989	35.093312	35.317313	34.872117	115.296645	0.083316	0.080850	0.085751	0.139074
20150805103824.898400	4200.750000	18191.000000	-15.802777	-19.009972	413.626592	41.481696	1.193017	0.139813	1.227418	0.161325	35.080481	35.304891	34.858889	115.267889	0.084125	0.081663	0.086558	0.138710
20150805103849.898400	4225.750000	18291.000000	-15.803355	-19.010726	413.653173	41.464620	1.193512	0.140003	1.228022	0.161435	35.065369	35.289447	34.844103	115.246063	0.084477	0.081998	0.086925	0.138729
20150805103914.910200	4250.750000	18391.000000	-15.800035	-19.010765	413.709984	41.473793	1.194566	0.140326	1.228976	0.161802	35.047287	35.271144	34.826236	115.219302	0.085366	0.082942	0.087761	0.139553
20150805103939.898400	4275.750000	18491.000000	-15.799409	-19.009355	413.607139	41.477828	1.195138	0.140640	1.229714	0.162109	35.031029	35.255045	34.809824	115.196822	0.085691	0.083221	0.088132	0.139326
20150805104004.910200	4300.750000	18591.000000	-15.797952	-19.009781	413.766186	41.505238	1.195957	0.140903	1.230833	0.162445	35.014863	35.239089	34.793454	115.165890	0.086540	0.083942	0.089106	0.139959
20150805104029.921900	4325.750000	18691.000000	-15.797502	-19.008076	413.591444	41.484128	1.196475	0.141243	1.231320	0.162876	34.999032	35.223674	34.777219	115.148396	0.087174	0.084547	0.089769	0.139913
20150805104054.898400	4350.750000	18791.000000	-15.795109	-19.008643	413.753918	41.502917	1.197659	0.141469	1.232534	0.163243	34.981250	35.205426	34.759890	115.114514	0.087882	0.085104	0.090627	0.139569
20150805104119.910200	4375.750000	18891.000000	-15.795946	-19.005779	413.630792	41.467935	1.198128	0.141904	1.233108	0.163655	34.964660	35.190377	34.741802	115.102467	0.088453	0.085770	0.091103	0.140156
20150805104144.910200	4400.750000	18991.000000	-15.792725	-19.007090	413.704071	41.457988	1.199443	0.142115	1.234521	0.163933	34.946921	35.171456	34.725217	115.064470	0.089001	0.086331	0.091638	0.140687
20150805104209.898400	4425.750000	19091.000000	-15.793225	-19.005579	413.515457	41.517617	1.199828	0.142536	1.235118	0.164664	34.926824	35.151420	34.705060	115.048322	0.090240	0.087500	0.092947	0.141189
20150805104234.898400	4450.750000	19191.000000	-15.789676	-19.004855	413.786247	41.505349	1.201244	0.142874	1.236683	0.165081	34.908502	35.132952	34.686882	115.027792	0.090875	0.088211	0.093507	0.141120
20150805104259.910200	4475.750000	19291.000000	-15.791080	-19.004417	413.544857	41.441962	1.201861	0.143284	1.237241	0.165679	34.891903	35.115740	34.670882	114.989933	0.091459	0.088751	0.094135	0.141365
20150805104324.921900	4500.750000	19391.000000	-15.787387	-19.003517	413.703794	41.444946	1.203330	0.143833	1.238856	0.166239	34.870430	35.094532	34.649153	114.970475	0.092205	0.089511	0.094865	0.140516
20150805104349.910200	4525.750000	19491.000000	-15.788239	-19.003216	413.527560	41.495180	1.203708	0.144217	1.239424	0.166707	34.848184	35.073672	34.625556	114.936539	0.093265	0.090374	0.096119	0.142048
20150805104414.910200	4550.750000	19591.000000	-15.784884	-19.001678	413.725457	41.451799	1.205414	0.144578	1.241389	0.167174	34.822835	35.049305	34.599251	114.927971	0.093889	0.090928	0.096812	0.141891
20150805104439.910200	4575.750000	19691.000000	-15.784195	-19.001684	413.567847	41.455280	1.205878	0.145071	1.242346	0.167892	34.803191	35.031384	34.577929	114.894400	0.094785	0.091780	0.097753	0.141833
20150805104504.910200	4600.750000	19791.000000	-15.781272	-19.000858	413.700423	41.451909	1.207384	0.145313	1.244065	0.168338	34.782322	35.013467	34.554183	114.865798	0.095436	0.092030	0.098799	0.142104
20150805104529.921900	4625.750000	19891.000000	-15.781799	-19.000837	413.602994	41.535964	1.207669	0.145819	1.244445	0.168887	34.764447	34.996296	34.535621	114.837710	0.096037	0.092469	0.099560	0.142043
20150805104554.898400	4650.750000	19991.000000	-15.779266	-18.998418	413.778897	41.498828	1.208827	0.145912	1.246021	0.169165	34.744640	34.978946	34.513424	114.815567	0.096655	0.093084	0.100180	0.142848
20150805104619.941400	4675.750000	20091.000000	-15.778378	-18.997538	413.645492	41.513086	1.209581	0.146599	1.246832	0.169825	34.724661	34.959942	34.492497	114.775802	0.097449	0.093893	0.100959	0.142825
20150805104644.921900	4700.750000	20191.000000	-15.776426	-18.998128	413.799068	41.486449	1.211159	0.146892	1.248274	0.170195	34.700996	34.937556	34.467590	114.753246	0.098339	0.094731	0.101901	0.143424
20150805104709.921900	4725.750000	20291.000000	-15.774772	-18.997202	413.618634	41.518833	1.211742	0.147280	1.249039	0.170615	34.677959	34.915597	34.443506	114.708049	0.099104	0.095500	0.102661	0.143638
20150805104734.910200	4750.750000	20391.000000	-15.772981	-18.996367	413.738334	41.456938	1.213343	0.147981	1.250890	0.171250	34.654353	34.893938	34.418007	114.687885	0.100192	0.096578	0.103758	0.143994
20150805104759.921900	4775.750000	20491.000000	-15.772033	-18.995989	413.613052	41.450804	1.214374	0.148581	1.251879	0.171693	34.631662	34.872008	34.394579	114.662400	0.100900	0.097375	0.104377	0.143653
20150805104824.898400	4800.750000	20591.000000	-15.769205	-18.995050	413.776963	41.536572	1.215822	0.149148	1.253381	0.172220	34.606680	34.848712	34.367960	114.620996	0.101720	0.098203	0.105189	0.143554
20150805104849.910200	4825.750000	20691.000000	-15.769264	-18.995142	413.608852	41.503636	1.216934	0.149764	1.254389	0.172536	34.580908	34.823792	34.341362	114.602268	0.102853	0.099307	0.106351	0.144605
20150805104914.949200	4850.750000	20791.000000	-15.766871	-18.994314	413.686110	41.512036	1.218431	0.150370	1.256090	0.173383	34.553056	34.796456	34.313010	114.577426	0.103793	0.100319	0.107220	0.143968
20150805104939.910200	4875.750000	20891.000000	-15.766022	-18.993274	413.659307	41.505459	1.220031	0.151084	1.257614	0.174095	34.524369	34.769221	34.282915	114.542967	0.104798	0.101330	0.108220	0.144836
20150805105004.921900	4900.750000	20991.000000	-15.763983	-18.992925	413.725402	41.519275	1.221647	0.151623	1.259228	0.174672	34.492766	34.738439	34.250517	114.507001	0.106043	0.102497	0.109541	0.144254
20150805105029.921900	4925.750000	21091.000000	-15.763062	-18.992424	413.586802	41.498993	1.222900	0.152311	1.260629	0.175191	34.465774	34.713042	34.221978	114.455237	0.107049	0.103484	0.110565	0.145186
20150805105054.910200	4950.750000	21191.000000	-15.760866	-18.991909	413.598463	41.492141	1.224469	0.153024	1.262485	0.176027	34.434693	34.684224	34.188699	114.428384	0.108307	0.104692	0.111873	0.145041
20150805105119.910200	4975.750000	21291.000000	-15.758646	-18.991277	413.737615	41.489543	1.226566	0.153803	1.264594	0.176644	34.397382	34.648611	34.149742	114.390969	0.109897	0.106155	0.113587	0.145692
20150805105144.949200	5000.750000	21391.000000	-15.757618	-18.989900	413.634384	41.492251	1.228042	0.154606	1.266164	0.177252	34.359263	34.613094	34.109098	114.350068	0.111343	0.107546	0.115087	0.146160
20150805105209.910200	5025.750000	21491.000000	-15.754357	-18.988982	413.671355	41.470422	1.230044	0.155344	1.268176	0.177918	34.324490	34.581361	34.071376	114.307129	0.112390	0.108510	0.116215	0.145812
20150805105234.921900	5050.750000	21591.000000	-15.754387	-18.987769	413.519326	41.497446	1.231420	0.156156	1.269617	0.178593	34.287904	34.547053	34.032584	114.268199	0.113872	0.109935	0.117753	0.146732
20150805105259.929700	5075.750000	21691.000000	-15.749964	-18.986771	413.679147	41.456883	1.234088	0.157078	1.272567	0.179695	34.243208	34.504827	33.985493	114.217772	0.115410	0.111304	0.119457	0.146922
20150805105324.929700	5100.750000	21791.000000	-15.750101	-18.985915	413.563923	41.481475	1.236065	0.157994	1.275038	0.180871	34.193761	34.456003	33.935443	114.176649	0.117227	0.112924	0.121466	0.147400
20150805105349.929700	5125.750000	21891.000000	-15.745428	-18.984804	413.690421	41.442957	1.238670	0.158729	1.277997	0.181891	34.147444	34.412005	33.886877	114.136852	0.118761	0.114094	0.123360	0.147607
20150805105414.921900	5150.750000	21991.000000	-15.746078	-18.983916	413.490036	41.469759	1.240250	0.159636	1.280037	0.183029	34.101887	34.369337	33.838522	114.091417	0.120578	0.115735	0.125349	0.148261
20150805105439.929700	5175.750000	22091.000000	-15.741623	-18.982914	413.701197	41.469593	1.243294	0.160522	1.283257	0.184044	34.052156	34.322887	33.785616	114.040829	0.122197	0.117266	0.127054	0.148746
20150805105504.921900	5200.750000	22191.000000	-15.740106	-18.981955	413.627089	41.517838	1.245170	0.161640	1.285728	0.185121	33.999871	34.272983	33.731029	113.986232	0.124177	0.119118	0.129158	0.149067
20150805105529.929700	5225.750000	22291.000000	-15.736500	-18.981406	413.732310	41.482801	1.248451	0.162379	1.289816	0.186505	33.931225	34.209454	33.657430	113.921301	0.126142	0.120734	0.131465	0.149485
20150805105554.941400	5250.750000	22391.000000	-15.735665	-18.981740	413.594871	41.528725	1.250681	0.163484	1.292900	0.188050	33.869565	34.155103	33.588703	113.859360	0.128098	0.122593	0.133514	0.149920
20150805105619.949200	5275.750000	22491.000000	-15.730539	-18.979022	413.711531	41.491588	1.254002	0.164341	1.296978	0.189394	33.804251	34.095710	33.517667	113.807405	0.130013	0.124025	0.135903	0.150325
20150805105644.949200	5300.750000	22591.000000	-15.729928	-18.978140	413.537839	41.476888	1.256360	0.165270	1.300337	0.190642	33.735047	34.034515	33.440731	113.731598	0.132199	0.126071	0.138224	0.151019
20150805105709.941400	5325.750000	22691.000000	-15.726069	-18.976859	413.741318	41.491975	1.259924	0.166419	1.304785	0.192077	33.666219	33.974682	33.363234	113.679723	0.134297	0.128048	0.140439	0.150724
20150805105734.941400	5350.750000	22791.000000	-15.723497	-18.976730	413.547786	41.504133	1.262257	0.167552	1.308063	0.193479	33.596520	33.915639	33.283271	113.608183	0.136466	0.129940	0.142875	0.152278
20150805105759.929700	5375.750000	22891.000000	-15.719435	-18.975476	413.670028	41.432954	1.265952	0.168568	1.312568	0.194801	33.523129	33.849498	33.202911	113.537969	0.138772	0.132094	0.145329	0.152132
20150805105824.941400	5400.750000	22991.000000	-15.716842	-18.973905	413.588184	41.480314	1.269110	0.170047	1.316496	0.196390	33.449724	33.782893	33.122982	113.473367	0.141425	0.134769	0.147956	0.152845
20150805105849.921900	5425.750000	23091.000000	-15.713907	-18.972191	413.713134	41.460862	1.273534	0.171493	1.321375	0.197914	33.363686	33.701807	33.032203	113.413396	0.144337	0.137866	0.150685	0.153991
20150805105914.949200	5450.750000	23191.000000	-15.710384	-18.970484	413.600176	41.475285	1.278848	0.173793	1.326827	0.199850	33.251122	33.593993	32.915112	113.324688	0.148975	0.143087	0.154748	0.154612
20150805105939.941400	5475.750000	23291.000000	-15.704286	-18.969286	413.717942	41.489875	1.286120	0.176271	1.335463	0.202576	33.094413	33.451981	32.744336	113.213248	0.155163	0.148947	0.161253	0.155400
20150805110004.921900	5500.750000	23391.000000	-15.700150	-18.967632	413.635102	41.469925	1.292754	0.178552	1.343513	0.205297	32.944599	33.309910	32.587143	113.102873	0.159977	0.153828	0.165997	0.156591
20150805110029.929700	5525.750000	23491.000000	-15.694213	-18.966067	413.696444	41.473517	1.301051	0.181196	1.353478	0.208585	32.762183	33.142230	32.390681	112.974155	0.166128	0.159992	0.172129	0.157571
20150805110054.941400	5550.750000	23591.000000	-15.688119	-18.963918	413.644718	41.499491	1.309664	0.184060	1.363900	0.212084	32.564374	32.956967	32.180949	112.830419	0.171893	0.165644	0.177999	0.158832
20150805110119.929700	5575.750000	23691.000000	-15.683165	-18.961081	413.679755	41.495457	1.319471	0.187002	1.375751	0.215685	32.349136	32.756508	31.951694	112.694005	0.178096	0.171870	0.184174	0.160375
20150805110144.941400	5600.750000	23791.000000	-15.675724	-18.958196	413.717776	41.500430	1.330189	0.190516	1.389065	0.219959	32.114587	32.541637	31.698518	112.528343	0.185003	0.178652	0.191195	0.161372
20150805110209.949200	5625.750000	23891.000000	-15.664345	-18.956462	413.687436	41.485233	1.347057	0.194955	1.413306	0.227690	31.699657	32.176743	31.236380	112.259251	0.196151	0.188046	0.204027	0.163746
20150805110234.929700	5650.750000	23991.000000	-15.653292	-18.952319	413.682573	41.509770	1.365830	0.200687	1.437943	0.236615	31.303681	31.804918	30.817875	111.994433	0.205327	0.197849	0.212579	0.165901
20150805110259.929700	5675.750000	24091.000000	-15.643534	-18.947119	413.566852	41.463901	1.386758	0.207608	1.462640	0.245561	30.899233	31.411420	30.403372	111.720241	0.215165	0.208601	0.221524	0.168171
20150805110324.941400	5700.750000	24191.000000	-15.627283	-18.944493	413.661021	41.495014	1.414117	0.215780	1.494787	0.257490	30.396878	30.901456	29.908410	111.372090	0.230968	0.224589	0.237146	0.170933
20150805110349.929700	5725.750000	24291.000000	-15.606076	-18.937215	413.589510	41.539059	1.457022	0.227441	1.542967	0.273210	29.597203	30.089305	29.120841	110.835984	0.255576	0.249771	0.261198	0.175657
20150805110403.210900	5739.000000	24344.000000	-15.580422	-18.929678	413.543973	41.497280	1.505312	0.238998	1.594899	0.292381	28.783013	29.201351	28.376352	110.242875	0.291164	0.283003	0.299098	0.182304
20150805110407.941400	5743.750000	24363.000000	-15.556890	-18.925244	413.701142	41.521707	1.550917	0.246994	1.650315	0.309181	27.948064	28.353852	27.553535	109.668008	0.310906	0.301332	0.320215	0.185392
20150805110411.191400	5747.000000	24376.000000	-15.534434	-18.917054	413.441847	41.532483	1.599951	0.255780	1.710443	0.328522	27.098875	27.485751	26.722306	109.068653	0.350490	0.334499	0.366044	0.193395
20150805110411.949200	5747.750000	24379.000000	-14.157787	-18.689469	407.884140	43.136938	1.678799	-0.670726	3.559257	-4.000000	7.414941	15.400108	4.782831	80.499070	-0.487733	-0.562088	-0.464623	1.225959
20150805110412.351600	5748.000000	24379.000000	-12.118036	-16.764084	386.117746	4.330146	3.040061	-1.476192	3.878343	-4.000000	8.759702	3.878831	5.269214	-63.610269	0.962032	1.769395	0.499213	2.190842
