Program version:	Fatigue ver. 4.0
Date and time:	03-08-2015 09:22:46
Operator:	sras
Project ID:	44055 I-1
Sample ID:	EQA02-04
Comments:	
	
Mode of operation:	Ten-ten
Low load setpoint [kN]:	0.000000
Sample width [mm]:	25.190000
Sample thickness [mm]:	4.250000
Strain sensor:	Extensometer
Number of strain sensors:	2
Channel configuration:	0 6 1,1,0,0,0,0 1,4,1,2,3,4
Digital I/O:	0,1,None
	
Machine SN:	88R1342
Load cell SN:	UK 054
Load cell [kN]:	100.000000
Extensometer 1 SN:	2026
Gauge length 1 [mm]:	50.000000
Full scale 1 [%]:	2.000000
Extensometer 2 SN:	2084
Gauge length 2 [mm]:	50.000000
Full scale 2 [%]:	2.000000
	
Modulus [GPa]:	38.500785
	
E-max [%]:	0.900000
R:	0.100000
Waveform frequency [Hz]:	5.000000
Samples pr cycle:	125
	
Max change stiffness [%]:	0.500000
Max cycles between log:	500
Number of initial cycles:	20
Run out cycle:	2000000
	
	
Timestamp [yyyymmddHHMMSS.frac]	Time [s]	Cycle	Position max [mm]	Position min [mm]	Stress max [MPa]	Stress min [MPa]	Strain1 max [%]	Strain1 min [%]	Strain2 max [%]	Strain2 min [%]	StiffnessAvg [GPa]	Stiffness1 [GPa]	Stiffness2 [GPa]	StiffnessPosition [MPa/mm]	DampingAvg	Damping1	Damping2	DampingPosition
20150803092817.558600	0.000000	1.000000	-24.913326	-25.854969	235.221255	85.717890	0.618542	0.232124	0.612839	0.234852	39.002759	38.584699	39.427804	158.646128	0.019206	0.043854	-0.005991	0.093193
20150803092817.761700	0.200000	2.000000	-24.133015	-26.050792	349.481785	53.199473	0.928262	0.148641	0.933516	0.156979	38.000105	38.006350	37.989862	154.515935	0.088800	0.076968	0.100680	0.175026
20150803092817.968700	0.400000	3.000000	-24.135805	-26.057911	348.144797	51.450265	0.926101	0.144664	0.931204	0.156652	38.015647	37.935167	38.093240	154.166472	0.076411	0.072196	0.080663	0.149460
20150803092818.171900	0.600000	4.000000	-24.147487	-26.077390	346.596354	48.069769	0.921478	0.135931	0.926433	0.148516	38.050826	37.927421	38.173530	154.225362	0.073255	0.069972	0.076571	0.142118
20150803092818.378900	0.800000	5.000000	-24.154297	-26.085318	345.138884	46.675212	0.918950	0.133022	0.923625	0.145168	38.053427	37.913534	38.193590	154.187870	0.071361	0.069275	0.073466	0.139557
20150803092818.558600	1.000000	6.000000	-24.162388	-26.099188	343.545567	44.528816	0.915511	0.127136	0.920606	0.139657	38.073704	37.908691	38.239707	154.185511	0.072568	0.068571	0.076603	0.136941
20150803092818.761700	1.200000	7.000000	-24.165836	-26.103288	342.397986	43.241379	0.913942	0.124675	0.918890	0.137619	38.092607	37.901923	38.285015	154.215320	0.070995	0.068509	0.073507	0.137159
20150803092818.968700	1.400000	8.000000	-24.170104	-26.114110	341.951804	41.764646	0.911987	0.120354	0.916905	0.133693	38.097669	37.898242	38.299056	154.193652	0.069529	0.068656	0.070412	0.135539
20150803092819.171900	1.600000	9.000000	-24.172950	-26.117975	341.345388	40.919828	0.910877	0.118579	0.915994	0.131955	38.097992	37.894787	38.303269	154.244941	0.070435	0.068437	0.072455	0.134829
20150803092819.378900	1.800000	10.000000	-24.171979	-26.124463	341.119457	39.669360	0.911314	0.115616	0.916360	0.128982	38.101032	37.893071	38.311208	154.265363	0.069006	0.068493	0.069525	0.135021
20150803092819.558600	2.000000	11.000000	-24.178219	-26.128331	340.328756	39.143116	0.908885	0.114200	0.914053	0.127812	38.093852	37.887852	38.302022	154.260629	0.069145	0.068314	0.069986	0.133617
20150803092819.761700	2.200000	12.000000	-24.175677	-26.132921	340.448235	38.297185	0.909595	0.112016	0.915045	0.125858	38.091265	37.887386	38.297256	154.275965	0.068858	0.068453	0.069266	0.133706
20150803092819.968700	2.400000	13.000000	-24.176714	-26.132578	340.119083	38.351858	0.909394	0.112164	0.914994	0.126060	38.088669	37.884509	38.294949	154.295576	0.069544	0.068599	0.070498	0.133585
20150803092820.171900	2.600000	14.000000	-24.172327	-26.136950	340.480972	37.685535	0.910270	0.109897	0.916075	0.124168	38.083685	37.880456	38.289011	154.272850	0.069493	0.068495	0.070502	0.133973
20150803092820.390600	2.800000	15.000000	-24.175248	-26.136607	340.069977	37.190693	0.909330	0.110057	0.915128	0.124279	38.084748	37.880025	38.291614	154.288986	0.068616	0.068325	0.068910	0.132976
20150803092820.589800	3.000000	16.000000	-24.174229	-26.137251	340.239787	37.126109	0.909906	0.108874	0.915742	0.123202	38.080362	37.877244	38.285587	154.314603	0.068381	0.068646	0.068114	0.133102
20150803092820.769500	3.200000	17.000000	-24.174887	-26.137695	340.036238	36.916881	0.909589	0.108743	0.915457	0.123007	38.077107	37.875178	38.281101	154.323595	0.068924	0.068884	0.068964	0.133995
20150803092821.000000	3.400000	18.000000	-24.172038	-26.137713	340.566044	37.035136	0.910773	0.108863	0.916461	0.123080	38.085064	37.876727	38.295622	154.325654	0.068075	0.068357	0.067790	0.132257
20150803092821.160200	3.600000	19.000000	-24.168724	-26.138440	340.827050	36.855527	0.912086	0.108843	0.917852	0.123198	38.079336	37.870827	38.290073	154.310697	0.068091	0.068411	0.067767	0.132379
20150803092821.359400	3.800000	20.000000	-24.165145	-26.137028	341.238825	36.754087	0.913213	0.108820	0.918791	0.122967	38.073155	37.870736	38.277666	154.312266	0.069007	0.068720	0.069298	0.132557
20150803093001.371100	103.800000	520.000000	-24.097145	-26.117424	346.672295	34.815248	0.936430	0.111257	0.944145	0.127136	37.875120	37.691267	38.060737	153.772209	0.069794	0.069757	0.069831	0.119488
20150803093141.378900	203.800000	1020.000000	-24.088952	-26.113865	346.121777	34.780952	0.939298	0.112466	0.947166	0.128570	37.833248	37.648723	38.019577	153.523780	0.069454	0.068821	0.070094	0.116978
20150803093321.378900	303.800000	1520.000000	-24.084020	-26.113162	346.090710	34.515269	0.941538	0.113096	0.949533	0.129325	37.799131	37.612920	37.987181	153.286913	0.069645	0.069030	0.070266	0.117344
20150803093501.398400	403.800000	2020.000000	-24.081233	-26.109484	345.850749	34.612924	0.941959	0.114229	0.950426	0.130678	37.761584	37.581294	37.943593	153.218258	0.069400	0.068671	0.070137	0.115701
20150803093641.398400	503.800000	2520.000000	-24.077207	-26.109758	346.145940	34.713585	0.943668	0.113651	0.952373	0.130206	37.727031	37.550537	37.905161	153.085875	0.069100	0.068441	0.069764	0.116271
20150803093821.390600	603.800000	3020.000000	-24.074000	-26.107034	346.421867	34.990625	0.945183	0.114725	0.954008	0.131344	37.702266	37.525729	37.880451	152.974666	0.068905	0.067553	0.070270	0.113307
20150803094001.390600	703.800000	3520.000000	-24.068553	-26.105145	346.316084	34.811462	0.946225	0.114437	0.955062	0.131350	37.681797	37.503790	37.861482	152.881960	0.068210	0.066799	0.069634	0.112801
20150803094141.421900	803.800000	4020.000000	-24.061266	-26.103807	346.547693	35.037059	0.947119	0.115034	0.955781	0.131963	37.656063	37.475188	37.838672	152.733770	0.068002	0.066485	0.069534	0.111730
20150803094321.398400	903.800000	4520.000000	-24.063054	-26.100284	346.448257	34.930162	0.946975	0.114592	0.955822	0.131591	37.630429	37.447716	37.814909	152.668068	0.067824	0.066517	0.069144	0.113890
20150803094501.410200	1003.800000	5020.000000	-24.056870	-26.098434	346.261633	34.779504	0.947737	0.114954	0.956385	0.131756	37.609909	37.430930	37.790579	152.587681	0.066682	0.065054	0.068325	0.108930
20150803094641.421900	1103.800000	5520.000000	-24.050847	-26.095370	346.697571	34.670603	0.949447	0.114913	0.958384	0.131948	37.586267	37.405593	37.768667	152.489124	0.066652	0.065001	0.068318	0.110443
20150803094821.429700	1203.800000	6020.000000	-24.053935	-26.091251	346.215423	34.885399	0.948258	0.115357	0.957230	0.132349	37.555769	37.378607	37.734591	152.386505	0.066238	0.064440	0.068053	0.111324
20150803095001.429700	1303.800000	6520.000000	-24.044770	-26.092065	346.494468	34.410934	0.949877	0.115040	0.958918	0.132150	37.539106	37.358638	37.721301	152.338679	0.065983	0.064008	0.067977	0.110406
20150803095141.421900	1403.800000	7020.000000	-24.041751	-26.084191	346.375434	34.597001	0.951427	0.116744	0.959988	0.133597	37.525229	37.342124	37.710117	152.277173	0.065303	0.063558	0.067065	0.108338
20150803095321.441400	1503.800000	7520.000000	-24.039442	-26.081869	345.734388	34.975816	0.951786	0.117844	0.960062	0.134615	37.519241	37.327669	37.712752	152.272648	0.064419	0.063041	0.065811	0.109093
20150803095501.441400	1603.800000	8020.000000	-24.032593	-26.077322	346.362851	34.771042	0.953183	0.117803	0.961791	0.134736	37.493291	37.309084	37.679290	152.305498	0.064400	0.062465	0.066354	0.109604
20150803095641.441400	1703.800000	8520.000000	-24.029792	-26.075456	346.401378	34.704009	0.955317	0.119012	0.963332	0.135319	37.479215	37.298853	37.661299	152.275809	0.064275	0.062136	0.066436	0.108986
20150803095821.449200	1803.800000	9020.000000	-24.028200	-26.067979	346.101400	35.093291	0.954206	0.120055	0.962298	0.136663	37.462470	37.277573	37.649178	152.193232	0.063696	0.061534	0.065880	0.109277
20150803100001.449200	1903.800000	9520.000000	-24.026654	-26.069925	346.235132	34.683186	0.953497	0.118469	0.961639	0.135162	37.445520	37.257830	37.635083	152.098772	0.063011	0.060783	0.065263	0.105436
20150803100141.468700	2003.800000	10020.000000	-24.016029	-26.065171	346.607711	34.915018	0.956619	0.119934	0.964413	0.136400	37.430492	37.239245	37.623678	152.051553	0.062827	0.060810	0.064866	0.107260
20150803100321.468700	2103.800000	10520.000000	-24.009741	-26.059360	346.608157	34.713028	0.957340	0.119789	0.965047	0.136176	37.416261	37.223867	37.610631	151.989807	0.063132	0.061008	0.065277	0.106175
20150803100501.460900	2203.800000	11020.000000	-24.007181	-26.055962	346.701914	35.047303	0.957242	0.119318	0.964973	0.135791	37.400070	37.209545	37.592530	151.968157	0.062724	0.060453	0.065020	0.105040
20150803100641.480500	2303.800000	11520.000000	-24.004561	-26.053241	346.227449	34.839411	0.957774	0.119734	0.965334	0.136041	37.384242	37.190234	37.580260	151.891026	0.062642	0.060594	0.064711	0.108118
20150803100821.468700	2403.800000	12020.000000	-24.002594	-26.050464	346.156518	34.583304	0.957474	0.119553	0.965041	0.135966	37.373016	37.175610	37.572496	151.836322	0.061811	0.060077	0.063564	0.106410
20150803101001.480500	2503.800000	12520.000000	-23.995138	-26.047665	346.558606	34.690981	0.958363	0.119252	0.965932	0.135810	37.361679	37.163744	37.561699	151.780095	0.061499	0.059696	0.063322	0.105143
20150803101141.480500	2603.800000	13020.000000	-23.993665	-26.043266	346.594015	34.711246	0.958865	0.120463	0.965953	0.136497	37.346587	37.147384	37.547908	151.738283	0.061820	0.059952	0.063708	0.105583
20150803101321.488300	2703.800000	13520.000000	-23.989573	-26.043454	346.422424	34.613369	0.959681	0.119695	0.966775	0.135750	37.335660	37.137882	37.535524	151.699845	0.061568	0.059554	0.063604	0.105992
20150803101501.519500	2803.800000	14020.000000	-23.985529	-26.039756	346.329335	34.506027	0.959932	0.119556	0.967134	0.135845	37.323929	37.126790	37.523146	151.640837	0.061185	0.059295	0.063096	0.104996
20150803101641.500000	2903.800000	14520.000000	-23.984811	-26.037774	346.067215	34.637421	0.959636	0.120552	0.966645	0.136678	37.310702	37.115517	37.507922	151.609137	0.061000	0.058900	0.063123	0.104392
20150803101821.488300	3003.800000	15020.000000	-23.982728	-26.031641	346.080911	35.069350	0.959979	0.121770	0.967113	0.137840	37.296366	37.100300	37.494482	151.530672	0.061522	0.059258	0.063810	0.105523
20150803102001.500000	3103.800000	15520.000000	-23.978344	-26.032260	346.048397	34.675280	0.961287	0.121769	0.968385	0.137737	37.289539	37.094021	37.487091	151.480570	0.060791	0.058794	0.062810	0.104760
20150803102141.500000	3203.800000	16020.000000	-23.974672	-26.026392	346.636662	34.705790	0.961971	0.122365	0.968755	0.137862	37.276271	37.083162	37.471365	151.463167	0.060889	0.058662	0.063138	0.104474
20150803102321.511700	3303.800000	16520.000000	-23.968718	-26.028917	346.267089	34.441666	0.962104	0.120329	0.969101	0.136336	37.261337	37.067389	37.457284	151.401111	0.060676	0.058398	0.062979	0.105375
20150803102501.519500	3403.800000	17020.000000	-23.973483	-26.024789	345.572038	34.634860	0.959640	0.120934	0.966468	0.136637	37.245702	37.050530	37.442911	151.315640	0.060435	0.058064	0.062831	0.102419
20150803102641.519500	3503.800000	17520.000000	-23.968870	-26.022938	345.828368	34.632187	0.962350	0.121812	0.968856	0.137397	37.233926	37.037911	37.431995	151.279352	0.060843	0.058244	0.063469	0.103211
20150803102821.531200	3603.800000	18020.000000	-23.964003	-26.021096	346.845000	34.755230	0.962363	0.121352	0.969426	0.137400	37.221115	37.025735	37.418532	151.239571	0.060508	0.057971	0.063074	0.102171
20150803103001.539100	3703.800000	18520.000000	-23.963023	-26.019568	345.816787	35.146850	0.961255	0.121006	0.968180	0.136956	37.206094	37.009869	37.404376	151.133238	0.060770	0.058355	0.063211	0.103836
20150803103141.519500	3803.800000	19020.000000	-23.963631	-26.018182	345.857207	34.780952	0.962779	0.122335	0.969269	0.137859	37.190120	36.994385	37.387898	151.135404	0.061009	0.058485	0.063560	0.103448
20150803103321.531200	3903.800000	19520.000000	-23.958969	-26.018551	346.419306	34.950762	0.963776	0.122010	0.970290	0.137528	37.182664	36.986932	37.380439	151.118503	0.060519	0.057912	0.063154	0.102618
20150803103501.531200	4003.800000	20020.000000	-23.958153	-26.014778	346.172107	35.011559	0.964842	0.122463	0.971303	0.137964	37.167735	36.972735	37.364774	151.046528	0.060834	0.058294	0.063401	0.103470
20150803103641.550800	4103.800000	20520.000000	-23.954618	-26.015452	346.372984	35.010668	0.964228	0.121827	0.970624	0.137342	37.155984	36.960512	37.353504	150.992508	0.060843	0.058197	0.063518	0.102620
20150803103821.578100	4203.800000	21020.000000	-23.953101	-26.014722	346.636662	34.873930	0.966592	0.123529	0.972624	0.138659	37.150348	36.954205	37.348555	150.997583	0.060342	0.057727	0.062986	0.102631
20150803104001.558600	4303.800000	21520.000000	-23.954073	-26.015488	346.064765	34.788078	0.966438	0.123434	0.972479	0.138618	37.135104	36.939346	37.332918	150.900883	0.060901	0.058215	0.063616	0.104263
20150803104141.558600	4403.800000	22020.000000	-23.950306	-26.013884	346.593792	34.136899	0.965692	0.121910	0.971842	0.137243	37.122529	36.927091	37.320015	150.836546	0.060320	0.057626	0.063043	0.101230
20150803104321.558600	4503.800000	22520.000000	-23.950351	-26.013545	346.549364	34.226203	0.967435	0.122395	0.973396	0.137472	37.111728	36.915377	37.310147	150.818797	0.060601	0.057879	0.063354	0.100681
20150803104501.558600	4603.800000	23020.000000	-23.951501	-26.008538	345.580056	35.153420	0.965582	0.123116	0.971812	0.138437	37.101822	36.905325	37.300390	150.780414	0.061125	0.058302	0.063979	0.103085
20150803104641.558600	4703.800000	23520.000000	-23.951125	-26.007992	346.251389	34.826272	0.965665	0.123098	0.971734	0.138162	37.084943	36.888315	37.283646	150.809725	0.060931	0.058141	0.063751	0.104277
20150803104821.570300	4803.800000	24020.000000	-23.941443	-26.008562	347.077166	34.840191	0.967581	0.122457	0.973748	0.137586	37.071187	36.874561	37.269890	150.727255	0.060948	0.058271	0.063652	0.105171
20150803105001.609400	4903.800000	24520.000000	-23.942578	-26.006285	346.857694	34.573394	0.967520	0.121758	0.973553	0.136874	37.060872	36.862871	37.260979	150.690239	0.061125	0.058453	0.063826	0.104428
20150803105141.589800	5003.800000	25020.000000	-23.942036	-26.005188	346.093716	34.880165	0.968280	0.123132	0.974014	0.138029	37.051060	36.853731	37.250480	150.642798	0.060840	0.057997	0.063713	0.103458
20150803105321.589800	5103.800000	25520.000000	-23.941946	-26.005227	346.339133	34.909339	0.969654	0.125016	0.975263	0.139611	37.045818	36.847781	37.245965	150.665511	0.061664	0.059015	0.064342	0.104004
20150803105501.578100	5203.800000	26020.000000	-23.943025	-26.004154	345.761112	34.886512	0.968729	0.124609	0.974494	0.139475	37.039634	36.842348	37.239010	150.643931	0.060938	0.058035	0.063873	0.103194
20150803105641.601600	5303.800000	26520.000000	-23.939151	-26.001871	346.392582	35.264659	0.969636	0.124611	0.975159	0.139404	37.024095	36.826220	37.224075	150.563487	0.061319	0.058549	0.064119	0.103416
20150803105821.589800	5403.800000	27020.000000	-23.941079	-26.003531	345.871906	35.025924	0.969885	0.125214	0.975382	0.139819	37.015126	36.817929	37.214414	150.534445	0.061391	0.058678	0.064134	0.104647
20150803110001.601600	5503.800000	27520.000000	-23.935810	-26.005578	346.690890	34.941631	0.971529	0.125161	0.977131	0.139842	37.003474	36.806123	37.202920	150.468289	0.061175	0.058371	0.064010	0.103455
20150803110141.601600	5603.800000	28020.000000	-23.938093	-26.003424	346.490236	34.933725	0.972203	0.125912	0.977283	0.140153	36.997708	36.800251	37.197266	150.488048	0.061496	0.058837	0.064183	0.103675
20150803110321.621100	5703.800000	28520.000000	-23.935074	-26.002846	346.642007	34.922701	0.970808	0.125198	0.976283	0.140092	36.981514	36.782639	37.182523	150.375655	0.061298	0.058674	0.063952	0.103244
20150803110501.621100	5803.800000	29020.000000	-23.937366	-26.003480	346.292811	34.603904	0.971762	0.125699	0.976889	0.139994	36.974515	36.775952	37.175203	150.356291	0.061510	0.058677	0.064374	0.102660
20150803110641.621100	5903.800000	29520.000000	-23.939750	-26.003537	346.045390	35.023585	0.971060	0.126210	0.976340	0.140704	36.964278	36.764694	37.166010	150.310696	0.061247	0.058602	0.063922	0.102358
20150803110821.628900	6003.800000	30020.000000	-23.934102	-26.003018	346.581321	35.009555	0.972731	0.125758	0.977792	0.140278	36.949779	36.750056	37.151653	150.253796	0.061884	0.059145	0.064654	0.103005
20150803111001.621100	6103.800000	30520.000000	-23.932886	-26.006595	346.627086	34.867471	0.973968	0.125356	0.978963	0.139880	36.941019	36.742297	37.141871	150.219777	0.061494	0.058637	0.064383	0.100646
20150803111141.628900	6203.800000	31020.000000	-23.930064	-26.005066	346.941875	34.529188	0.973319	0.124505	0.978645	0.139111	36.926194	36.726543	37.127996	150.135815	0.061530	0.058832	0.064257	0.103130
20150803111321.640600	6303.800000	31520.000000	-23.929671	-26.002053	346.549586	34.866135	0.972443	0.124496	0.977813	0.139051	36.914536	36.715514	37.115694	150.083376	0.062169	0.059340	0.065029	0.101871
20150803111501.640600	6403.800000	32020.000000	-23.925779	-26.003629	347.022715	34.536871	0.974830	0.124964	0.979941	0.139408	36.903017	36.703260	37.104930	150.081642	0.062405	0.059707	0.065134	0.103023
20150803111641.648400	6503.800000	32520.000000	-23.929936	-26.001439	346.251946	34.618491	0.973037	0.125433	0.978011	0.139919	36.898872	36.698446	37.101470	150.075463	0.062864	0.060238	0.065520	0.103389
20150803111821.679700	6603.800000	33020.000000	-23.930553	-26.000318	346.473200	34.861013	0.973160	0.124649	0.978368	0.139256	36.882455	36.682548	37.084524	150.018533	0.063234	0.060528	0.065970	0.103924
20150803112001.660200	6703.800000	33520.000000	-23.928482	-25.999844	346.114316	35.058661	0.973844	0.125755	0.978830	0.140025	36.873386	36.673443	37.075492	149.949602	0.062702	0.059929	0.065505	0.101774
20150803112141.660200	6803.800000	34020.000000	-23.928267	-25.998158	345.826586	35.006214	0.974330	0.125736	0.979065	0.139905	36.863879	36.662537	37.067414	149.971072	0.063286	0.060495	0.066108	0.103131
20150803112321.648400	6903.800000	34520.000000	-23.923812	-25.999919	346.403494	35.088503	0.975201	0.125999	0.980045	0.140334	36.852485	36.652066	37.055076	149.872130	0.063356	0.060698	0.066044	0.102099
20150803112501.671900	7003.800000	35020.000000	-23.923150	-25.999949	346.424873	34.950762	0.974797	0.126078	0.979856	0.140457	36.843000	36.642482	37.045693	149.826753	0.063648	0.060893	0.066433	0.103031
20150803112641.671900	7103.800000	35520.000000	-23.922119	-26.000268	346.616063	34.882281	0.975948	0.125983	0.980871	0.140286	36.832439	36.631676	37.035383	149.821310	0.063441	0.060662	0.066252	0.101844
20150803112821.671900	7203.800000	36020.000000	-23.922748	-25.996724	346.404719	34.873818	0.975424	0.126379	0.980464	0.140777	36.823134	36.621958	37.026502	149.757354	0.063951	0.061349	0.066581	0.103183
20150803113001.691400	7303.800000	36520.000000	-23.922223	-25.997344	345.420379	35.021915	0.975739	0.126716	0.980486	0.140939	36.814826	36.613378	37.018470	149.756654	0.064154	0.061397	0.066941	0.103300
20150803113141.691400	7403.800000	37020.000000	-23.923329	-25.995893	345.490975	34.677396	0.975553	0.126582	0.980189	0.140786	36.800619	36.598697	37.004751	149.721327	0.064477	0.061888	0.067095	0.103509
20150803113321.718700	7503.800000	37520.000000	-23.921353	-26.000083	345.801978	34.729842	0.976665	0.125882	0.981392	0.140188	36.793103	36.591102	36.997313	149.682228	0.064390	0.061624	0.067188	0.103501
20150803113501.679700	7603.800000	38020.000000	-23.917646	-25.995547	346.710599	34.636641	0.978453	0.126219	0.983166	0.140565	36.776412	36.573720	36.981332	149.608688	0.064482	0.061837	0.067157	0.102448
20150803113641.710900	7703.800000	38520.000000	-23.915130	-25.994271	346.713940	34.997640	0.977717	0.126167	0.982611	0.140775	36.764094	36.561639	36.968772	149.576330	0.064521	0.061850	0.067224	0.103893
20150803113821.699200	7803.800000	39020.000000	-23.913616	-25.996641	347.156114	34.679289	0.978828	0.125769	0.983640	0.140192	36.752254	36.549846	36.956883	149.538269	0.064986	0.062296	0.067707	0.103990
20150803114001.710900	7903.800000	39520.000000	-23.916391	-25.996057	346.715499	34.799436	0.978142	0.126227	0.982970	0.140506	36.742288	36.538747	36.948079	149.450443	0.065713	0.063094	0.068361	0.103914
20150803114141.710900	8003.800000	40020.000000	-23.915667	-25.996152	345.826252	34.747881	0.978475	0.127210	0.983194	0.141485	36.732377	36.528049	36.938973	149.429395	0.065320	0.062742	0.067927	0.103256
20150803114321.710900	8103.800000	40520.000000	-23.913291	-25.997001	346.701246	35.023585	0.979770	0.127627	0.984284	0.141913	36.724536	36.519478	36.931878	149.409242	0.065537	0.062907	0.068198	0.104325
20150803114501.718700	8203.800000	41020.000000	-23.912725	-25.996396	346.721400	34.998643	0.980781	0.127979	0.985238	0.142146	36.714818	36.509363	36.922568	149.358503	0.065768	0.063261	0.068305	0.103830
20150803114641.738300	8303.800000	41520.000000	-23.915246	-25.993953	345.875135	35.009778	0.980999	0.129379	0.985351	0.143526	36.712491	36.506165	36.921131	149.368615	0.066082	0.063447	0.068748	0.103928
20150803114821.718700	8403.800000	42020.000000	-23.914096	-25.993720	346.174446	35.117677	0.981496	0.129717	0.985945	0.143964	36.703838	36.495962	36.914062	149.316253	0.066077	0.063412	0.068773	0.103868
20150803115001.718700	8503.800000	42520.000000	-23.911155	-25.997100	346.643455	34.665370	0.982632	0.128377	0.986895	0.142807	36.689146	36.481137	36.899508	149.279289	0.066231	0.063683	0.068810	0.102957
20150803115141.730500	8603.800000	43020.000000	-23.910177	-25.997079	346.807029	34.897536	0.982576	0.128223	0.986915	0.142412	36.676293	36.467755	36.887195	149.225925	0.066515	0.063927	0.069133	0.103594
20150803115321.738300	8703.800000	43520.000000	-23.912394	-25.992287	346.010871	34.598559	0.982223	0.129265	0.986635	0.143607	36.667075	36.457933	36.878598	149.203945	0.067031	0.064458	0.069635	0.104011
20150803115501.738300	8803.800000	44020.000000	-23.908368	-25.994528	346.079241	34.563484	0.983196	0.128570	0.987512	0.143034	36.656634	36.446209	36.869470	149.185233	0.067272	0.064751	0.069822	0.104531
20150803115641.761700	8903.800000	44520.000000	-23.909667	-25.994131	346.628757	34.875377	0.982943	0.128481	0.987163	0.142814	36.640462	36.430127	36.853207	149.086552	0.068171	0.065644	0.070728	0.105430
20150803115821.761700	9003.800000	45020.000000	-23.905009	-25.990770	346.417970	35.128032	0.983546	0.129451	0.988098	0.144158	36.628521	36.418139	36.841314	149.066382	0.067817	0.065323	0.070342	0.104343
20150803120001.769500	9103.800000	45520.000000	-23.903013	-25.992340	346.262969	35.056322	0.984726	0.128712	0.989038	0.142987	36.612520	36.400873	36.826608	149.005241	0.068645	0.066059	0.071263	0.103763
20150803120141.750000	9203.800000	46020.000000	-23.907310	-25.992275	346.163199	34.945417	0.984583	0.130029	0.988801	0.144413	36.602664	36.390997	36.816773	148.997773	0.068873	0.066334	0.071442	0.102949
20150803120321.761700	9303.800000	46520.000000	-23.906088	-25.993821	346.293146	34.423850	0.984638	0.128851	0.989010	0.143310	36.589974	36.378621	36.803760	148.924498	0.068954	0.066249	0.071692	0.103261
20150803120501.761700	9403.800000	47020.000000	-23.901677	-25.988239	346.728081	35.260317	0.986166	0.129864	0.990702	0.144574	36.575199	36.363307	36.789536	148.881721	0.069553	0.066909	0.072229	0.105378
20150803120641.769500	9503.800000	47520.000000	-23.909036	-25.990206	345.539413	34.734185	0.982875	0.129066	0.987515	0.143851	36.561433	36.348685	36.776649	148.843968	0.070006	0.067307	0.072738	0.105274
20150803120821.800800	9603.800000	48020.000000	-23.902321	-25.990743	346.267312	34.971473	0.986732	0.129776	0.991087	0.144256	36.548135	36.335580	36.763155	148.773306	0.070723	0.068203	0.073274	0.107096
20150803121001.781200	9703.800000	48520.000000	-23.904708	-25.988382	345.858098	35.106875	0.985714	0.130308	0.990172	0.144967	36.533654	36.320986	36.748789	148.770934	0.070870	0.068084	0.073689	0.106180
20150803121141.800800	9803.800000	49020.000000	-23.901525	-25.988856	345.821464	35.080040	0.986820	0.130597	0.991229	0.145222	36.519445	36.307405	36.733938	148.727212	0.071547	0.068725	0.074403	0.106037
20150803121321.800800	9903.800000	49520.000000	-23.902688	-25.989846	345.404678	34.541771	0.986595	0.130308	0.991166	0.145070	36.507156	36.295951	36.720786	148.681714	0.071944	0.069304	0.074616	0.105679
20150803121501.789100	10003.800000	50020.000000	-23.896951	-25.988970	346.106856	34.815471	0.988732	0.130724	0.993151	0.145204	36.492993	36.281239	36.707180	148.640355	0.072139	0.069412	0.074900	0.105187
20150803121641.789100	10103.800000	50520.000000	-23.900730	-25.989828	345.655329	34.715478	0.988613	0.131435	0.992937	0.145782	36.480023	36.270245	36.692188	148.627461	0.072365	0.069545	0.075218	0.106449
20150803121821.800800	10203.800000	51020.000000	-23.897222	-25.987950	346.467521	34.614371	0.989663	0.131626	0.994039	0.146237	36.468412	36.256687	36.682582	148.545072	0.072896	0.069976	0.075852	0.105590
20150803122001.808600	10303.800000	51520.000000	-23.898280	-25.988719	345.901748	34.538764	0.989621	0.131262	0.994124	0.145935	36.453958	36.242091	36.668274	148.549352	0.073660	0.070714	0.076642	0.105078
20150803122141.820300	10403.800000	52020.000000	-23.897010	-25.987512	345.901302	34.990069	0.992102	0.132815	0.996322	0.147417	36.442189	36.230016	36.656820	148.539464	0.074011	0.071030	0.077030	0.105873
20150803122321.820300	10503.800000	52520.000000	-23.895917	-25.988165	345.803870	35.136606	0.991651	0.133564	0.995954	0.148227	36.427629	36.216413	36.641279	148.487388	0.074793	0.071828	0.077794	0.107155
20150803122501.828100	10603.800000	53020.000000	-23.891762	-25.986886	347.393847	34.890521	0.993992	0.133579	0.998653	0.148385	36.414294	36.203563	36.627448	148.459923	0.074335	0.071204	0.077504	0.105291
20150803122641.851600	10703.800000	53520.000000	-23.893944	-25.985897	346.506382	34.926376	0.993289	0.133534	0.997983	0.148450	36.396790	36.186831	36.609157	148.404815	0.075125	0.072068	0.078219	0.106783
20150803122821.839800	10803.800000	54020.000000	-23.894003	-25.987473	345.743964	34.639982	0.993368	0.133879	0.997737	0.148490	36.380728	36.171890	36.591943	148.336909	0.075822	0.072405	0.079279	0.106224
20150803123001.851600	10903.800000	54520.000000	-23.890215	-25.987682	346.713272	35.102867	0.995528	0.134293	1.000216	0.149207	36.363903	36.155298	36.574882	148.356809	0.076509	0.073137	0.079921	0.107275
20150803123141.828100	11003.800000	55020.000000	-23.891521	-25.986666	346.129794	34.725945	0.994318	0.133430	0.999209	0.148574	36.340270	36.133259	36.549617	148.404596	0.077306	0.073756	0.080899	0.109748
20150803123321.839800	11103.800000	55520.000000	-23.888526	-25.985557	346.766386	34.892748	0.997196	0.135215	1.001757	0.149882	36.323172	36.116263	36.532414	148.339591	0.078155	0.074647	0.081704	0.109485
20150803123501.851600	11203.800000	56020.000000	-23.888857	-25.985781	346.659267	34.937511	0.997906	0.135486	1.002583	0.150212	36.307457	36.102841	36.514355	148.322423	0.078464	0.074850	0.082121	0.109927
20150803123641.851600	11303.800000	56520.000000	-23.890323	-25.986368	346.253393	34.614594	0.997985	0.135827	1.002795	0.150601	36.289600	36.085223	36.496253	148.300865	0.079244	0.075625	0.082904	0.109762
20150803123821.890600	11403.800000	57020.000000	-23.890728	-25.986731	345.640742	34.688976	0.998284	0.135436	1.003084	0.150231	36.266681	36.063932	36.471671	148.222632	0.080261	0.076564	0.084001	0.109769
20150803124001.890600	11503.800000	57520.000000	-23.889822	-25.987661	345.982032	34.847317	0.998885	0.135980	1.003830	0.150800	36.251138	36.050136	36.454339	148.150769	0.080520	0.076756	0.084327	0.109725
20150803124141.871100	11603.800000	58020.000000	-23.886884	-25.981689	345.884266	35.254861	1.000670	0.137783	1.005531	0.152568	36.227190	36.027880	36.428662	148.134874	0.081329	0.077557	0.085145	0.110126
20150803124321.859400	11703.800000	58520.000000	-23.886234	-25.986287	346.209410	34.913682	1.000718	0.136587	1.005870	0.151303	36.205800	36.007384	36.406360	148.046044	0.082174	0.078486	0.085904	0.111994
20150803124501.871100	11803.800000	59020.000000	-23.888657	-25.982508	345.634840	34.840970	1.000022	0.136566	1.005366	0.151744	36.180548	35.983556	36.379653	148.008090	0.083303	0.079381	0.087270	0.110598
20150803124641.871100	11903.800000	59520.000000	-23.882199	-25.980911	346.950115	34.840079	1.002540	0.137853	1.007875	0.152936	36.154446	35.959966	36.350984	147.933414	0.084006	0.080027	0.088031	0.111042
20150803124821.890600	12003.800000	60020.000000	-23.881454	-25.982952	346.630984	35.233704	1.003531	0.137776	1.009103	0.152934	36.132755	35.939645	36.327888	147.886258	0.084538	0.080308	0.088815	0.110768
20150803125001.890600	12103.800000	60520.000000	-23.880485	-25.983531	346.137923	34.890744	1.005511	0.138556	1.011097	0.153785	36.109561	35.918357	36.302744	147.848061	0.086028	0.081593	0.090513	0.111753
20150803125141.890600	12203.800000	61020.000000	-23.880118	-25.983978	346.661716	34.981829	1.005657	0.138444	1.011601	0.153893	36.089171	35.900087	36.280189	147.771929	0.086859	0.082381	0.091386	0.113828
20150803125321.878900	12303.800000	61520.000000	-23.883072	-25.982646	346.126565	34.886290	1.005665	0.139381	1.011712	0.154855	36.066457	35.878288	36.256540	147.716115	0.087184	0.082560	0.091859	0.111398
20150803125501.890600	12403.800000	62020.000000	-23.880041	-25.984073	346.486562	34.888183	1.005767	0.138582	1.012212	0.154249	36.037112	35.851305	36.224783	147.682688	0.088503	0.083727	0.093330	0.111553
20150803125641.898400	12503.800000	62520.000000	-23.876348	-25.983325	346.833531	34.827051	1.008404	0.139504	1.014873	0.155213	36.008820	35.825464	36.193986	147.642474	0.089574	0.084538	0.094663	0.112225
20150803125821.910200	12603.800000	63020.000000	-23.875574	-25.981936	346.077571	34.782845	1.009128	0.139781	1.015851	0.155610	35.976718	35.796638	36.158533	147.544940	0.091092	0.085790	0.096450	0.112068
20150803130001.941400	12703.800000	63520.000000	-23.876220	-25.981114	346.077905	34.929382	1.009678	0.140660	1.016887	0.156776	35.946512	35.770554	36.124121	147.484294	0.091983	0.086511	0.097513	0.112071
20150803130141.921900	12803.800000	64020.000000	-23.873350	-25.983531	346.478767	34.732180	1.010886	0.140309	1.018391	0.156708	35.920902	35.746660	36.096760	147.439532	0.092606	0.087070	0.098200	0.112318
20150803130321.921900	12903.800000	64520.000000	-23.872057	-25.978294	345.427839	35.008553	1.011510	0.142131	1.019027	0.158547	35.888821	35.718877	36.060303	147.335689	0.094411	0.088862	0.100018	0.114639
20150803130501.949200	13003.800000	65020.000000	-23.871556	-25.976810	346.356393	34.830058	1.012831	0.141941	1.020751	0.158581	35.856283	35.688966	36.025083	147.459950	0.094929	0.089270	0.100645	0.114263
20150803130641.949200	13103.800000	65520.000000	-23.868668	-25.979144	346.456497	34.689978	1.014301	0.141745	1.022588	0.158648	35.822394	35.659430	35.986757	147.394684	0.095965	0.090128	0.101861	0.114609
20150803130821.921900	13203.800000	66020.000000	-23.866412	-25.975702	346.442467	35.252745	1.015702	0.142720	1.024316	0.159405	35.785850	35.629217	35.943772	147.324441	0.097606	0.091921	0.103344	0.116159
20150803131001.949200	13303.800000	66520.000000	-23.868648	-25.976268	346.128792	35.132486	1.015106	0.142690	1.023946	0.159655	35.741270	35.588033	35.895735	147.202822	0.099526	0.093738	0.105369	0.115616
20150803131141.941400	13403.800000	67020.000000	-23.866716	-25.975889	346.103515	34.645884	1.016786	0.143350	1.025656	0.160160	35.701064	35.549270	35.854062	147.154490	0.100942	0.095261	0.106674	0.117288
20150803131321.941400	13503.800000	67520.000000	-23.863542	-25.975934	346.638555	34.684522	1.019310	0.143531	1.028354	0.160432	35.661979	35.512320	35.812809	147.045340	0.101820	0.096183	0.107508	0.116751
20150803131501.949200	13603.800000	68020.000000	-23.861966	-25.972897	346.474870	34.816473	1.020381	0.143703	1.029677	0.160863	35.618902	35.470907	35.768039	147.039165	0.103684	0.097940	0.109480	0.118281
20150803131641.960900	13703.800000	68520.000000	-23.859892	-25.971407	346.491572	35.080931	1.020397	0.143884	1.029938	0.161399	35.565648	35.421619	35.710750	146.893124	0.105690	0.099887	0.111546	0.118105
20150803131821.960900	13803.800000	69020.000000	-23.858214	-25.972104	346.032585	34.984278	1.023077	0.145903	1.032333	0.162991	35.527785	35.385522	35.671090	146.828785	0.107082	0.101064	0.113156	0.119702
20150803132001.968700	13903.800000	69520.000000	-23.857448	-25.972513	346.173332	35.192059	1.024219	0.145550	1.033904	0.162982	35.479604	35.341495	35.618689	146.736703	0.108876	0.102766	0.115041	0.120860
20150803132141.980500	14003.800000	70020.000000	-23.854381	-25.968206	346.341917	34.962788	1.025831	0.146530	1.035874	0.163956	35.428858	35.292680	35.565982	146.629562	0.110329	0.104247	0.116463	0.120798
20150803132321.988300	14103.800000	70520.000000	-23.850793	-25.969160	346.419417	34.909785	1.028350	0.146430	1.038419	0.163895	35.376214	35.242467	35.510870	146.534154	0.112088	0.105997	0.118231	0.121133
20150803132501.968700	14203.800000	71020.000000	-23.849297	-25.967187	346.182018	34.846538	1.028980	0.147008	1.039532	0.164613	35.324673	35.193646	35.456566	146.425822	0.114008	0.107714	0.120354	0.122489
20150803132641.980500	14303.800000	71520.000000	-23.845864	-25.968841	346.325215	34.979824	1.031945	0.147516	1.042738	0.165408	35.270621	35.144854	35.397164	146.324379	0.115807	0.109156	0.122512	0.121824
20150803132822.011700	14403.800000	72020.000000	-23.846624	-25.965506	346.047172	34.689088	1.033338	0.149189	1.044073	0.166893	35.225383	35.103722	35.347759	146.243871	0.117125	0.110369	0.123934	0.121959
20150803133001.988300	14503.800000	72520.000000	-23.845739	-25.964475	345.964438	35.028039	1.035983	0.151435	1.046754	0.169038	35.178943	35.059718	35.298855	146.209800	0.118996	0.112367	0.125676	0.122481
20150803133142.000000	14603.800000	73020.000000	-23.842460	-25.964356	346.200613	35.132486	1.037964	0.151826	1.049497	0.169734	35.112164	35.000955	35.223938	146.072504	0.121361	0.114245	0.128528	0.123636
20150803133321.988300	14703.800000	73520.000000	-23.840478	-25.964275	346.104740	34.637198	1.040714	0.152432	1.052319	0.170200	35.047974	34.941863	35.154589	145.989593	0.122954	0.115772	0.130185	0.124163
20150803133502.000000	14803.800000	74020.000000	-23.832828	-25.963569	346.026795	34.841972	1.044648	0.153105	1.056571	0.171277	34.982516	34.883283	35.082154	145.895215	0.125534	0.117848	0.133275	0.125121
20150803133642.019500	14903.800000	74520.000000	-23.837707	-25.963468	345.929585	34.848096	1.045208	0.154195	1.057144	0.171961	34.924185	34.829379	35.019347	145.778219	0.126785	0.119175	0.134446	0.125441
20150803133822.011700	15003.800000	75020.000000	-23.832941	-25.963700	345.978023	34.881947	1.047229	0.154432	1.059487	0.172114	34.856030	34.765913	34.946451	145.638931	0.128994	0.121321	0.136714	0.126178
20150803134002.019500	15103.800000	75520.000000	-23.826480	-25.962443	345.903195	34.968244	1.051626	0.155087	1.063774	0.172781	34.777030	34.690871	34.863446	145.497232	0.131463	0.123666	0.139309	0.127090
20150803134142.019500	15203.800000	76020.000000	-23.826442	-25.962195	346.581321	34.497453	1.054656	0.156441	1.066413	0.173815	34.708313	34.624638	34.792218	145.403424	0.133269	0.125592	0.140993	0.127299
20150803134322.031200	15303.800000	76520.000000	-23.822663	-25.958991	346.115318	34.789526	1.057209	0.158073	1.069099	0.175490	34.637970	34.556957	34.719185	145.286104	0.135877	0.128071	0.143731	0.128950
20150803134502.031200	15403.800000	77020.000000	-23.819843	-25.959462	346.198163	34.376749	1.060222	0.158001	1.072310	0.175431	34.550741	34.471163	34.630510	145.121459	0.138805	0.131009	0.146647	0.129461
20150803134642.019500	15503.800000	77520.000000	-23.813862	-25.956941	346.160304	34.888183	1.064308	0.160054	1.076249	0.177500	34.468951	34.389955	34.548116	144.984054	0.141696	0.133508	0.149934	0.131223
20150803134822.031200	15603.800000	78020.000000	-23.814589	-25.958127	345.712674	34.698775	1.067189	0.161471	1.078877	0.178725	34.383827	34.305061	34.462752	144.881602	0.144799	0.136350	0.153300	0.132171
20150803135002.050800	15703.800000	78520.000000	-23.810459	-25.954703	345.808436	34.690201	1.071002	0.163092	1.082617	0.180261	34.287545	34.210501	34.364735	144.714575	0.148155	0.139750	0.156612	0.131952
20150803135142.050800	15803.800000	79020.000000	-23.804057	-25.953582	345.988824	34.890187	1.075485	0.164300	1.087782	0.181742	34.174352	34.101541	34.247257	144.531039	0.152055	0.143265	0.160895	0.134441
20150803135322.050800	15903.800000	79520.000000	-23.802641	-25.952527	345.680160	34.895977	1.079486	0.165977	1.092278	0.183599	34.038196	33.978294	34.098089	144.370617	0.156709	0.147862	0.165604	0.135213
20150803135502.050800	16003.800000	80020.000000	-23.800049	-25.951308	345.791845	34.880834	1.084822	0.167812	1.097826	0.185562	33.914476	33.859365	33.969539	144.217887	0.160762	0.151779	0.169792	0.137872
20150803135642.058600	16103.800000	80520.000000	-23.794827	-25.948415	345.962434	35.048305	1.090028	0.170065	1.103230	0.187520	33.779366	33.728887	33.829772	144.005281	0.165469	0.156586	0.174394	0.137362
20150803135822.050800	16203.800000	81020.000000	-23.789457	-25.948674	345.844402	34.582748	1.095881	0.171399	1.109028	0.188842	33.633489	33.585844	33.681042	143.842340	0.170729	0.161729	0.179771	0.139777
20150803140002.050800	16303.800000	81520.000000	-23.788059	-25.947118	346.021116	34.988732	1.101591	0.174383	1.114684	0.191554	33.479095	33.436030	33.522048	143.636418	0.175939	0.167047	0.184870	0.141596
20150803140142.058600	16403.800000	82020.000000	-23.779920	-25.946775	346.427880	34.681627	1.109076	0.176528	1.122377	0.193506	33.309756	33.272616	33.346753	143.357685	0.181470	0.172584	0.190392	0.142033
20150803140322.070300	16503.800000	82520.000000	-23.775757	-25.946510	346.185469	34.661807	1.117341	0.179320	1.130528	0.196365	33.122972	33.090753	33.155026	143.162244	0.188572	0.179534	0.197647	0.144390
20150803140502.101600	16603.800000	83020.000000	-23.767495	-25.939733	346.710711	35.197849	1.128199	0.184028	1.142823	0.201996	32.888408	32.864964	32.911635	142.856197	0.197456	0.187680	0.207266	0.146465
20150803140642.078100	16703.800000	83520.000000	-23.758507	-25.936857	345.658446	35.004656	1.146051	0.188990	1.168551	0.212761	32.368514	32.387166	32.349350	142.309290	0.221550	0.205719	0.237403	0.151004
20150803140724.691400	16746.400000	83733.000000	-23.740369	-25.931704	346.075121	35.090952	1.171583	0.194491	1.205641	0.226292	31.620314	31.709112	31.531169	141.587598	0.247949	0.227426	0.268424	0.157602
20150803140734.671900	16756.400000	83783.000000	-23.729417	-25.925607	346.045613	35.108657	1.197954	0.200243	1.243153	0.241547	30.839118	30.958390	30.719493	140.879039	0.275553	0.249734	0.301271	0.162377
20150803140736.890600	16758.600000	83794.000000	-23.717261	-25.921852	345.225960	35.161103	1.227202	0.206271	1.285674	0.258416	29.931510	30.102263	29.760165	140.032432	0.330268	0.291851	0.368449	0.172612
20150803140739.488300	16761.200000	83807.000000	-23.700631	-25.918442	345.693522	35.276017	1.260338	0.212401	1.328883	0.268275	29.158389	29.403537	28.915631	139.322680	0.321441	0.291101	0.351418	0.171271
20150803140744.078100	16765.800000	83830.000000	-23.680184	-25.916386	345.623705	34.959893	1.296070	0.221572	1.371271	0.279013	28.410503	28.708894	28.116677	138.603417	0.336511	0.307355	0.365193	0.175474
20150803140747.691400	16769.400000	83848.000000	-23.661360	-25.907013	346.009201	35.344721	1.337737	0.232475	1.422267	0.297950	27.567686	27.865778	27.273417	137.709754	0.394091	0.355126	0.432395	0.188081
20150803140749.070300	16770.800000	83855.000000	-23.650280	-25.902042	345.734165	35.593478	1.367579	0.240710	1.458194	0.309549	26.907057	27.227434	26.592062	137.011473	0.390496	0.356352	0.423992	0.187844
20150803140750.488300	16772.200000	83862.000000	-23.632041	-25.895074	345.283083	35.789901	1.416759	0.256098	1.511870	0.327146	26.043532	26.372465	25.720736	136.083451	0.443218	0.409658	0.476096	0.199593
20150803140751.078100	16772.800000	83865.000000	-23.617968	-25.886429	344.847368	36.273608	1.458064	0.270197	1.557019	0.344650	25.358126	25.675485	25.046234	135.326159	0.494386	0.456650	0.531360	0.214244
20150803140751.679700	16773.400000	83868.000000	-23.600543	-25.883541	344.568768	35.981090	1.496432	0.280623	1.598194	0.354474	24.714593	25.050894	24.385308	134.533819	0.503278	0.470395	0.535422	0.215072
20150803140752.089800	16773.800000	83870.000000	-23.568794	-25.862208	342.580490	36.985251	1.595175	0.319969	1.703493	0.387461	23.261309	23.658547	22.875536	132.882213	0.771182	0.739940	0.801454	0.280875
20150803140752.300800	16774.000000	83871.000000	-23.492050	-25.669280	335.261074	45.832510	2.255169	0.536704	2.312406	0.609119	13.869623	13.717235	14.003148	123.449178	2.832921	2.901432	2.763800	1.136164
20150803140752.519500	16774.200000	83872.000000	-19.040999	-25.289107	295.988568	-33.364404	4.000000	0.840950	4.000000	0.862627	-7.160256	-7.050650	-7.203162	-40.039960	3.397345	3.385227	3.409546	0.675983
20150803140752.699200	16774.400000	83872.000000	-13.416141	-18.996409	2.771519	-0.286784	4.000000	4.000000	4.000000	4.000000	0.000000	0.000000	0.000000	-0.356972	NaN	NaN	NaN	0.543394
