Program version:	Fatigue ver. 4.0
Date and time:	17-08-2015 12:55:18
Operator:	vanj
Project ID:	44584
Sample ID:	EQA03-06
	
Mode of operation:	Ten-ten
Low load setpoint [kN]:	0.000000
Displacement rate [mm/s]:	0.030000
Sample rate [Hz]:	10.000000
Procentage of E-max [%]:	90.000000
Sample width [mm]:	25.380000
Sample thickness [mm]:	4.440000
Strain sensor:	Extensometer
Number of strain sensors:	2
Channel configuration:	0 6 1,1,0,0,0,0 1,4,1,2,3,4
	
Machine SN:	88R8501
Load cell SN:	UK 1029
Load cell [kN]:	100.000000
Extensometer 1 SN:	1862
Gauge length 1 [mm]:	50.000000
Full scale 1 [%]:	5.000000
Extensometer 2 SN:	1877
Gauge length 2 [mm]:	50.000000
Full scale 2 [%]:	5.000000
	
Modulus estimate from [%]:	0.050000
Modulus estimate to [%]:	0.250000
Strain correction a1 [%]:	-0.002413
Strain correction a2 [%]:	-0.001569
Strain correction b1 [%]:	0.001496
Strain correction b2 [%]:	0.006319
Modulus a [GPa]:	35.859479
Modulus b [GPa]:	35.795116
Difference [%]:	-0.179810
Modulus a1 [GPa]:	35.741674
Modulus b1 [GPa]:	35.565532
Modulus a2 [GPa]:	35.977844
Modulus b2 [GPa]:	36.027381
Max strain [%]:	0.630348
Max stress [MPa]:	226.041726
	
	
Time [ms]	State	Position [mm]	Load [kN]	Strain1 [%]	Strain2 [%]
0.000000E+0	1.000000E+0	-1.782298E+0	309.944153E-6	64.969068E-6	35.762790E-6
100.000000E-3	1.000000E+0	-1.780054E+0	30.708313E-3	759.959282E-6	665.187889E-6
200.000000E-3	1.000000E+0	-1.775906E+0	91.624260E-3	1.932979E-3	1.975894E-3
300.000000E-3	1.000000E+0	-1.773492E+0	121.378899E-3	2.552867E-3	2.973080E-3
400.000000E-3	1.000000E+0	-1.770639E+0	159.084797E-3	3.911853E-3	4.243255E-3
500.000000E-3	1.000000E+0	-1.767001E+0	216.150284E-3	5.448461E-3	5.030632E-3
600.000000E-3	1.000000E+0	-1.763278E+0	287.365913E-3	6.504059E-3	6.781817E-3
700.000000E-3	1.000000E+0	-1.762486E+0	298.297405E-3	7.250906E-3	7.318259E-3
800.000000E-3	1.000000E+0	-1.759192E+0	348.663330E-3	8.135439E-3	8.475185E-3
900.000000E-3	1.000000E+0	-1.755589E+0	402.474403E-3	9.468199E-3	9.612442E-3
1.000000E+0	1.000000E+0	-1.754227E+0	430.786610E-3	10.313393E-3	10.702611E-3
1.100000E+0	1.000000E+0	-1.749909E+0	477.027893E-3	11.492969E-3	11.667014E-3
1.200000E+0	1.000000E+0	-1.745743E+0	523.662567E-3	12.334586E-3	12.413264E-3
1.300000E+0	1.000000E+0	-1.743466E+0	563.812256E-3	13.495089E-3	13.690592E-3
1.400000E+0	1.000000E+0	-1.740396E+0	607.311726E-3	14.699103E-3	15.060307E-3
1.500000E+0	1.000000E+0	-1.737502E+0	666.534901E-3	15.820862E-3	15.890004E-3
1.600000E+0	1.000000E+0	-1.735115E+0	723.195076E-3	16.975404E-3	17.449261E-3
1.700000E+0	1.000000E+0	-1.732224E+0	749.075413E-3	17.868282E-3	18.346907E-3
1.800000E+0	1.000000E+0	-1.727119E+0	804.078579E-3	18.995406E-3	19.484164E-3
1.900000E+0	1.000000E+0	-1.725429E+0	855.350494E-3	19.964577E-3	20.435454E-3
2.000000E+0	1.000000E+0	-1.722461E+0	870.084763E-3	21.145345E-3	21.659734E-3
2.100000E+0	1.000000E+0	-1.720437E+0	926.268101E-3	22.125842E-3	22.506120E-3
2.200000E+0	1.000000E+0	-1.717353E+0	979.816914E-3	23.110511E-3	23.679139E-3
2.300000E+0	1.000000E+0	-1.713300E+0	1.007712E+0	24.115445E-3	24.448635E-3
2.400000E+0	1.000000E+0	-1.711768E+0	1.048112E+0	25.209787E-3	25.415423E-3
2.500000E+0	1.000000E+0	-1.707929E+0	1.115334E+0	26.665332E-3	26.901963E-3
2.600000E+0	1.000000E+0	-1.704794E+0	1.166594E+0	27.730467E-3	28.156640E-3
2.700000E+0	1.000000E+0	-1.700738E+0	1.193333E+0	28.679969E-3	29.398801E-3
2.800000E+0	1.000000E+0	-1.699227E+0	1.237464E+0	29.892924E-3	30.251148E-3
2.900000E+0	1.000000E+0	-1.696432E+0	1.293969E+0	31.050446E-3	31.329992E-3
3.000000E+0	1.000000E+0	-1.693916E+0	1.325643E+0	31.905177E-3	32.028558E-3
3.100000E+0	1.000000E+0	-1.689655E+0	1.367795E+0	33.095482E-3	33.280256E-3
3.200000E+0	1.000000E+0	-1.686883E+0	1.434088E+0	34.403804E-3	34.754279E-3
3.300000E+0	1.000000E+0	-1.684403E+0	1.477396E+0	35.451653E-3	35.607222E-3
3.400000E+0	1.000000E+0	-1.679328E+0	1.504183E+0	36.653283E-3	36.622289E-3
3.500000E+0	1.000000E+0	-1.678160E+0	1.553941E+0	37.099126E-3	37.565234E-3
3.600000E+0	1.000000E+0	-1.674318E+0	1.603639E+0	37.992600E-3	38.646463E-3
3.700000E+0	1.000000E+0	-1.671106E+0	1.628053E+0	39.530996E-3	39.739016E-3
3.800000E+0	1.000000E+0	-1.669356E+0	1.676190E+0	40.311817E-3	40.729049E-3
3.900000E+0	1.000000E+0	-1.665372E+0	1.749825E+0	41.935447E-3	41.947368E-3
4.000000E+0	1.000000E+0	-1.660994E+0	1.778424E+0	42.743090E-3	42.930845E-3
4.100000E+0	1.000000E+0	-1.659960E+0	1.807177E+0	43.876175E-3	43.804649E-3
4.200000E+0	1.000000E+0	-1.656866E+0	1.871431E+0	45.197014E-3	44.885877E-3
4.300000E+0	1.000000E+0	-1.654285E+0	1.921666E+0	46.149496E-3	46.377782E-3
4.400000E+0	1.000000E+0	-1.651022E+0	1.943445E+0	47.037605E-3	47.456626E-3
4.500000E+0	1.000000E+0	-1.648307E+0	2.007735E+0	48.242215E-3	48.620705E-3
4.600000E+0	1.000000E+0	-1.646030E+0	2.039075E+0	49.172048E-3	49.031977E-3
4.700000E+0	1.000000E+0	-1.641113E+0	2.064276E+0	50.057177E-3	50.423149E-3
4.800000E+0	1.000000E+0	-1.637983E+0	2.125680E+0	51.229004E-3	51.662926E-3
4.900000E+0	1.000000E+0	-1.633906E+0	2.179766E+0	52.084927E-3	52.560572E-3
5.000000E+0	1.000000E+0	-1.632103E+0	2.208579E+0	53.497557E-3	53.669815E-3
5.100000E+0	1.000000E+0	-1.631138E+0	2.266204E+0	54.589514E-3	55.036549E-3
5.200000E+0	1.000000E+0	-1.626310E+0	2.332938E+0	55.717830E-3	56.177382E-3
5.300000E+0	1.000000E+0	-1.624146E+0	2.359354E+0	56.387787E-3	57.151918E-3
5.400000E+0	1.000000E+0	-1.621839E+0	2.382171E+0	57.755117E-3	58.079367E-3
5.500000E+0	1.000000E+0	-1.617378E+0	2.439749E+0	58.576469E-3	58.962707E-3
5.600000E+0	1.000000E+0	-1.614365E+0	2.491581E+0	59.885983E-3	60.170894E-3
5.700000E+0	1.000000E+0	-1.612887E+0	2.524340E+0	60.830121E-3	61.279540E-3
5.800000E+0	1.000000E+0	-1.609430E+0	2.577353E+0	61.947708E-3	62.233811E-3
5.900000E+0	1.000000E+0	-1.605403E+0	2.624583E+0	63.006287E-3	63.457494E-3
6.000000E+0	1.000000E+0	-1.602942E+0	2.657914E+0	64.123278E-3	64.537530E-3
6.100000E+0	1.000000E+0	-1.599804E+0	2.687228E+0	65.317159E-3	65.334445E-3
6.200000E+0	1.000000E+0	-1.596984E+0	2.754772E+0	66.074734E-3	66.397791E-3
6.300000E+0	1.000000E+0	-1.592934E+0	2.789199E+0	67.164307E-3	67.387825E-3
6.400000E+0	1.000000E+0	-1.590574E+0	2.808702E+0	68.242555E-3	68.296200E-3
6.500000E+0	1.000000E+0	-1.589477E+0	2.886248E+0	69.446569E-3	69.881087E-3
6.600000E+0	1.000000E+0	-1.585498E+0	2.936411E+0	70.478326E-3	70.937282E-3
6.700000E+0	1.000000E+0	-1.582098E+0	2.953756E+0	71.351534E-3	71.737176E-3
6.800000E+0	1.000000E+0	-1.579726E+0	3.007042E+0	72.482830E-3	72.748071E-3
6.900000E+0	1.000000E+0	-1.575825E+0	3.070879E+0	73.832279E-3	74.062353E-3
7.000000E+0	1.000000E+0	-1.572862E+0	3.100646E+0	74.461108E-3	75.067288E-3
7.100000E+0	1.000000E+0	-1.569971E+0	3.135121E+0	76.169974E-3	76.217061E-3
7.200000E+0	1.000000E+0	-1.565996E+0	3.207695E+0	77.012783E-3	77.332264E-3
7.300000E+0	1.000000E+0	-1.564759E+0	3.240693E+0	78.056461E-3	78.252560E-3
7.400000E+0	1.000000E+0	-1.560989E+0	3.268719E+0	79.138881E-3	79.466707E-3
7.500000E+0	1.000000E+0	-1.556960E+0	3.334475E+0	80.327994E-3	80.630786E-3
7.600000E+0	1.000000E+0	-1.554942E+0	3.375673E+0	81.292993E-3	81.413395E-3
7.700000E+0	1.000000E+0	-1.552328E+0	3.401756E+0	82.259185E-3	82.802183E-3
7.800000E+0	1.000000E+0	-1.549053E+0	3.461909E+0	83.453662E-3	83.729631E-3
7.900000E+0	1.000000E+0	-1.546586E+0	3.509653E+0	84.166534E-3	84.706552E-3
8.000000E+0	1.000000E+0	-1.543149E+0	3.521621E+0	85.149414E-3	85.648305E-3
8.100000E+0	1.000000E+0	-1.540598E+0	3.574145E+0	86.468465E-3	86.945302E-3
8.200000E+0	1.000000E+0	-1.538301E+0	3.642023E+0	87.479360E-3	87.974675E-3
8.300000E+0	1.000000E+0	-1.533014E+0	3.667676E+0	88.490255E-3	88.970072E-3
8.400000E+0	1.000000E+0	-1.531652E+0	3.710628E+0	89.932091E-3	89.969046E-3
8.500000E+0	1.000000E+0	-1.528007E+0	3.767061E+0	90.978749E-3	91.230877E-3
8.600000E+0	1.000000E+0	-1.525819E+0	3.810465E+0	91.855533E-3	92.229254E-3
8.700000E+0	1.000000E+0	-1.520732E+0	3.842056E+0	93.072064E-3	93.206771E-3
8.800000E+0	1.000000E+0	-1.519427E+0	3.878438E+0	94.031699E-3	94.384559E-3
8.900000E+0	1.000000E+0	-1.515684E+0	3.940964E+0	94.851263E-3	95.015176E-3
9.000000E+0	1.000000E+0	-1.512465E+0	3.965783E+0	96.088059E-3	95.801361E-3
9.100000E+0	1.000000E+0	-1.509443E+0	4.010081E+0	97.207435E-3	97.685464E-3
9.200000E+0	1.000000E+0	-1.507926E+0	4.064775E+0	97.984083E-3	98.491319E-3
9.300000E+0	1.000000E+0	-1.504666E+0	4.118502E+0	99.433072E-3	99.639901E-3
9.400000E+0	1.000000E+0	-1.500446E+0	4.145169E+0	100.520261E-3	100.641259E-3
9.500000E+0	1.000000E+0	-1.498312E+0	4.207230E+0	101.826199E-3	102.075347E-3
9.600000E+0	1.000000E+0	-1.494974E+0	4.261184E+0	102.949747E-3	103.195914E-3
9.700000E+0	1.000000E+0	-1.493430E+0	4.282510E+0	103.780040E-3	103.773483E-3
9.800000E+0	1.000000E+0	-1.488563E+0	4.318416E+0	104.736694E-3	105.010876E-3
9.900000E+0	1.000000E+0	-1.485598E+0	4.384935E+0	105.637320E-3	105.995544E-3
10.000000E+0	1.000000E+0	-1.483437E+0	4.405105E+0	106.865772E-3	107.104787E-3
10.100000E+0	1.000000E+0	-1.481214E+0	4.438674E+0	108.017930E-3	108.257541E-3
10.200000E+0	1.000000E+0	-1.478556E+0	4.511821E+0	109.146246E-3	109.235057E-3
10.300000E+0	1.000000E+0	-1.472247E+0	4.544103E+0	110.158929E-3	110.173830E-3
10.400000E+0	1.000000E+0	-1.469323E+0	4.570568E+0	111.124524E-3	111.272344E-3
10.500000E+0	1.000000E+0	-1.466584E+0	4.632568E+0	112.203369E-3	112.274894E-3
10.600000E+0	1.000000E+0	-1.464197E+0	4.679787E+0	113.394269E-3	113.395462E-3
10.700000E+0	1.000000E+0	-1.462224E+0	4.701221E+0	114.079723E-3	114.375958E-3
10.800000E+0	1.000000E+0	-1.457623E+0	4.759836E+0	115.508446E-3	115.420828E-3
10.900000E+0	1.000000E+0	-1.454675E+0	4.817939E+0	116.388211E-3	116.644511E-3
11.000000E+0	1.000000E+0	-1.452023E+0	4.846013E+0	117.656002E-3	117.872963E-3
11.100000E+0	1.000000E+0	-1.448986E+0	4.884231E+0	118.334303E-3	118.517289E-3
11.200000E+0	1.000000E+0	-1.448223E+0	4.935050E+0	119.346390E-3	119.580636E-3
11.300000E+0	1.000000E+0	-1.443565E+0	4.965472E+0	120.412717E-3	120.987306E-3
11.400000E+0	1.000000E+0	-1.439157E+0	5.006695E+0	121.823559E-3	121.759782E-3
11.500000E+0	1.000000E+0	-1.437664E+0	5.067730E+0	122.960816E-3	123.133073E-3
11.600000E+0	1.000000E+0	-1.433891E+0	5.109382E+0	124.152313E-3	124.287019E-3
11.700000E+0	1.000000E+0	-1.431286E+0	5.132449E+0	124.848495E-3	124.910484E-3
11.800000E+0	1.000000E+0	-1.428798E+0	5.197334E+0	126.075159E-3	126.292716E-3
11.900000E+0	1.000000E+0	-1.425707E+0	5.251181E+0	127.503286E-3	127.397190E-3
12.000000E+0	1.000000E+0	-1.423705E+0	5.277765E+0	128.116618E-3	128.397952E-3
12.100000E+0	1.000000E+0	-1.419932E+0	5.319250E+0	129.439841E-3	129.472624E-3
12.200000E+0	1.000000E+0	-1.416191E+0	5.365443E+0	130.375634E-3	130.455504E-3
12.300000E+0	1.000000E+0	-1.413602E+0	5.409312E+0	131.396662E-3	131.230961E-3
12.400000E+0	1.000000E+0	-1.410761E+0	5.432940E+0	132.406365E-3	132.468353E-3
12.500000E+0	1.000000E+0	-1.407394E+0	5.489016E+0	133.300434E-3	133.464943E-3
12.600000E+0	1.000000E+0	-1.404086E+0	5.540919E+0	134.647499E-3	134.700548E-3
12.700000E+0	1.000000E+0	-1.401269E+0	5.560851E+0	135.231625E-3	135.687601E-3
12.800000E+0	1.000000E+0	-1.397669E+0	5.602765E+0	136.244308E-3	136.567365E-3
12.900000E+0	1.000000E+0	-1.395795E+0	5.677116E+0	138.148676E-3	137.804162E-3
13.000000E+0	1.000000E+0	-1.392368E+0	5.701506E+0	138.521802E-3	138.621341E-3
13.100000E+0	1.000000E+0	-1.390773E+0	5.728900E+0	139.201891E-3	139.698993E-3
13.200000E+0	1.000000E+0	-1.385933E+0	5.788124E+0	140.950095E-3	141.020428E-3
13.300000E+0	1.000000E+0	-1.382837E+0	5.830944E+0	141.904961E-3	141.856682E-3
13.400000E+0	1.000000E+0	-1.380140E+0	5.859101E+0	143.179309E-3	142.918837E-3
13.500000E+0	1.000000E+0	-1.377440E+0	5.917299E+0	144.326102E-3	144.023907E-3
13.600000E+0	1.000000E+0	-1.374453E+0	5.966926E+0	145.371568E-3	145.224940E-3
13.700000E+0	1.000000E+0	-1.370907E+0	5.983770E+0	146.138680E-3	145.863306E-3
13.800000E+0	1.000000E+0	-1.369384E+0	6.038690E+0	147.419584E-3	147.264612E-3
13.900000E+0	1.000000E+0	-1.364532E+0	6.082010E+0	148.134243E-3	147.983444E-3
14.000000E+0	1.000000E+0	-1.362437E+0	6.109416E+0	149.144542E-3	149.173749E-3
14.100000E+0	1.000000E+0	-1.360255E+0	6.167984E+0	150.437367E-3	150.513661E-3
14.200000E+0	1.000000E+0	-1.356223E+0	6.229281E+0	151.520980E-3	151.261103E-3
14.300000E+0	1.000000E+0	-1.355371E+0	6.254590E+0	152.679694E-3	152.395976E-3
14.400000E+0	1.000000E+0	-1.351765E+0	6.287122E+0	153.446210E-3	152.801287E-3
14.500000E+0	1.000000E+0	-1.346833E+0	6.342280E+0	154.973281E-3	154.372466E-3
14.600000E+0	1.000000E+0	-1.343241E+0	6.383228E+0	155.938280E-3	155.441177E-3
14.700000E+0	1.000000E+0	-1.342171E+0	6.425846E+0	156.953347E-3	156.912816E-3
14.800000E+0	1.000000E+0	-1.338485E+0	6.458914E+0	157.879008E-3	157.417072E-3
14.900000E+0	1.000000E+0	-1.335496E+0	6.509387E+0	158.762945E-3	158.579362E-3
15.000000E+0	1.000000E+0	-1.333568E+0	6.547225E+0	159.987820E-3	159.626616E-3
15.100000E+0	1.000000E+0	-1.329768E+0	6.589139E+0	161.091102E-3	160.862816E-3
15.200000E+0	1.000000E+0	-1.326802E+0	6.634998E+0	161.796225E-3	161.740793E-3
15.300000E+0	1.000000E+0	-1.323813E+0	6.683600E+0	163.354291E-3	162.656320E-3
15.400000E+0	1.000000E+0	-1.320279E+0	6.718802E+0	164.374126E-3	164.001597E-3
15.500000E+0	1.000000E+0	-1.317847E+0	6.763327E+0	165.371312E-3	165.097727E-3
15.600000E+0	1.000000E+0	-1.314703E+0	6.818020E+0	166.186108E-3	165.910138E-3
15.700000E+0	1.000000E+0	-1.311755E+0	6.832302E+0	167.310251E-3	166.663541E-3
15.800000E+0	1.000000E+0	-1.308134E+0	6.872869E+0	168.415918E-3	168.265714E-3
15.900000E+0	1.000000E+0	-1.305771E+0	6.938076E+0	169.330849E-3	169.093026E-3
16.000000E+0	1.000000E+0	-1.301083E+0	6.971538E+0	170.596256E-3	170.156373E-3
16.100000E+0	1.000000E+0	-1.298842E+0	7.010460E+0	171.479597E-3	171.055807E-3
16.200000E+0	1.000000E+0	-1.295999E+0	7.067370E+0	172.672882E-3	172.389760E-3
16.300000E+0	1.000000E+0	-1.293334E+0	7.100642E+0	173.364892E-3	173.096671E-3
16.400000E+0	1.000000E+0	-1.289982E+0	7.123864E+0	174.486055E-3	174.129023E-3
16.500000E+0	1.000000E+0	-1.288718E+0	7.172000E+0	175.328865E-3	175.256743E-3
16.600000E+0	1.000000E+0	-1.284614E+0	7.224894E+0	176.545992E-3	176.308169E-3
16.700000E+0	1.000000E+0	-1.281893E+0	7.266772E+0	177.850737E-3	177.347078E-3
16.800000E+0	1.000000E+0	-1.277599E+0	7.309997E+0	178.893223E-3	178.548708E-3
16.900000E+0	1.000000E+0	-1.274699E+0	7.354379E+0	179.783120E-3	179.483309E-3
17.000000E+0	1.000000E+0	-1.273111E+0	7.394004E+0	180.969253E-3	180.457249E-3
17.100000E+0	1.000000E+0	-1.270503E+0	7.438087E+0	182.158366E-3	181.762591E-3
17.200000E+0	1.000000E+0	-1.266789E+0	7.488596E+0	183.078065E-3	182.507053E-3
17.300000E+0	1.000000E+0	-1.264122E+0	7.520294E+0	184.112206E-3	183.586493E-3
17.400000E+0	1.000000E+0	-1.260692E+0	7.556915E+0	185.362115E-3	184.757724E-3
17.500000E+0	1.000000E+0	-1.259226E+0	7.603383E+0	186.290160E-3	185.712591E-3
17.600000E+0	1.000000E+0	-1.254594E+0	7.651591E+0	187.356487E-3	186.679974E-3
17.700000E+0	1.000000E+0	-1.251623E+0	7.681096E+0	188.203469E-3	187.967435E-3
17.800000E+0	1.000000E+0	-1.249272E+0	7.724917E+0	189.254299E-3	188.773886E-3
17.900000E+0	1.000000E+0	-1.244158E+0	7.769322E+0	190.352813E-3	190.166250E-3
18.000000E+0	1.000000E+0	-1.242787E+0	7.808590E+0	191.530601E-3	190.686003E-3
18.100000E+0	1.000000E+0	-1.239979E+0	7.840264E+0	192.145721E-3	191.949621E-3
18.200000E+0	1.000000E+0	-1.235017E+0	7.890344E+0	193.272248E-3	192.861572E-3
18.300000E+0	1.000000E+0	-1.232910E+0	7.929313E+0	194.045321E-3	194.034592E-3
18.400000E+0	1.000000E+0	-1.230711E+0	7.963836E+0	195.659415E-3	195.050255E-3
18.500000E+0	1.000000E+0	-1.227608E+0	8.015144E+0	196.521894E-3	196.101681E-3
18.600000E+0	1.000000E+0	-1.223883E+0	8.080781E+0	197.826044E-3	197.528616E-3
18.700000E+0	1.000000E+0	-1.220450E+0	8.112431E+0	199.050323E-3	198.619382E-3
18.800000E+0	1.000000E+0	-1.218340E+0	8.148289E+0	200.117246E-3	199.462787E-3
18.900000E+0	1.000000E+0	-1.214096E+0	8.192122E+0	200.826542E-3	200.584547E-3
19.000000E+0	1.000000E+0	-1.212037E+0	8.218193E+0	201.951281E-3	201.201455E-3
19.100000E+0	1.000000E+0	-1.209369E+0	8.260822E+0	202.772038E-3	202.250497E-3
19.200000E+0	1.000000E+0	-1.206747E+0	8.319116E+0	203.750150E-3	203.454511E-3
19.300000E+0	1.000000E+0	-1.203975E+0	8.347833E+0	204.725282E-3	204.401033E-3
19.400000E+0	1.000000E+0	-1.200694E+0	8.384955E+0	206.050293E-3	205.460803E-3
19.500000E+0	1.000000E+0	-1.197630E+0	8.446622E+0	207.265632E-3	206.757800E-3
19.600000E+0	1.000000E+0	-1.195288E+0	8.484435E+0	208.289640E-3	207.382457E-3
19.700000E+0	1.000000E+0	-1.190230E+0	8.508015E+0	209.520476E-3	208.634751E-3
19.800000E+0	1.000000E+0	-1.189178E+0	8.563030E+0	210.344212E-3	209.912078E-3
19.900000E+0	1.000000E+0	-1.185560E+0	8.605075E+0	210.986750E-3	210.541504E-3
20.000000E+0	1.000000E+0	-1.181930E+0	8.635771E+0	212.042945E-3	211.711543E-3
20.100000E+0	1.000000E+0	-1.179948E+0	8.684468E+0	213.459151E-3	212.738531E-3
20.200000E+0	1.000000E+0	-1.177761E+0	8.728695E+0	214.316266E-3	213.711875E-3
20.300000E+0	1.000000E+0	-1.173869E+0	8.763433E+0	215.443986E-3	214.675086E-3
20.400000E+0	1.000000E+0	-1.170403E+0	8.796299E+0	216.446536E-3	215.732473E-3
20.500000E+0	1.000000E+0	-1.167351E+0	8.840919E+0	217.655319E-3	216.933506E-3
20.600000E+0	1.000000E+0	-1.165393E+0	8.890879E+0	218.730586E-3	218.194741E-3
20.700000E+0	1.000000E+0	-1.161435E+0	8.932984E+0	219.678896E-3	218.997615E-3
20.800000E+0	1.000000E+0	-1.157209E+0	8.976269E+0	220.595616E-3	219.979304E-3
20.900000E+0	1.000000E+0	-1.154825E+0	9.026349E+0	222.131032E-3	221.440810E-3
21.000000E+0	1.000000E+0	-1.152629E+0	9.063160E+0	222.582239E-3	221.832412E-3
21.100000E+0	1.000000E+0	-1.149726E+0	9.096670E+0	223.853010E-3	222.971457E-3
21.200000E+0	1.000000E+0	-1.147252E+0	9.140754E+0	224.852580E-3	224.245805E-3
21.300000E+0	1.000000E+0	-1.145002E+0	9.186590E+0	225.604195E-3	224.908012E-3
21.400000E+0	1.000000E+0	-1.140630E+0	9.211564E+0	226.968545E-3	226.283688E-3
21.500000E+0	1.000000E+0	-1.137462E+0	9.253573E+0	227.782148E-3	227.081198E-3
21.600000E+0	1.000000E+0	-1.134703E+0	9.299052E+0	228.484887E-3	227.662343E-3
21.700000E+0	1.000000E+0	-1.132819E+0	9.321177E+0	229.751486E-3	228.806156E-3
21.800000E+0	1.000000E+0	-1.128167E+0	9.370720E+0	230.672974E-3	230.221171E-3
21.900000E+0	1.000000E+0	-1.126808E+0	9.428835E+0	231.259484E-3	230.977554E-3
22.000000E+0	1.000000E+0	-1.122746E+0	9.466183E+0	232.719798E-3	231.904406E-3
22.100000E+0	1.000000E+0	-1.120988E+0	9.505713E+0	234.079976E-3	233.362932E-3
22.200000E+0	1.000000E+0	-1.116297E+0	9.559929E+0	234.691519E-3	234.503169E-3
22.300000E+0	1.000000E+0	-1.113713E+0	9.599078E+0	235.985536E-3	235.372801E-3
22.400000E+0	1.000000E+0	-1.110238E+0	9.631395E+0	237.106104E-3	236.426611E-3
22.500000E+0	1.000000E+0	-1.107684E+0	9.664857E+0	238.060970E-3	237.314720E-3
22.600000E+0	1.000000E+0	-1.105720E+0	9.706509E+0	238.927026E-3	238.418002E-3
22.700000E+0	1.000000E+0	-1.100722E+0	9.745991E+0	240.093489E-3	239.114184E-3
22.800000E+0	1.000000E+0	-1.098755E+0	9.793079E+0	241.202731E-3	240.436812E-3
22.900000E+0	1.000000E+0	-1.096889E+0	9.843695E+0	242.484827E-3	241.608639E-3
23.000000E+0	1.000000E+0	-1.092860E+0	9.878445E+0	243.340154E-3	242.761393E-3
23.100000E+0	1.000000E+0	-1.089332E+0	9.917927E+0	244.357605E-3	243.499895E-3
23.200000E+0	1.000000E+0	-1.086554E+0	9.968758E+0	245.437046E-3	244.737287E-3
23.300000E+0	1.000000E+0	-1.082662E+0	9.992802E+0	246.214290E-3	245.578905E-3
23.400000E+0	1.000000E+0	-1.080787E+0	10.035121E+0	247.434397E-3	246.387144E-3
23.500000E+0	1.000000E+0	-1.077825E+0	10.078657E+0	248.335024E-3	247.790237E-3
23.600000E+0	1.000000E+0	-1.075488E+0	10.125804E+0	249.179622E-3	248.643776E-3
23.700000E+0	1.000000E+0	-1.071671E+0	10.156405E+0	250.183960E-3	249.820968E-3
23.800000E+0	1.000000E+0	-1.069856E+0	10.195112E+0	251.570960E-3	250.607749E-3
23.900000E+0	1.000000E+0	-1.066709E+0	10.239756E+0	252.422711E-3	251.548310E-3
24.000000E+0	1.000000E+0	-1.062921E+0	10.285234E+0	253.619572E-3	252.820870E-3
24.100000E+0	1.000000E+0	-1.058871E+0	10.320640E+0	254.334828E-3	253.915211E-3
24.200000E+0	1.000000E+0	-1.055494E+0	10.367787E+0	255.648514E-3	254.696628E-3
24.300000E+0	1.000000E+0	-1.054269E+0	10.409045E+0	256.468674E-3	255.886337E-3
24.400000E+0	1.000000E+0	-1.050359E+0	10.436010E+0	257.479569E-3	256.713649E-3
24.500000E+0	1.000000E+0	-1.047772E+0	10.488367E+0	258.728286E-3	257.883093E-3
24.600000E+0	1.000000E+0	-1.044619E+0	10.540390E+0	259.760043E-3	258.904120E-3
24.700000E+0	1.000000E+0	-1.042071E+0	10.562456E+0	260.862133E-3	260.153434E-3
24.800000E+0	1.000000E+0	-1.037851E+0	10.601199E+0	261.865875E-3	260.984918E-3
24.900000E+0	1.000000E+0	-1.036137E+0	10.651588E+0	262.659809E-3	262.164495E-3
25.000000E+0	1.000000E+0	-1.033664E+0	10.687315E+0	263.840577E-3	263.100884E-3
25.100000E+0	1.000000E+0	-1.028654E+0	10.725677E+0	264.782331E-3	264.357946E-3
25.200000E+0	1.000000E+0	-1.026374E+0	10.780597E+0	266.259334E-3	264.976046E-3
25.300000E+0	1.000000E+0	-1.022488E+0	10.817134E+0	266.969821E-3	266.051910E-3
25.400000E+0	1.000000E+0	-1.021382E+0	10.842061E+0	268.104098E-3	267.203472E-3
25.500000E+0	1.000000E+0	-1.017794E+0	10.905957E+0	269.175193E-3	268.291852E-3
25.600000E+0	1.000000E+0	-1.014203E+0	10.941672E+0	269.790909E-3	269.032142E-3
25.700000E+0	1.000000E+0	-1.012620E+0	10.967708E+0	271.063469E-3	270.147941E-3
25.800000E+0	1.000000E+0	-1.009768E+0	11.007953E+0	271.874092E-3	270.917437E-3
25.900000E+0	1.000000E+0	-1.004437E+0	11.066175E+0	273.236058E-3	272.026680E-3
26.000000E+0	1.000000E+0	-1.002702E+0	11.085904E+0	273.922108E-3	273.031018E-3
26.100000E+0	1.000000E+0	-999.659314E-3	11.130977E+0	274.654649E-3	274.083040E-3
26.200000E+0	1.000000E+0	-997.087373E-3	11.176395E+0	276.301525E-3	275.462888E-3
26.300000E+0	1.000000E+0	-993.356123E-3	11.221421E+0	277.543090E-3	276.348613E-3
26.400000E+0	1.000000E+0	-990.590467E-3	11.259007E+0	278.341792E-3	277.469180E-3
26.500000E+0	1.000000E+0	-986.450924E-3	11.300182E+0	279.555343E-3	278.543256E-3
26.600000E+0	1.000000E+0	-984.609141E-3	11.346400E+0	280.098938E-3	279.305600E-3
26.700000E+0	1.000000E+0	-979.968919E-3	11.376083E+0	281.072281E-3	280.441068E-3
26.800000E+0	1.000000E+0	-978.812589E-3	11.415422E+0	282.182716E-3	281.313084E-3
26.900000E+0	1.000000E+0	-974.923386E-3	11.459315E+0	283.411764E-3	282.506965E-3
27.000000E+0	1.000000E+0	-972.381248E-3	11.498249E+0	283.983969E-3	283.409976E-3
27.100000E+0	1.000000E+0	-970.006003E-3	11.534166E+0	285.276793E-3	284.274839E-3
27.200000E+0	1.000000E+0	-966.376080E-3	11.577201E+0	286.167287E-3	285.512828E-3
27.300000E+0	1.000000E+0	-962.251438E-3	11.621833E+0	287.255668E-3	286.240601E-3
27.400000E+0	1.000000E+0	-960.549726E-3	11.654913E+0	288.243913E-3	287.541174E-3
27.500000E+0	1.000000E+0	-956.961526E-3	11.692107E+0	289.438390E-3	288.423323E-3
27.600000E+0	1.000000E+0	-955.334319E-3	11.751401E+0	290.377759E-3	289.407992E-3
27.700000E+0	1.000000E+0	-950.664295E-3	11.782742E+0	291.639590E-3	290.942811E-3
27.800000E+0	1.000000E+0	-948.226465E-3	11.816609E+0	292.806053E-3	291.631841E-3
27.900000E+0	1.000000E+0	-945.672406E-3	11.863422E+0	293.396735E-3	292.528891E-3
28.000000E+0	1.000000E+0	-942.078246E-3	11.901772E+0	294.436836E-3	293.301367E-3
28.100000E+0	1.000000E+0	-940.674557E-3	11.936867E+0	295.415544E-3	294.697904E-3
28.200000E+0	1.000000E+0	-937.247289E-3	11.982739E+0	296.337032E-3	295.484686E-3
28.300000E+0	1.000000E+0	-933.805121E-3	12.019527E+0	297.341967E-3	296.548629E-3
28.400000E+0	1.000000E+0	-931.441797E-3	12.047577E+0	298.546577E-3	297.474289E-3
28.500000E+0	1.000000E+0	-929.358615E-3	12.095797E+0	299.389386E-3	298.222923E-3
28.600000E+0	1.000000E+0	-924.465073E-3	12.143397E+0	300.394917E-3	299.650455E-3
28.700000E+0	1.000000E+0	-921.684516E-3	12.175500E+0	301.626349E-3	300.568962E-3
28.800000E+0	1.000000E+0	-918.251289E-3	12.222290E+0	302.982355E-3	301.713968E-3
28.900000E+0	1.000000E+0	-915.661467E-3	12.263513E+0	303.595090E-3	302.726651E-3
29.000000E+0	1.000000E+0	-912.573946E-3	12.297070E+0	304.855729E-3	303.732181E-3
29.100000E+0	1.000000E+0	-908.824814E-3	12.334478E+0	305.695558E-3	304.814005E-3
29.200000E+0	1.000000E+0	-906.524075E-3	12.373042E+0	306.489492E-3	305.730725E-3
29.300000E+0	1.000000E+0	-902.757061E-3	12.413013E+0	307.293559E-3	306.638504E-3
29.400000E+0	1.000000E+0	-900.828851E-3	12.451136E+0	308.497573E-3	307.588006E-3
29.500000E+0	1.000000E+0	-896.552218E-3	12.496281E+0	309.460188E-3	308.846260E-3
29.600000E+0	1.000000E+0	-894.629968E-3	12.533629E+0	310.648705E-3	309.781457E-3
29.700000E+0	1.000000E+0	-891.879213E-3	12.580359E+0	311.568404E-3	310.585524E-3
29.800000E+0	1.000000E+0	-889.173163E-3	12.626791E+0	312.998916E-3	311.741258E-3
29.900000E+0	1.000000E+0	-884.959114E-3	12.661862E+0	313.950802E-3	312.776591E-3
30.000000E+0	1.000000E+0	-881.075871E-3	12.705505E+0	315.052892E-3	313.819672E-3
30.100000E+0	1.000000E+0	-878.232730E-3	12.729168E+0	315.788414E-3	314.854409E-3
30.200000E+0	1.000000E+0	-876.858843E-3	12.772441E+0	316.816594E-3	315.478469E-3
30.300000E+0	1.000000E+0	-872.138155E-3	12.817955E+0	317.908551E-3	316.841628E-3
30.400000E+0	1.000000E+0	-870.707643E-3	12.854815E+0	318.853285E-3	317.884709E-3
30.500000E+0	1.000000E+0	-868.427766E-3	12.897992E+0	319.895770E-3	318.716194E-3
30.600000E+0	1.000000E+0	-864.645851E-3	12.942636E+0	320.582415E-3	319.846894E-3
30.700000E+0	1.000000E+0	-861.436141E-3	12.972975E+0	321.993258E-3	320.801761E-3
30.800000E+0	1.000000E+0	-858.247292E-3	13.011312E+0	322.797324E-3	321.814444E-3
30.900000E+0	1.000000E+0	-853.997481E-3	13.050711E+0	323.773052E-3	322.811033E-3
31.000000E+0	1.000000E+0	-852.483523E-3	13.093591E+0	324.690368E-3	323.738482E-3
31.100000E+0	1.000000E+0	-848.659885E-3	13.140523E+0	325.992133E-3	325.039651E-3
31.200000E+0	1.000000E+0	-846.302521E-3	13.190508E+0	327.089455E-3	326.048758E-3
31.300000E+0	1.000000E+0	-842.404377E-3	13.234174E+0	328.207042E-3	327.240851E-3
31.400000E+0	1.000000E+0	-838.980090E-3	13.265407E+0	329.636362E-3	328.467515E-3
31.500000E+0	1.000000E+0	-835.412752E-3	13.324320E+0	330.584076E-3	329.364565E-3
31.600000E+0	1.000000E+0	-831.666600E-3	13.355422E+0	331.687358E-3	330.465462E-3
31.700000E+0	1.000000E+0	-830.543053E-3	13.379776E+0	332.397249E-3	331.075218E-3
31.800000E+0	1.000000E+0	-827.601564E-3	13.416970E+0	332.970646E-3	331.988361E-3
31.900000E+0	1.000000E+0	-823.029887E-3	13.461125E+0	334.412482E-3	332.966474E-3
32.000000E+0	1.000000E+0	-821.587455E-3	13.495123E+0	335.109857E-3	334.172872E-3
32.100000E+0	1.000000E+0	-818.213832E-3	13.522398E+0	335.854915E-3	334.988263E-3
32.200000E+0	1.000000E+0	-816.121709E-3	13.588619E+0	337.415961E-3	336.342481E-3
32.300000E+0	1.000000E+0	-811.302673E-3	13.621497E+0	338.646201E-3	337.433246E-3
32.400000E+0	1.000000E+0	-809.973490E-3	13.664711E+0	339.288143E-3	338.321355E-3
32.500000E+0	1.000000E+0	-806.313764E-3	13.691795E+0	340.269831E-3	339.118269E-3
32.600000E+0	1.000000E+0	-804.120313E-3	13.728189E+0	341.229466E-3	339.829949E-3
32.700000E+0	1.000000E+0	-801.041734E-3	13.773954E+0	342.474011E-3	341.330794E-3
32.800000E+0	1.000000E+0	-799.000274E-3	13.811934E+0	343.480138E-3	342.334536E-3
32.900000E+0	1.000000E+0	-793.790828E-3	13.847184E+0	344.114331E-3	342.923430E-3
33.000000E+0	1.000000E+0	-791.203987E-3	13.893306E+0	345.274834E-3	344.023136E-3
33.100000E+0	1.000000E+0	-788.661849E-3	13.919044E+0	346.047906E-3	345.106152E-3
33.200000E+0	1.000000E+0	-785.592209E-3	13.964832E+0	347.175030E-3	345.963863E-3
33.300000E+0	1.000000E+0	-783.357035E-3	14.004850E+0	347.854523E-3	346.848396E-3
33.400000E+0	1.000000E+0	-780.966889E-3	14.034545E+0	349.072842E-3	347.932009E-3
33.500000E+0	1.000000E+0	-778.427731E-3	14.079988E+0	349.950222E-3	349.015025E-3
33.600000E+0	1.000000E+0	-773.414980E-3	14.125681E+0	350.843100E-3	349.948434E-3
33.700000E+0	1.000000E+0	-770.747672E-3	14.153421E+0	352.391629E-3	351.038603E-3
33.800000E+0	1.000000E+0	-766.775023E-3	14.194989E+0	353.412060E-3	352.178244E-3
33.900000E+0	1.000000E+0	-764.378916E-3	14.238560E+0	354.292421E-3	352.798133E-3
34.000000E+0	1.000000E+0	-762.310635E-3	14.286697E+0	355.137615E-3	354.175000E-3
34.100000E+0	1.000000E+0	-759.309541E-3	14.318919E+0	356.196790E-3	355.131655E-3
34.200000E+0	1.000000E+0	-756.171356E-3	14.374650E+0	357.304840E-3	355.845122E-3
34.300000E+0	1.000000E+0	-752.896081E-3	14.399064E+0	358.344941E-3	356.941252E-3
34.400000E+0	1.000000E+0	-749.599944E-3	14.429891E+0	359.132319E-3	358.232884E-3
34.500000E+0	1.000000E+0	-748.103868E-3	14.482307E+0	360.420375E-3	359.165101E-3
34.600000E+0	1.000000E+0	-743.857037E-3	14.525831E+0	360.887676E-3	360.175400E-3
34.700000E+0	1.000000E+0	-740.844022E-3	14.552951E+0	362.180500E-3	361.070066E-3
34.800000E+0	1.000000E+0	-735.428940E-3	14.639723E+0	364.292889E-3	363.021522E-3
34.900000E+0	1.000000E+0	-729.292641E-3	14.700985E+0	365.744262E-3	364.758998E-3
35.000000E+0	1.000000E+0	-726.270686E-3	14.732301E+0	366.753369E-3	365.412861E-3
35.100000E+0	1.000000E+0	-723.519931E-3	14.767504E+0	367.575317E-3	366.516143E-3
35.200000E+0	1.000000E+0	-721.931468E-3	14.800549E+0	368.737608E-3	367.405444E-3
35.300000E+0	1.000000E+0	-718.590627E-3	14.827526E+0	369.258553E-3	368.325144E-3
35.400000E+0	1.000000E+0	-716.546188E-3	14.854252E+0	370.172888E-3	368.926555E-3
35.500000E+0	1.000000E+0	-714.084516E-3	14.899600E+0	371.139675E-3	369.961291E-3
35.600000E+0	1.000000E+0	-711.581121E-3	14.947438E+0	372.352034E-3	370.982915E-3
35.700000E+0	1.000000E+0	-708.225379E-3	14.967144E+0	373.007089E-3	371.375710E-3
35.800000E+0	1.000000E+0	-705.659399E-3	15.004480E+0	373.857051E-3	372.863442E-3
35.900000E+0	1.000000E+0	-703.403364E-3	15.038109E+0	374.527604E-3	373.294979E-3
36.000000E+0	1.000000E+0	-700.381408E-3	15.074694E+0	375.265509E-3	374.147326E-3
36.100000E+0	1.000000E+0	-695.848475E-3	15.102482E+0	376.645953E-3	375.312597E-3
36.200000E+0	1.000000E+0	-694.075237E-3	15.143239E+0	377.284915E-3	376.392037E-3
36.300000E+0	1.000000E+0	-691.729794E-3	15.182257E+0	378.068120E-3	376.942784E-3
36.400000E+0	1.000000E+0	-689.247260E-3	15.205669E+0	379.110009E-3	377.895266E-3
36.500000E+0	1.000000E+0	-685.808072E-3	15.251124E+0	380.294353E-3	379.046232E-3
36.600000E+0	1.000000E+0	-683.787475E-3	15.297687E+0	381.031663E-3	380.068452E-3
36.700000E+0	1.000000E+0	-680.390010E-3	15.333354E+0	382.491381E-3	380.993516E-3
36.800000E+0	1.000000E+0	-676.533589E-3	15.360224E+0	383.068354E-3	381.924541E-3
36.900000E+0	1.000000E+0	-674.688826E-3	15.404284E+0	383.660824E-3	382.660658E-3
37.000000E+0	1.000000E+0	-671.356926E-3	15.432847E+0	384.721787E-3	383.744867E-3
37.100000E+0	1.000000E+0	-668.883333E-3	15.459585E+0	385.759504E-3	384.589464E-3
37.200000E+0	1.000000E+0	-665.438185E-3	15.515983E+0	386.948020E-3	385.460884E-3
37.300000E+0	1.000000E+0	-662.109265E-3	15.547407E+0	387.502344E-3	386.300714E-3
37.400000E+0	1.000000E+0	-660.002241E-3	15.579367E+0	388.836892E-3	387.309821E-3
37.500000E+0	1.000000E+0	-655.969987E-3	15.626502E+0	389.952691E-3	388.859542E-3
37.600000E+0	1.000000E+0	-654.938826E-3	15.665317E+0	390.754969E-3	389.468105E-3
37.700000E+0	1.000000E+0	-652.003297E-3	15.682673E+0	391.350420E-3	390.324028E-3
37.800000E+0	1.000000E+0	-646.916041E-3	15.743649E+0	393.101604E-3	391.409428E-3
37.900000E+0	1.000000E+0	-645.989189E-3	15.782809E+0	393.706592E-3	392.271312E-3
38.000000E+0	1.000000E+0	-641.441354E-3	15.815258E+0	394.689472E-3	393.462809E-3
38.100000E+0	1.000000E+0	-639.459500E-3	15.858364E+0	395.493539E-3	394.369991E-3
38.200000E+0	1.000000E+0	-635.537514E-3	15.893590E+0	396.645101E-3	395.494731E-3
38.300000E+0	1.000000E+0	-633.683810E-3	15.922451E+0	397.353800E-3	396.202238E-3
38.400000E+0	1.000000E+0	-629.472741E-3	15.956545E+0	398.581060E-3	397.331150E-3
38.500000E+0	1.000000E+0	-626.066336E-3	15.994942E+0	399.540695E-3	398.354562E-3
38.600000E+0	1.000000E+0	-623.133787E-3	16.041315E+0	400.255951E-3	399.108561E-3
38.700000E+0	1.000000E+0	-620.424756E-3	16.077983E+0	401.551756E-3	400.125416E-3
38.800000E+0	1.000000E+0	-617.048153E-3	16.112483E+0	402.122768E-3	401.181611E-3
38.900000E+0	1.000000E+0	-614.115604E-3	16.151536E+0	403.513345E-3	402.099522E-3
39.000000E+0	1.000000E+0	-610.268125E-3	16.198289E+0	404.170784E-3	403.091344E-3
39.100000E+0	1.000000E+0	-609.695920E-3	16.229987E+0	405.556592E-3	404.198798E-3
39.200000E+0	1.000000E+0	-607.007750E-3	16.267967E+0	406.512055E-3	404.983195E-3
39.300000E+0	1.000000E+0	-603.154310E-3	16.304290E+0	406.985912E-3	405.803355E-3
39.400000E+0	1.000000E+0	-599.801549E-3	16.340351E+0	408.127937E-3	406.866106E-3
39.500000E+0	1.000000E+0	-597.736248E-3	16.376758E+0	409.179363E-3	408.036741E-3
39.600000E+0	1.000000E+0	-595.179209E-3	16.426229E+0	409.901771E-3	408.895644E-3
39.700000E+0	1.000000E+0	-591.301926E-3	16.453338E+0	411.235723E-3	409.903559E-3
39.800000E+0	1.000000E+0	-588.035592E-3	16.488206E+0	411.855611E-3	410.580668E-3
39.900000E+0	1.000000E+0	-585.535177E-3	16.541803E+0	412.994060E-3	411.795411E-3
40.000000E+0	1.000000E+0	-582.441696E-3	16.570377E+0	414.209995E-3	412.789616E-3
40.100000E+0	1.000000E+0	-579.017409E-3	16.608584E+0	415.040884E-3	413.912568E-3
40.200000E+0	1.000000E+0	-576.558717E-3	16.663754E+0	416.265163E-3	414.986644E-3
40.300000E+0	1.000000E+0	-572.714218E-3	16.682863E+0	417.208109E-3	415.702495E-3
40.400000E+0	1.000000E+0	-570.717462E-3	16.711164E+0	418.046150E-3	416.620407E-3
40.500000E+0	1.000000E+0	-568.744548E-3	16.770339E+0	419.011150E-3	417.911444E-3
40.600000E+0	1.000000E+0	-564.292081E-3	16.805983E+0	419.986282E-3	418.713126E-3
40.700000E+0	1.000000E+0	-561.025747E-3	16.823411E+0	420.889888E-3	419.706140E-3
40.800000E+0	1.000000E+0	-557.172306E-3	16.876340E+0	421.808396E-3	420.435105E-3
40.900000E+0	1.000000E+0	-555.023559E-3	16.917551E+0	422.754918E-3	421.528850E-3
41.000000E+0	1.000000E+0	-553.202637E-3	16.942716E+0	423.657332E-3	422.133241E-3
41.100000E+0	1.000000E+0	-548.455127E-3	16.985869E+0	424.802933E-3	423.443351E-3
41.200000E+0	1.000000E+0	-546.842821E-3	17.026424E+0	425.651704E-3	424.527560E-3
41.300000E+0	1.000000E+0	-542.309888E-3	17.068541E+0	426.871215E-3	425.397192E-3
41.400000E+0	1.000000E+0	-540.357836E-3	17.107511E+0	427.648459E-3	426.290069E-3
41.500000E+0	1.000000E+0	-536.564000E-3	17.139184E+0	428.352390E-3	427.489315E-3
41.600000E+0	1.000000E+0	-532.472141E-3	17.173898E+0	429.586803E-3	428.245698E-3
41.700000E+0	1.000000E+0	-532.105573E-3	17.212260E+0	430.374776E-3	429.177915E-3
41.800000E+0	1.000000E+0	-528.422005E-3	17.254448E+0	431.743299E-3	430.629884E-3
41.900000E+0	1.000000E+0	-525.665291E-3	17.295587E+0	432.543789E-3	431.525742E-3
42.000000E+0	1.000000E+0	-521.945961E-3	17.321992E+0	433.284675E-3	432.075893E-3
42.100000E+0	1.000000E+0	-519.466407E-3	17.355430E+0	434.168016E-3	433.002745E-3
42.200000E+0	1.000000E+0	-516.375907E-3	17.396247E+0	435.379778E-3	434.195434E-3
42.300000E+0	1.000000E+0	-513.511903E-3	17.429805E+0	436.185633E-3	434.841548E-3
42.400000E+0	1.000000E+0	-510.150201E-3	17.466605E+0	437.140500E-3	435.669457E-3
42.500000E+0	1.000000E+0	-506.994135E-3	17.509162E+0	438.293254E-3	436.945593E-3
42.600000E+0	1.000000E+0	-503.951318E-3	17.557001E+0	439.160501E-3	437.970793E-3
42.700000E+0	1.000000E+0	-500.231988E-3	17.582357E+0	440.596973E-3	438.981687E-3
42.800000E+0	1.000000E+0	-498.893864E-3	17.616737E+0	440.897381E-3	439.548528E-3
42.900000E+0	1.000000E+0	-495.255000E-3	17.666996E+0	441.882646E-3	440.741217E-3
43.000000E+0	1.000000E+0	-491.711504E-3	17.686927E+0	443.112290E-3	441.746151E-3
43.100000E+0	1.000000E+0	-488.811738E-3	17.733634E+0	444.091594E-3	443.049705E-3
43.200000E+0	1.000000E+0	-487.196452E-3	17.787302E+0	445.124543E-3	443.958676E-3
43.300000E+0	1.000000E+0	-483.608253E-3	17.816293E+0	446.299350E-3	444.777643E-3
43.400000E+0	1.000000E+0	-480.407483E-3	17.845023E+0	447.018182E-3	445.715225E-3
43.500000E+0	1.000000E+0	-477.805740E-3	17.899561E+0	447.841322E-3	446.643269E-3
43.600000E+0	1.000000E+0	-474.947698E-3	17.933846E+0	449.079311E-3	447.668469E-3
43.700000E+0	1.000000E+0	-470.599539E-3	17.951179E+0	450.000799E-3	448.350346E-3
43.800000E+0	1.000000E+0	-468.364365E-3	17.993402E+0	450.776255E-3	449.500716E-3
43.900000E+0	1.000000E+0	-465.255982E-3	18.039298E+0	451.809800E-3	450.395382E-3
44.000000E+0	1.000000E+0	-462.260849E-3	18.067515E+0	452.622211E-3	451.422370E-3
44.100000E+0	1.000000E+0	-457.262999E-3	18.103206E+0	453.539527E-3	452.446974E-3
44.200000E+0	1.000000E+0	-456.559664E-3	18.144751E+0	454.511083E-3	453.467405E-3
44.300000E+0	1.000000E+0	-453.725464E-3	18.180871E+0	455.367602E-3	454.287565E-3
44.400000E+0	1.000000E+0	-449.806458E-3	18.219316E+0	456.413067E-3	455.067194E-3
44.500000E+0	1.000000E+0	-447.759039E-3	18.243766E+0	457.330979E-3	456.028617E-3
44.600000E+0	1.000000E+0	-444.227463E-3	18.281317E+0	458.369292E-3	457.266606E-3
44.700000E+0	1.000000E+0	-441.819436E-3	18.321455E+0	459.295548E-3	457.641519E-3
44.800000E+0	1.000000E+0	-439.366704E-3	18.367839E+0	460.088290E-3	459.413565E-3
44.900000E+0	1.000000E+0	-435.322529E-3	18.398905E+0	461.305417E-3	459.905304E-3
45.000000E+0	1.000000E+0	-433.233386E-3	18.434739E+0	462.410487E-3	460.771359E-3
45.100000E+0	1.000000E+0	-430.387265E-3	18.469799E+0	463.179983E-3	461.677350E-3
45.200000E+0	1.000000E+0	-426.429516E-3	18.505013E+0	464.056767E-3	462.558307E-3
45.300000E+0	1.000000E+0	-424.972183E-3	18.545055E+0	464.878716E-3	463.637151E-3
45.400000E+0	1.000000E+0	-422.123080E-3	18.580019E+0	466.203727E-3	464.862026E-3
45.500000E+0	1.000000E+0	-418.531901E-3	18.613696E+0	466.835536E-3	465.548076E-3
45.600000E+0	1.000000E+0	-415.280467E-3	18.663299E+0	467.737355E-3	466.674008E-3
45.700000E+0	1.000000E+0	-411.170727E-3	18.697155E+0	469.068922E-3	467.798151E-3
45.800000E+0	1.000000E+0	-408.059364E-3	18.737137E+0	470.113196E-3	468.868055E-3
45.900000E+0	1.000000E+0	-405.842071E-3	18.786895E+0	470.885672E-3	469.595827E-3
46.000000E+0	1.000000E+0	-400.805479E-3	18.807733E+0	471.758880E-3	470.790901E-3
46.100000E+0	1.000000E+0	-399.553781E-3	18.834829E+0	472.896137E-3	471.460857E-3
46.200000E+0	1.000000E+0	-397.202378E-3	18.882012E+0	473.487415E-3	472.204723E-3
46.300000E+0	1.000000E+0	-393.956905E-3	18.922102E+0	474.487581E-3	473.487415E-3
46.400000E+0	1.000000E+0	-391.614443E-3	18.946707E+0	475.322046E-3	474.206843E-3
46.500000E+0	1.000000E+0	-387.987500E-3	18.989205E+0	476.670899E-3	475.298204E-3
46.600000E+0	1.000000E+0	-384.801632E-3	19.028163E+0	477.371850E-3	476.149359E-3
46.700000E+0	1.000000E+0	-383.102899E-3	19.059587E+0	478.488841E-3	477.231779E-3
46.800000E+0	1.000000E+0	-378.885871E-3	19.102800E+0	479.609409E-3	478.223004E-3
46.900000E+0	1.000000E+0	-375.708943E-3	19.139588E+0	480.395594E-3	479.224959E-3
47.000000E+0	1.000000E+0	-371.533637E-3	19.177139E+0	481.702724E-3	479.789415E-3
47.100000E+0	1.000000E+0	-370.725995E-3	19.212186E+0	482.454935E-3	481.120983E-3
47.200000E+0	1.000000E+0	-367.781525E-3	19.242549E+0	483.126679E-3	481.795707E-3
47.300000E+0	1.000000E+0	-363.039975E-3	19.281995E+0	484.128633E-3	482.677260E-3
47.400000E+0	1.000000E+0	-360.703473E-3	19.319069E+0	485.101381E-3	483.654776E-3
47.500000E+0	1.000000E+0	-358.456378E-3	19.356823E+0	486.023465E-3	484.607258E-3
47.600000E+0	1.000000E+0	-354.555254E-3	19.387007E+0	486.683288E-3	485.501328E-3
47.700000E+0	1.000000E+0	-351.578002E-3	19.428325E+0	487.678686E-3	486.699382E-3
47.800000E+0	1.000000E+0	-348.371272E-3	19.475877E+0	489.106217E-3	487.792531E-3
47.900000E+0	1.000000E+0	-345.397000E-3	19.503367E+0	489.949623E-3	488.622228E-3
48.000000E+0	1.000000E+0	-343.576078E-3	19.543278E+0	490.719715E-3	489.662925E-3
48.100000E+0	1.000000E+0	-340.014701E-3	19.581366E+0	492.144862E-3	490.722696E-3
48.200000E+0	1.000000E+0	-336.945062E-3	19.624090E+0	492.771903E-3	491.689483E-3
48.300000E+0	1.000000E+0	-332.880025E-3	19.666207E+0	494.045655E-3	492.733160E-3
48.400000E+0	1.000000E+0	-330.513720E-3	19.685435E+0	494.637529E-3	493.332187E-3
48.500000E+0	1.000000E+0	-327.792768E-3	19.718885E+0	495.719353E-3	494.290034E-3
48.600000E+0	1.000000E+0	-324.493651E-3	19.765306E+0	496.473948E-3	495.103041E-3
48.700000E+0	1.000000E+0	-321.057443E-3	19.796622E+0	497.251193E-3	495.753924E-3
48.800000E+0	1.000000E+0	-318.902735E-3	19.831729E+0	498.459975E-3	497.281591E-3
48.900000E+0	1.000000E+0	-314.974789E-3	19.864535E+0	499.383847E-3	497.790615E-3
49.000000E+0	1.000000E+0	-312.393908E-3	19.902170E+0	500.333945E-3	498.974959E-3
49.100000E+0	1.000000E+0	-308.302049E-3	19.938350E+0	501.208345E-3	500.031154E-3
49.200000E+0	1.000000E+0	-305.938725E-3	19.980550E+0	502.309243E-3	500.622432E-3
49.300000E+0	1.000000E+0	-304.710869E-3	20.032287E+0	503.351729E-3	501.974861E-3
49.400000E+0	1.000000E+0	-300.562386E-3	20.049942E+0	504.168312E-3	503.197353E-3
49.500000E+0	1.000000E+0	-297.835473E-3	20.099342E+0	505.228679E-3	503.916185E-3
49.600000E+0	1.000000E+0	-295.588378E-3	20.123470E+0	505.974929E-3	504.817407E-3
49.700000E+0	1.000000E+0	-290.805105E-3	20.159745E+0	507.158678E-3	505.710285E-3
49.800000E+0	1.000000E+0	-287.765269E-3	20.194936E+0	507.969897E-3	506.866019E-3
49.900000E+0	1.000000E+0	-285.217170E-3	20.242906E+0	508.856218E-3	507.769625E-3
50.000000E+0	1.000000E+0	-282.859806E-3	20.264983E+0	509.785455E-3	508.317392E-3
50.100000E+0	1.000000E+0	-279.879574E-3	20.307457E+0	510.621708E-3	509.415310E-3
50.200000E+0	1.000000E+0	-277.197365E-3	20.349395E+0	511.586707E-3	510.543030E-3
50.300000E+0	1.000000E+0	-273.042921E-3	20.385766E+0	513.023775E-3	511.409085E-3
50.400000E+0	1.000000E+0	-269.854073E-3	20.422351E+0	513.700288E-3	512.611311E-3
50.500000E+0	1.000000E+0	-267.371539E-3	20.457482E+0	514.468592E-3	513.540547E-3
50.600000E+0	1.000000E+0	-263.792280E-3	20.491719E+0	515.522998E-3	513.994139E-3
50.700000E+0	1.000000E+0	-260.996822E-3	20.534837E+0	516.341370E-3	515.226763E-3
50.800000E+0	1.000000E+0	-258.174542E-3	20.568609E+0	517.759365E-3	516.161364E-3
50.900000E+0	1.000000E+0	-254.440311E-3	20.606005E+0	518.733305E-3	517.161530E-3
51.000000E+0	1.000000E+0	-252.702836E-3	20.644283E+0	519.347828E-3	518.014472E-3
51.100000E+0	1.000000E+0	-250.506405E-3	20.678830E+0	520.135206E-3	519.065302E-3
51.200000E+0	1.000000E+0	-246.101621E-3	20.721471E+0	521.389288E-3	520.082754E-3
51.300000E+0	1.000000E+0	-242.260102E-3	20.745742E+0	522.325677E-3	520.742577E-3
51.400000E+0	1.000000E+0	-239.858035E-3	20.780015E+0	522.943777E-3	521.588963E-3
51.500000E+0	1.000000E+0	-237.271193E-3	20.817935E+0	524.231833E-3	522.757214E-3
51.600000E+0	1.000000E+0	-233.966115E-3	20.861590E+0	525.048417E-3	523.919505E-3
51.700000E+0	1.000000E+0	-231.844190E-3	20.893824E+0	526.170177E-3	524.971527E-3
51.800000E+0	1.000000E+0	-227.731469E-3	20.921052E+0	526.632113E-3	525.713605E-3
51.900000E+0	1.000000E+0	-226.020816E-3	20.977128E+0	527.765793E-3	526.528401E-3
52.000000E+0	1.000000E+0	-222.608450E-3	20.998442E+0	528.542442E-3	527.129811E-3
52.100000E+0	1.000000E+0	-218.790773E-3	21.022987E+0	529.929442E-3	528.319520E-3
52.200000E+0	1.000000E+0	-216.615203E-3	21.072185E+0	530.632181E-3	529.519958E-3
52.300000E+0	1.000000E+0	-213.509801E-3	21.108019E+0	531.505985E-3	530.089182E-3
52.400000E+0	1.000000E+0	-209.796432E-3	21.133327E+0	532.582445E-3	531.182928E-3
52.500000E+0	1.000000E+0	-207.352641E-3	21.183503E+0	533.251805E-3	532.239122E-3
52.600000E+0	1.000000E+0	-203.758481E-3	21.216416E+0	534.302039E-3	533.161206E-3
52.700000E+0	1.000000E+0	-201.377275E-3	21.249056E+0	535.342140E-3	534.035010E-3
52.800000E+0	1.000000E+0	-198.277834E-3	21.291959E+0	536.328597E-3	534.778280E-3
52.900000E+0	1.000000E+0	-195.473435E-3	21.334171E+0	537.504597E-3	536.171837E-3
53.000000E+0	1.000000E+0	-191.351774E-3	21.349072E+0	537.816329E-3	536.659403E-3
53.100000E+0	1.000000E+0	-189.381840E-3	21.399224E+0	539.427443E-3	537.939115E-3
53.200000E+0	1.000000E+0	-186.502936E-3	21.438265E+0	540.018721E-3	538.637085E-3
53.300000E+0	1.000000E+0	-183.632972E-3	21.476364E+0	541.064186E-3	539.512081E-3
53.400000E+0	1.000000E+0	-180.885198E-3	21.506214E+0	542.195483E-3	540.668412E-3
53.500000E+0	1.000000E+0	-177.857282E-3	21.541417E+0	542.724772E-3	541.527911E-3
53.600000E+0	1.000000E+0	-174.862149E-3	21.574795E+0	543.484135E-3	542.368336E-3
53.700000E+0	1.000000E+0	-172.558429E-3	21.613860E+0	544.744178E-3	543.351813E-3
53.800000E+0	1.000000E+0	-167.769196E-3	21.648121E+0	545.870109E-3	544.334098E-3
53.900000E+0	1.000000E+0	-166.291001E-3	21.683204E+0	546.676560E-3	545.499964E-3
54.000000E+0	1.000000E+0	-160.354378E-3	21.717775E+0	547.635003E-3	545.995875E-3
54.100000E+0	1.000000E+0	-158.458950E-3	21.741581E+0	548.254295E-3	547.002002E-3
54.200000E+0	1.000000E+0	-154.972079E-3	21.782994E+0	549.421950E-3	548.171445E-3
54.300000E+0	1.000000E+0	-153.768065E-3	21.815896E+0	550.108000E-3	548.667356E-3
54.400000E+0	1.000000E+0	-150.981548E-3	21.860504E+0	551.028892E-3	549.750968E-3
54.500000E+0	1.000000E+0	-147.643687E-3	21.899784E+0	552.340194E-3	551.084324E-3
54.600000E+0	1.000000E+0	-145.164134E-3	21.931911E+0	552.902862E-3	551.424667E-3
54.700000E+0	1.000000E+0	-141.638519E-3	21.956909E+0	554.096147E-3	552.631661E-3
54.800000E+0	1.000000E+0	-137.218835E-3	21.997690E+0	554.888889E-3	553.621694E-3
54.900000E+0	1.000000E+0	-135.070087E-3	22.053325E+0	556.051776E-3	555.008098E-3
55.000000E+0	1.000000E+0	-131.863357E-3	22.074437E+0	556.979820E-3	555.552885E-3
55.100000E+0	1.000000E+0	-128.740074E-3	22.110486E+0	557.950780E-3	556.348607E-3
55.200000E+0	1.000000E+0	-126.054885E-3	22.147608E+0	558.328077E-3	557.169959E-3
55.300000E+0	1.000000E+0	-123.938920E-3	22.185719E+0	559.628651E-3	558.306619E-3
55.400000E+0	1.000000E+0	-119.310619E-3	22.214627E+0	560.433909E-3	559.176847E-3
55.500000E+0	1.000000E+0	-116.649272E-3	22.261083E+0	561.481759E-3	560.271785E-3
55.600000E+0	1.000000E+0	-114.288928E-3	22.290254E+0	562.301919E-3	561.178372E-3
55.700000E+0	1.000000E+0	-110.200049E-3	22.316492E+0	563.491032E-3	561.657593E-3
55.800000E+0	1.000000E+0	-107.607247E-3	22.359908E+0	564.377949E-3	562.899158E-3
55.900000E+0	1.000000E+0	-106.397273E-3	22.406101E+0	565.170691E-3	564.245627E-3
56.000000E+0	1.000000E+0	-102.719666E-3	22.434485E+0	566.396759E-3	565.102742E-3
56.100000E+0	1.000000E+0	-99.420549E-3	22.470689E+0	567.267582E-3	565.686867E-3
56.200000E+0	1.000000E+0	-96.797944E-3	22.506237E+0	568.036482E-3	566.929624E-3
56.300000E+0	1.000000E+0	-93.030931E-3	22.537720E+0	568.649814E-3	567.418978E-3
56.400000E+0	1.000000E+0	-90.661646E-3	22.575676E+0	569.868133E-3	568.583653E-3
56.500000E+0	1.000000E+0	-86.990000E-3	22.607994E+0	570.651934E-3	569.354341E-3
56.600000E+0	1.000000E+0	-84.626676E-3	22.638750E+0	571.484611E-3	570.228145E-3
56.700000E+0	1.000000E+0	-81.887842E-3	22.683823E+0	572.672532E-3	571.311162E-3
56.800000E+0	1.000000E+0	-78.889729E-3	22.719777E+0	573.833631E-3	572.168277E-3
56.900000E+0	1.000000E+0	-75.840951E-3	22.754991E+0	574.422525E-3	573.228643E-3
57.000000E+0	1.000000E+0	-72.553755E-3	22.795749E+0	575.681375E-3	574.603127E-3
57.100000E+0	1.000000E+0	-68.852306E-3	22.833538E+0	576.658295E-3	575.301693E-3
57.200000E+0	1.000000E+0	-64.849854E-3	22.865534E+0	577.421831E-3	575.933502E-3
57.300000E+0	1.000000E+0	-65.305830E-3	22.898757E+0	578.101324E-3	576.821612E-3
57.400000E+0	1.000000E+0	-59.539080E-3	22.923291E+0	579.052018E-3	577.564286E-3
57.500000E+0	1.000000E+0	-57.169796E-3	22.967553E+0	580.208348E-3	578.784393E-3
57.600000E+0	1.000000E+0	-52.478910E-3	23.006308E+0	581.188248E-3	579.491304E-3
57.700000E+0	1.000000E+0	-52.243472E-3	23.029017E+0	582.131790E-3	580.402063E-3
57.800000E+0	1.000000E+0	-49.623848E-3	23.069978E+0	582.895326E-3	581.499981E-3
57.900000E+0	1.000000E+0	-45.675040E-3	23.112047E+0	583.702969E-3	582.357096E-3
58.000000E+0	1.000000E+0	-41.937829E-3	23.140526E+0	584.669756E-3	583.297061E-3
58.100000E+0	1.000000E+0	-39.103628E-3	23.156869E+0	585.762905E-3	584.200667E-3
58.200000E+0	1.000000E+0	-35.971404E-3	23.214293E+0	586.361932E-3	585.248517E-3
58.300000E+0	1.000000E+0	-32.269955E-3	23.249876E+0	587.612438E-3	586.443590E-3
58.400000E+0	1.000000E+0	-30.234456E-3	23.271489E+0	588.761615E-3	586.997318E-3
58.500000E+0	1.000000E+0	-27.310849E-3	23.328435E+0	589.225935E-3	588.175701E-3
58.600000E+0	1.000000E+0	-24.327636E-3	23.351753E+0	590.066361E-3	589.019107E-3
58.700000E+0	1.000000E+0	-20.590425E-3	23.385000E+0	591.547536E-3	590.099740E-3
58.800000E+0	1.000000E+0	-16.841293E-3	23.419905E+0	591.878938E-3	590.691018E-3
58.900000E+0	1.000000E+0	-15.395880E-3	23.459935E+0	593.217063E-3	591.635751E-3
59.000000E+0	1.000000E+0	-13.220310E-3	23.485589E+0	594.077158E-3	592.349219E-3
59.100000E+0	1.000000E+0	-10.070205E-3	23.517704E+0	594.541478E-3	593.126464E-3
59.200000E+0	1.000000E+0	-5.808473E-3	23.555219E+0	595.949340E-3	594.563532E-3
59.300000E+0	1.000000E+0	-5.036593E-3	23.588955E+0	596.475649E-3	595.282960E-3
59.400000E+0	1.000000E+0	-265.240673E-6	23.634923E+0	597.688007E-3	596.549559E-3
59.500000E+0	1.000000E+0	1.668930E-3	23.668015E+0	598.510552E-3	596.937585E-3
59.600000E+0	1.000000E+0	6.383658E-3	23.698437E+0	599.350977E-3	598.350811E-3
59.700000E+0	1.000000E+0	8.934736E-3	23.740733E+0	600.253392E-3	599.255610E-3
59.800000E+0	1.000000E+0	10.657311E-3	23.771274E+0	601.514030E-3	599.695492E-3
59.900000E+0	1.000000E+0	12.952089E-3	23.809040E+0	602.201868E-3	600.661683E-3
60.000000E+0	1.000000E+0	18.709898E-3	23.837352E+0	602.981496E-3	601.784635E-3
60.100000E+0	1.000000E+0	21.582842E-3	23.865521E+0	603.846956E-3	602.638770E-3
60.200000E+0	1.000000E+0	24.038554E-3	23.909140E+0	604.866791E-3	603.609133E-3
60.300000E+0	1.000000E+0	27.066470E-3	23.947227E+0	605.675627E-3	604.397107E-3
60.400000E+0	1.000000E+0	30.571223E-3	23.984301E+0	606.864739E-3	605.694104E-3
60.500000E+0	1.000000E+0	32.961369E-3	24.012792E+0	607.838083E-3	606.225777E-3
60.600000E+0	1.000000E+0	35.858155E-3	24.057865E+0	608.678509E-3	607.045341E-3
60.700000E+0	1.000000E+0	39.315224E-3	24.082422E+0	609.642316E-3	608.246971E-3
60.800000E+0	1.000000E+0	42.766333E-3	24.109948E+0	610.840966E-3	609.348465E-3
60.900000E+0	1.000000E+0	44.786931E-3	24.162710E+0	611.279656E-3	610.193063E-3
61.000000E+0	1.000000E+0	46.694279E-3	24.190855E+0	612.632085E-3	611.282636E-3
61.100000E+0	1.000000E+0	50.300360E-3	24.226427E+0	613.403965E-3	611.957957E-3
61.200000E+0	1.000000E+0	54.019690E-3	24.277282E+0	614.574005E-3	612.918784E-3
61.300000E+0	1.000000E+0	56.129695E-3	24.304032E+0	615.190317E-3	613.551189E-3
61.400000E+0	1.000000E+0	58.585406E-3	24.327934E+0	615.997960E-3	614.616324E-3
61.500000E+0	1.000000E+0	61.279536E-3	24.377251E+0	616.725137E-3	615.578343E-3
61.600000E+0	1.000000E+0	65.517426E-3	24.405169E+0	617.824842E-3	616.700103E-3
61.700000E+0	1.000000E+0	67.865849E-3	24.428487E+0	618.553807E-3	617.716958E-3
61.800000E+0	1.000000E+0	72.485210E-3	24.469662E+0	619.779279E-3	618.324329E-3
61.900000E+0	1.000000E+0	74.368716E-3	24.505651E+0	620.684077E-3	619.313766E-3
62.000000E+0	1.000000E+0	77.527763E-3	24.537611E+0	621.122172E-3	619.985511E-3
62.100000E+0	1.000000E+0	81.562997E-3	24.571133E+0	622.072270E-3	620.714476E-3
62.200000E+0	1.000000E+0	83.088876E-3	24.613953E+0	623.096874E-3	621.776035E-3
62.300000E+0	1.000000E+0	86.456538E-3	24.648106E+0	624.361088E-3	623.170187E-3
62.400000E+0	1.000000E+0	90.283157E-3	24.674869E+0	624.918392E-3	623.696496E-3
62.500000E+0	1.000000E+0	91.749431E-3	24.699831E+0	626.069357E-3	624.570300E-3
62.600000E+0	1.000000E+0	96.040965E-3	24.744940E+0	626.702359E-3	625.554969E-3
62.700000E+0	1.000000E+0	97.763540E-3	24.788201E+0	627.794912E-3	626.554539E-3
62.800000E+0	1.000000E+0	101.822616E-3	24.816239E+0	628.879121E-3	627.487948E-3
62.900000E+0	1.000000E+0	104.612114E-3	24.846900E+0	629.625967E-3	628.311088E-3
63.000000E+0	1.000000E+0	107.890369E-3	24.893141E+0	630.865744E-3	629.635504E-3
63.100000E+0	1.000000E+0	111.126901E-3	24.911630E+0	631.551197E-3	629.867962E-3
63.200000E+0	1.000000E+0	113.224985E-3	24.947369E+0	632.163337E-3	630.973032E-3
63.300000E+0	1.000000E+0	116.986038E-3	24.989653E+0	633.162907E-3	631.787231E-3
63.400000E+0	1.000000E+0	119.960310E-3	25.017762E+0	634.368113E-3	632.619312E-3
63.500000E+0	1.000000E+0	123.000147E-3	25.054717E+0	634.889653E-3	633.657029E-3
63.600000E+0	1.000000E+0	124.502184E-3	25.096035E+0	636.081150E-3	634.823492E-3
63.700000E+0	1.000000E+0	128.406288E-3	25.133622E+0	636.878065E-3	635.764054E-3
63.800000E+0	1.000000E+0	130.355360E-3	25.164855E+0	638.082078E-3	636.583022E-3
63.900000E+0	1.000000E+0	135.928394E-3	25.210845E+0	639.100126E-3	637.536696E-3
64.000000E+0	1.000000E+0	137.501957E-3	25.230801E+0	639.813594E-3	638.278178E-3
64.100000E+0	1.000000E+0	141.966345E-3	25.263047E+0	640.764884E-3	638.946942E-3
64.200000E+0	1.000000E+0	144.207480E-3	25.293493E+0	641.412190E-3	640.186719E-3
64.300000E+0	1.000000E+0	145.822765E-3	25.330293E+0	642.182878E-3	640.872768E-3
64.400000E+0	1.000000E+0	148.743393E-3	25.364542E+0	643.131188E-3	642.141751E-3
64.500000E+0	1.000000E+0	153.541567E-3	25.409687E+0	644.468717E-3	642.811111E-3
64.600000E+0	1.000000E+0	154.894593E-3	25.440824E+0	645.586304E-3	644.075922E-3
64.700000E+0	1.000000E+0	159.454348E-3	25.472009E+0	646.123938E-3	644.718460E-3
64.800000E+0	2.000000E+0	159.633162E-3	25.489330E+0	646.433286E-3	645.127348E-3
64.900000E+0	2.000000E+0	161.147120E-3	25.498009E+0	647.039465E-3	645.705513E-3
65.000000E+0	2.000000E+0	156.986716E-3	25.409830E+0	644.902639E-3	643.714718E-3
65.100000E+0	2.000000E+0	127.220156E-3	24.974382E+0	634.134463E-3	633.000782E-3
65.200000E+0	2.000000E+0	95.468761E-3	24.508524E+0	622.335722E-3	621.463706E-3
65.300000E+0	2.000000E+0	59.086085E-3	23.990870E+0	609.985639E-3	608.908583E-3
65.400000E+0	2.000000E+0	23.716688E-3	23.468423E+0	597.065139E-3	596.311736E-3
65.500000E+0	2.000000E+0	-10.818243E-3	22.958112E+0	584.122585E-3	583.248781E-3
65.600000E+0	2.000000E+0	-48.261882E-3	22.442245E+0	571.526335E-3	570.631073E-3
65.700000E+0	2.000000E+0	-83.103777E-3	21.909106E+0	558.612987E-3	558.220789E-3
65.800000E+0	2.000000E+0	-118.958952E-3	21.400762E+0	545.845671E-3	545.389100E-3
65.900000E+0	2.000000E+0	-154.560807E-3	20.883751E+0	532.935304E-3	532.614631E-3
66.000000E+0	2.000000E+0	-189.983847E-3	20.363593E+0	520.049971E-3	519.914669E-3
66.100000E+0	2.000000E+0	-226.780775E-3	19.848406E+0	507.096689E-3	507.448356E-3
66.200000E+0	2.000000E+0	-262.996558E-3	19.334507E+0	494.465271E-3	494.500438E-3
66.300000E+0	2.000000E+0	-298.380856E-3	18.825006E+0	481.377879E-3	481.979886E-3
66.400000E+0	2.000000E+0	-334.423785E-3	18.304622E+0	468.583741E-3	469.067730E-3
66.500000E+0	2.000000E+0	-370.916729E-3	17.800510E+0	455.749071E-3	456.026233E-3
66.600000E+0	2.000000E+0	-406.602031E-3	17.289293E+0	442.916786E-3	443.518197E-3
66.700000E+0	2.000000E+0	-442.701584E-3	16.758072E+0	429.818069E-3	430.766975E-3
66.800000E+0	2.000000E+0	-480.020053E-3	16.256440E+0	416.992936E-3	418.081913E-3
66.900000E+0	2.000000E+0	-515.398390E-3	15.748048E+0	404.560002E-3	405.549439E-3
67.000000E+0	2.000000E+0	-551.533707E-3	15.224540E+0	391.503008E-3	392.317803E-3
67.100000E+0	2.000000E+0	-587.099799E-3	14.706063E+0	378.673107E-3	379.556448E-3
67.200000E+0	2.000000E+0	-623.753676E-3	14.208245E+0	365.449815E-3	367.053777E-3
67.300000E+0	2.000000E+0	-660.830745E-3	13.689375E+0	352.706937E-3	354.090361E-3
67.400000E+0	2.000000E+0	-698.515783E-3	13.162673E+0	339.661268E-3	340.905217E-3
67.500000E+0	2.000000E+0	-733.444105E-3	12.665999E+0	326.478507E-3	328.366783E-3
67.600000E+0	2.000000E+0	-770.297657E-3	12.153494E+0	313.773180E-3	315.542842E-3
67.700000E+0	2.000000E+0	-805.205118E-3	11.623228E+0	300.726319E-3	303.025866E-3
67.800000E+0	2.000000E+0	-844.171655E-3	11.126113E+0	288.333916E-3	290.225767E-3
67.900000E+0	2.000000E+0	-879.305613E-3	10.613680E+0	275.247715E-3	277.699850E-3
68.000000E+0	2.000000E+0	-917.577756E-3	10.090804E+0	262.383244E-3	264.509937E-3
68.100000E+0	2.000000E+0	-953.114046E-3	9.587562E+0	248.861333E-3	251.696130E-3
68.200000E+0	2.000000E+0	-989.034786E-3	9.081638E+0	236.201901E-3	238.807817E-3
68.300000E+0	2.000000E+0	-1.025558E+0	8.563221E+0	223.552603E-3	226.154942E-3
68.400000E+0	2.000000E+0	-1.060802E+0	8.046281E+0	210.574286E-3	213.658231E-3
68.500000E+0	2.000000E+0	-1.097554E+0	7.546699E+0	197.389738E-3	200.934426E-3
68.600000E+0	2.000000E+0	-1.134250E+0	7.029676E+0	184.592023E-3	188.024655E-3
68.700000E+0	2.000000E+0	-1.172054E+0	6.513464E+0	171.776428E-3	175.060644E-3
68.800000E+0	2.000000E+0	-1.209286E+0	6.005728E+0	158.798707E-3	162.562145E-3
68.900000E+0	2.000000E+0	-1.244980E+0	5.497098E+0	145.828140E-3	149.233353E-3
69.000000E+0	2.000000E+0	-1.281652E+0	4.981792E+0	132.554780E-3	136.868965E-3
69.100000E+0	2.000000E+0	-1.319805E+0	4.472387E+0	119.557986E-3	124.022375E-3
69.200000E+0	2.000000E+0	-1.356548E+0	3.971159E+0	106.700667E-3	111.212143E-3
69.300000E+0	2.000000E+0	-1.393577E+0	3.463006E+0	93.870170E-3	98.583110E-3
69.400000E+0	2.000000E+0	-1.429281E+0	2.946889E+0	81.486112E-3	85.940964E-3
69.500000E+0	2.000000E+0	-1.465654E+0	2.444494E+0	68.637734E-3	73.251730E-3
69.600000E+0	2.000000E+0	-1.500720E+0	1.944435E+0	55.280332E-3	60.419445E-3
69.700000E+0	2.000000E+0	-1.538554E+0	1.428485E+0	42.758587E-3	47.663454E-3
69.800000E+0	2.000000E+0	-1.574317E+0	923.073292E-3	30.229094E-3	35.422447E-3
69.900000E+0	2.000000E+0	-1.611072E+0	433.540344E-3	17.471911E-3	22.537114E-3
70.000000E+0	2.000000E+0	-1.641485E+0	10.931492E-3	7.204414E-3	11.734963E-3
70.100000E+0	2.000000E+0	-1.643270E+0	5.447865E-3	6.878377E-3	11.284352E-3
70.200000E+0	2.000000E+0	-1.644138E+0	12.874603E-3	6.714464E-3	11.196733E-3
70.300000E+0	2.000000E+0	-1.645559E+0	12.767315E-3	6.378890E-3	10.864139E-3
70.400000E+0	2.000000E+0	-1.646718E+0	7.283688E-3	6.576181E-3	10.984541E-3
70.500000E+0	2.000000E+0	-1.647145E+0	11.456013E-3	6.045104E-3	10.953546E-3
70.600000E+0	2.000000E+0	-1.648742E+0	13.363361E-3	6.226898E-3	10.705591E-3
70.700000E+0	2.000000E+0	-1.648435E+0	1.215935E-3	5.626679E-3	10.176898E-3
70.800000E+0	2.000000E+0	-1.649967E+0	8.642673E-3	5.827547E-3	10.010601E-3
70.900000E+0	2.000000E+0	-1.649794E+0	7.534027E-3	5.525947E-3	10.147692E-3
71.000000E+0	2.000000E+0	-1.650304E+0	-858.306885E-6	5.398989E-3	10.071994E-3
71.100000E+0	2.000000E+0	-1.651350E+0	11.920929E-6	5.625487E-3	9.891392E-3
71.200000E+0	2.000000E+0	-1.650175E+0	8.046627E-3	5.371571E-3	9.796620E-3
71.300000E+0	2.000000E+0	-1.652300E+0	2.539158E-3	5.066395E-3	9.731055E-3
71.400000E+0	2.000000E+0	-1.651415E+0	3.051758E-3	4.870892E-3	9.766222E-3
71.500000E+0	2.000000E+0	-1.652879E+0	7.402897E-3	4.872680E-3	9.428263E-3
71.600000E+0	2.000000E+0	-1.651707E+0	2.813339E-3	4.929305E-3	9.477735E-3
71.700000E+0	2.000000E+0	-1.651445E+0	4.875660E-3	4.873276E-3	9.243489E-3
71.800000E+0	2.000000E+0	-1.653048E+0	1.811981E-3	4.897118E-3	9.399057E-3
71.900000E+0	2.000000E+0	-1.653805E+0	1.847744E-3	4.369021E-3	9.173156E-3
72.000000E+0	2.000000E+0	-1.652437E+0	11.026859E-3	4.540086E-3	9.245873E-3
72.100000E+0	2.000000E+0	-1.654175E+0	6.508827E-3	4.963279E-3	8.814336E-3
72.200000E+0	2.000000E+0	-1.653215E+0	4.291534E-3	4.743338E-3	8.949638E-3
72.300000E+0	2.000000E+0	-1.653561E+0	7.534027E-3	4.722476E-3	8.993746E-3
72.400000E+0	2.000000E+0	-1.653722E+0	-238.418579E-6	4.590750E-3	8.906723E-3
72.500000E+0	2.000000E+0	-1.654422E+0	2.586842E-3	4.584194E-3	8.733869E-3
72.600000E+0	2.000000E+0	-1.654074E+0	10.204315E-3	4.586578E-3	8.992553E-3
72.700000E+0	2.000000E+0	-1.655430E+0	3.826618E-3	4.643202E-3	8.903743E-3
72.800000E+0	2.000000E+0	-1.654881E+0	-8.332729E-3	4.404784E-3	8.768440E-3
72.900000E+0	2.000000E+0	-1.653394E+0	774.860382E-6	4.431606E-3	8.634926E-3
73.000000E+0	2.000000E+0	-1.653713E+0	-1.972914E-3	4.395843E-3	8.818508E-3
73.100000E+0	2.000000E+0	-1.655620E+0	-5.811453E-3	4.515648E-3	8.480550E-3
73.200000E+0	2.000000E+0	-1.654738E+0	-3.039837E-3	4.167557E-3	8.582473E-3
73.300000E+0	2.000000E+0	-1.656315E+0	3.850460E-3	4.018545E-3	8.484126E-3
73.400000E+0	2.000000E+0	-1.654595E+0	-12.660027E-3	4.199148E-3	8.376837E-3
73.500000E+0	2.000000E+0	-1.655632E+0	7.021427E-3	4.392863E-3	8.432270E-3
73.600000E+0	2.000000E+0	-1.657099E+0	7.152557E-3	4.088283E-3	8.549691E-3
73.700000E+0	2.000000E+0	-1.656622E+0	-5.751848E-3	4.149676E-3	8.593202E-3
73.800000E+0	2.000000E+0	-1.656154E+0	2.050400E-3	3.931523E-3	8.772612E-3
73.900000E+0	2.000000E+0	-1.655501E+0	9.453297E-3	4.358292E-3	8.251668E-3
74.000000E+0	2.000000E+0	-1.656401E+0	786.781311E-6	4.252792E-3	8.452535E-3
74.100000E+0	2.000000E+0	-1.656312E+0	214.576721E-6	4.401803E-3	8.491874E-3
74.200000E+0	2.000000E+0	-1.655486E+0	6.330013E-3	4.045964E-3	8.411408E-3
74.300000E+0	2.000000E+0	-1.656979E+0	2.503395E-3	4.039407E-3	8.407832E-3
74.400000E+0	2.000000E+0	-1.658157E+0	-1.066923E-3	4.054308E-3	8.280278E-3
74.500000E+0	2.000000E+0	-1.657337E+0	-1.579523E-3	4.046560E-3	8.326173E-3
74.600000E+0	3.000000E+0	-1.657501E+0	4.065037E-3	3.952384E-3	8.301736E-3
74.700000E+0	3.000000E+0	-1.657710E+0	13.399124E-3	4.180074E-3	8.484126E-3
74.800000E+0	3.000000E+0	-1.656592E+0	10.955334E-3	3.992319E-3	8.426905E-3
74.900000E+0	3.000000E+0	-1.656100E+0	14.257431E-3	4.398823E-3	8.481742E-3
75.000000E+0	3.000000E+0	-1.656508E+0	18.656254E-3	4.349351E-3	8.671284E-3
75.100000E+0	3.000000E+0	-1.652715E+0	55.599213E-3	5.405546E-3	9.697676E-3
75.200000E+0	3.000000E+0	-1.650596E+0	109.434128E-3	6.518961E-3	10.838509E-3
75.300000E+0	3.000000E+0	-1.648650E+0	153.732300E-3	7.406474E-3	11.625291E-3
75.400000E+0	3.000000E+0	-1.644263E+0	185.215473E-3	8.258820E-3	12.690426E-3
75.500000E+0	3.000000E+0	-1.642486E+0	241.661072E-3	9.566546E-3	13.875366E-3
75.600000E+0	3.000000E+0	-1.639202E+0	288.879871E-3	10.589958E-3	15.217067E-3
75.700000E+0	3.000000E+0	-1.634869E+0	319.385529E-3	11.540652E-3	15.872122E-3
75.800000E+0	3.000000E+0	-1.632857E+0	380.408764E-3	12.877585E-3	17.326476E-3
75.900000E+0	3.000000E+0	-1.630741E+0	441.980362E-3	14.072062E-3	18.638374E-3
76.000000E+0	3.000000E+0	-1.626876E+0	478.827953E-3	15.102626E-3	19.792916E-3
76.100000E+0	3.000000E+0	-1.624095E+0	509.572029E-3	16.274454E-3	20.634534E-3
76.200000E+0	3.000000E+0	-1.620266E+0	572.955608E-3	17.293693E-3	21.541120E-3
76.300000E+0	3.000000E+0	-1.616073E+0	613.951683E-3	18.439890E-3	22.531154E-3
76.400000E+0	3.000000E+0	-1.613870E+0	653.433800E-3	19.741656E-3	23.868682E-3
76.500000E+0	3.000000E+0	-1.611424E+0	705.230236E-3	20.366909E-3	24.886729E-3
76.600000E+0	3.000000E+0	-1.609176E+0	751.841068E-3	22.070410E-3	26.311280E-3
76.700000E+0	3.000000E+0	-1.606640E+0	789.809227E-3	22.745134E-3	27.223828E-3
76.800000E+0	3.000000E+0	-1.602393E+0	834.095478E-3	23.602249E-3	28.055312E-3
76.900000E+0	3.000000E+0	-1.599970E+0	890.088081E-3	25.086405E-3	29.231312E-3
77.000000E+0	3.000000E+0	-1.597327E+0	917.923450E-3	25.819542E-3	30.256512E-3
77.100000E+0	3.000000E+0	-1.592767E+0	961.387157E-3	27.161839E-3	31.338933E-3
77.200000E+0	3.000000E+0	-1.590848E+0	1.017737E+0	28.298499E-3	32.457712E-3
77.300000E+0	3.000000E+0	-1.587039E+0	1.071012E+0	29.204490E-3	33.735040E-3
77.400000E+0	3.000000E+0	-1.585466E+0	1.109731E+0	30.343535E-3	35.114887E-3
77.500000E+0	3.000000E+0	-1.581517E+0	1.155257E+0	31.752589E-3	35.817030E-3
77.600000E+0	3.000000E+0	-1.578227E+0	1.205218E+0	32.432678E-3	36.795142E-3
77.700000E+0	3.000000E+0	-1.576716E+0	1.245654E+0	33.873322E-3	38.240555E-3
77.800000E+0	3.000000E+0	-1.572269E+0	1.294732E+0	35.138133E-3	39.080981E-3
77.900000E+0	3.000000E+0	-1.569513E+0	1.339698E+0	35.874250E-3	40.082935E-3
78.000000E+0	3.000000E+0	-1.567724E+0	1.390624E+0	37.166479E-3	41.617754E-3
78.100000E+0	3.000000E+0	-1.561791E+0	1.426244E+0	38.184527E-3	42.463544E-3
78.200000E+0	3.000000E+0	-1.560321E+0	1.482177E+0	39.571527E-3	43.709282E-3
78.300000E+0	3.000000E+0	-1.557091E+0	1.515019E+0	40.266517E-3	44.471625E-3
78.400000E+0	3.000000E+0	-1.554674E+0	1.559913E+0	41.363243E-3	45.620803E-3
78.500000E+0	3.000000E+0	-1.551411E+0	1.612878E+0	42.530898E-3	46.635870E-3
78.600000E+0	3.000000E+0	-1.549068E+0	1.661229E+0	43.487552E-3	47.856573E-3
78.700000E+0	3.000000E+0	-1.544848E+0	1.687443E+0	44.605139E-3	48.912171E-3
78.800000E+0	3.000000E+0	-1.543143E+0	1.735914E+0	45.486692E-3	49.594049E-3
78.900000E+0	3.000000E+0	-1.539436E+0	1.787877E+0	46.873692E-3	51.054959E-3
79.000000E+0	3.000000E+0	-1.536655E+0	1.831067E+0	47.937039E-3	52.248244E-3
79.100000E+0	3.000000E+0	-1.533136E+0	1.874757E+0	49.222712E-3	53.234701E-3
79.200000E+0	3.000000E+0	-1.530707E+0	1.930702E+0	50.365929E-3	54.395799E-3
79.300000E+0	3.000000E+0	-1.529351E+0	1.976609E+0	51.042442E-3	55.625443E-3
79.400000E+0	3.000000E+0	-1.523972E+0	2.008998E+0	52.469973E-3	56.512956E-3
79.500000E+0	3.000000E+0	-1.522416E+0	2.064490E+0	53.431396E-3	57.532196E-3
79.600000E+0	3.000000E+0	-1.518410E+0	2.101135E+0	54.523353E-3	58.729057E-3
79.700000E+0	3.000000E+0	-1.515216E+0	2.129185E+0	55.280928E-3	59.328680E-3
79.800000E+0	3.000000E+0	-1.512778E+0	2.181852E+0	56.886678E-3	60.762172E-3
79.900000E+0	3.000000E+0	-1.509094E+0	2.235079E+0	57.790284E-3	62.015658E-3
80.000000E+0	3.000000E+0	-1.506522E+0	2.273762E+0	58.798795E-3	62.720185E-3
80.100000E+0	3.000000E+0	-1.503459E+0	2.330351E+0	60.365801E-3	63.947444E-3
80.200000E+0	3.000000E+0	-1.500037E+0	2.378631E+0	61.421995E-3	65.290337E-3
80.300000E+0	3.000000E+0	-1.498061E+0	2.418160E+0	62.334542E-3	66.395407E-3
80.400000E+0	3.000000E+0	-1.495826E+0	2.470469E+0	63.430076E-3	67.521339E-3
80.500000E+0	3.000000E+0	-1.492539E+0	2.506196E+0	64.450508E-3	68.488127E-3
80.600000E+0	3.000000E+0	-1.488179E+0	2.561140E+0	65.608030E-3	69.580084E-3
80.700000E+0	3.000000E+0	-1.484486E+0	2.593136E+0	66.609388E-3	70.349580E-3
80.800000E+0	3.000000E+0	-1.481897E+0	2.634346E+0	67.828899E-3	71.674591E-3
80.900000E+0	3.000000E+0	-1.480749E+0	2.688146E+0	68.734294E-3	72.867280E-3
81.000000E+0	3.000000E+0	-1.474774E+0	2.735949E+0	70.198780E-3	74.002153E-3
81.100000E+0	3.000000E+0	-1.473936E+0	2.774715E+0	70.800191E-3	74.890262E-3
81.200000E+0	3.000000E+0	-1.471326E+0	2.819455E+0	71.997648E-3	76.053745E-3
81.300000E+0	3.000000E+0	-1.467258E+0	2.868950E+0	72.855359E-3	77.027685E-3
81.400000E+0	3.000000E+0	-1.465222E+0	2.905035E+0	74.052817E-3	78.086263E-3
81.500000E+0	3.000000E+0	-1.461920E+0	2.960324E+0	75.286037E-3	79.319483E-3
81.600000E+0	3.000000E+0	-1.458582E+0	2.996254E+0	76.190835E-3	80.308325E-3
81.700000E+0	3.000000E+0	-1.456159E+0	3.039265E+0	77.568895E-3	81.295378E-3
81.800000E+0	3.000000E+0	-1.451859E+0	3.078794E+0	78.869468E-3	82.523233E-3
81.900000E+0	3.000000E+0	-1.450264E+0	3.144360E+0	80.177194E-3	83.711154E-3
82.000000E+0	3.000000E+0	-1.446220E+0	3.172553E+0	80.880529E-3	84.719069E-3
82.100000E+0	3.000000E+0	-1.444086E+0	3.205025E+0	81.349618E-3	85.428364E-3
82.200000E+0	3.000000E+0	-1.439798E+0	3.261149E+0	82.784302E-3	86.492307E-3
82.300000E+0	3.000000E+0	-1.437366E+0	3.314197E+0	84.024078E-3	88.104017E-3
82.400000E+0	3.000000E+0	-1.432434E+0	3.348911E+0	85.417039E-3	89.108355E-3
82.500000E+0	3.000000E+0	-1.432312E+0	3.404284E+0	86.339719E-3	89.738972E-3
82.600000E+0	3.000000E+0	-1.428661E+0	3.450203E+0	87.338693E-3	91.063388E-3
82.700000E+0	3.000000E+0	-1.426238E+0	3.488624E+0	88.900931E-3	92.414029E-3
82.800000E+0	3.000000E+0	-1.421949E+0	3.536165E+0	89.828379E-3	93.528636E-3
82.900000E+0	3.000000E+0	-1.419291E+0	3.588152E+0	90.843446E-3	94.339259E-3
83.000000E+0	3.000000E+0	-1.416978E+0	3.622615E+0	92.024214E-3	95.691689E-3
83.100000E+0	3.000000E+0	-1.412892E+0	3.668821E+0	92.621453E-3	96.707948E-3
83.200000E+0	3.000000E+0	-1.410785E+0	3.715038E+0	93.966134E-3	97.711690E-3
83.300000E+0	3.000000E+0	-1.407373E+0	3.752744E+0	95.144518E-3	98.694571E-3
83.400000E+0	3.000000E+0	-1.404923E+0	3.797972E+0	96.068390E-3	99.508174E-3
83.500000E+0	3.000000E+0	-1.400992E+0	3.848648E+0	97.197302E-3	100.969680E-3
83.600000E+0	3.000000E+0	-1.397935E+0	3.897953E+0	98.327406E-3	102.502712E-3
83.700000E+0	3.000000E+0	-1.395005E+0	3.936231E+0	99.757918E-3	103.424796E-3
83.800000E+0	3.000000E+0	-1.392564E+0	3.989780E+0	100.772389E-3	104.475030E-3
83.900000E+0	3.000000E+0	-1.390147E+0	4.029155E+0	101.405986E-3	105.025777E-3
84.000000E+0	3.000000E+0	-1.386204E+0	4.063404E+0	102.677950E-3	106.182107E-3
84.100000E+0	3.000000E+0	-1.383016E+0	4.110694E+0	103.816994E-3	107.508310E-3
84.200000E+0	3.000000E+0	-1.379612E+0	4.158843E+0	105.167040E-3	108.788022E-3
84.300000E+0	3.000000E+0	-1.378152E+0	4.201937E+0	106.045612E-3	109.703550E-3
84.400000E+0	3.000000E+0	-1.373965E+0	4.232323E+0	107.147702E-3	110.754976E-3
84.500000E+0	3.000000E+0	-1.372373E+0	4.279017E+0	108.262309E-3	111.992368E-3
84.600000E+0	3.000000E+0	-1.367793E+0	4.323828E+0	109.369167E-3	112.762460E-3
84.700000E+0	3.000000E+0	-1.363951E+0	4.363000E+0	110.043296E-3	113.739380E-3
84.800000E+0	3.000000E+0	-1.362047E+0	4.406559E+0	111.455926E-3	114.872465E-3
84.900000E+0	3.000000E+0	-1.359463E+0	4.464936E+0	112.740406E-3	116.241584E-3
85.000000E+0	3.000000E+0	-1.356754E+0	4.508030E+0	114.067802E-3	117.421160E-3
85.100000E+0	3.000000E+0	-1.354575E+0	4.546607E+0	115.066776E-3	118.362317E-3
85.200000E+0	3.000000E+0	-1.350704E+0	4.599953E+0	115.855942E-3	119.485269E-3
85.300000E+0	3.000000E+0	-1.348227E+0	4.645956E+0	116.944322E-3	120.432386E-3
85.400000E+0	3.000000E+0	-1.345041E+0	4.678035E+0	118.121514E-3	121.535073E-3
85.500000E+0	3.000000E+0	-1.341060E+0	4.732370E+0	119.200954E-3	122.523318E-3
85.600000E+0	3.000000E+0	-1.337713E+0	4.773664E+0	119.908462E-3	123.467455E-3
85.700000E+0	3.000000E+0	-1.335821E+0	4.807174E+0	121.303806E-3	124.775181E-3
85.800000E+0	3.000000E+0	-1.332745E+0	4.858410E+0	122.698555E-3	125.669251E-3
85.900000E+0	3.000000E+0	-1.330817E+0	4.913568E+0	123.225460E-3	126.664649E-3
86.000000E+0	3.000000E+0	-1.326907E+0	4.942954E+0	124.716173E-3	128.089200E-3
86.100000E+0	3.000000E+0	-1.323977E+0	4.991579E+0	125.688324E-3	128.849159E-3
86.200000E+0	3.000000E+0	-1.319653E+0	5.042684E+0	127.049695E-3	130.406033E-3
86.300000E+0	3.000000E+0	-1.317421E+0	5.077386E+0	128.016482E-3	131.171356E-3
86.400000E+0	3.000000E+0	-1.314876E+0	5.120158E+0	128.749619E-3	132.390867E-3
86.500000E+0	3.000000E+0	-1.312044E+0	5.161583E+0	129.835020E-3	133.007179E-3
86.600000E+0	3.000000E+0	-1.307288E+0	5.207169E+0	130.952607E-3	134.241592E-3
86.700000E+0	3.000000E+0	-1.305437E+0	5.245590E+0	132.329475E-3	135.831248E-3
86.800000E+0	3.000000E+0	-1.301801E+0	5.303168E+0	133.289705E-3	136.541735E-3
86.900000E+0	3.000000E+0	-1.298976E+0	5.353153E+0	134.639155E-3	137.870323E-3
87.000000E+0	3.000000E+0	-1.296482E+0	5.388916E+0	135.574948E-3	139.048111E-3
87.100000E+0	3.000000E+0	-1.292458E+0	5.430031E+0	136.616837E-3	139.872443E-3
87.200000E+0	3.000000E+0	-1.290855E+0	5.466068E+0	137.940656E-3	140.631210E-3
87.300000E+0	3.000000E+0	-1.287669E+0	5.524004E+0	138.855588E-3	141.611707E-3
87.400000E+0	3.000000E+0	-1.285002E+0	5.550742E+0	139.561903E-3	143.184077E-3
87.500000E+0	3.000000E+0	-1.280868E+0	5.600286E+0	141.005527E-3	144.039404E-3
87.600000E+0	3.000000E+0	-1.278013E+0	5.650556E+0	142.068874E-3	144.991290E-3
87.700000E+0	3.000000E+0	-1.274967E+0	5.686915E+0	143.429052E-3	146.153581E-3
87.800000E+0	3.000000E+0	-1.271981E+0	5.744207E+0	144.195568E-3	147.240174E-3
87.900000E+0	3.000000E+0	-1.269081E+0	5.800295E+0	145.790589E-3	148.438227E-3
88.000000E+0	3.000000E+0	-1.266554E+0	5.829656E+0	146.489751E-3	149.528396E-3
88.100000E+0	3.000000E+0	-1.264024E+0	5.857277E+0	147.454154E-3	150.842083E-3
88.200000E+0	3.000000E+0	-1.260358E+0	5.926037E+0	149.005663E-3	151.660454E-3
88.300000E+0	3.000000E+0	-1.257315E+0	5.958629E+0	150.007618E-3	152.800691E-3
88.400000E+0	3.000000E+0	-1.254004E+0	5.993712E+0	151.498926E-3	153.908742E-3
88.500000E+0	3.000000E+0	-1.251909E+0	6.045818E+0	151.981724E-3	154.845131E-3
88.600000E+0	3.000000E+0	-1.248720E+0	6.079698E+0	152.761352E-3	155.639065E-3
88.700000E+0	3.000000E+0	-1.245388E+0	6.123042E+0	154.264582E-3	157.297266E-3
88.800000E+0	3.000000E+0	-1.243681E+0	6.168139E+0	155.202759E-3	157.772911E-3
88.900000E+0	3.000000E+0	-1.239640E+0	6.217611E+0	156.385911E-3	158.952487E-3
89.000000E+0	3.000000E+0	-1.237226E+0	6.246781E+0	157.545222E-3	159.781588E-3
89.100000E+0	3.000000E+0	-1.232013E+0	6.284094E+0	158.429755E-3	161.232961E-3
89.200000E+0	3.000000E+0	-1.230171E+0	6.334198E+0	159.690393E-3	162.023319E-3
89.300000E+0	3.000000E+0	-1.228392E+0	6.381738E+0	160.642875E-3	163.499726E-3
89.400000E+0	3.000000E+0	-1.225314E+0	6.439352E+0	161.895169E-3	164.548172E-3
89.500000E+0	3.000000E+0	-1.221281E+0	6.478965E+0	163.210643E-3	165.765299E-3
89.600000E+0	3.000000E+0	-1.217622E+0	6.524467E+0	164.420618E-3	167.040242E-3
89.700000E+0	3.000000E+0	-1.215014E+0	6.564999E+0	165.120972E-3	167.940272E-3
89.800000E+0	3.000000E+0	-1.211935E+0	6.596482E+0	166.218294E-3	168.747915E-3
89.900000E+0	3.000000E+0	-1.210246E+0	6.651008E+0	167.111768E-3	169.733776E-3
90.000000E+0	3.000000E+0	-1.205820E+0	6.691611E+0	168.382539E-3	170.694603E-3
90.100000E+0	3.000000E+0	-1.203266E+0	6.728065E+0	169.397010E-3	171.808614E-3
90.200000E+0	3.000000E+0	-1.201311E+0	6.777465E+0	170.444264E-3	173.116340E-3
90.300000E+0	3.000000E+0	-1.198077E+0	6.829143E+0	171.641721E-3	174.077763E-3
90.400000E+0	3.000000E+0	-1.194152E+0	6.860888E+0	172.643675E-3	175.466552E-3
90.500000E+0	3.000000E+0	-1.192704E+0	6.915689E+0	173.665895E-3	176.529898E-3
90.600000E+0	3.000000E+0	-1.190266E+0	6.957293E+0	174.703016E-3	177.364364E-3
90.700000E+0	3.000000E+0	-1.186094E+0	6.991053E+0	175.648346E-3	178.291216E-3
90.800000E+0	3.000000E+0	-1.183665E+0	7.033253E+0	177.023425E-3	179.615631E-3
90.900000E+0	3.000000E+0	-1.181152E+0	7.086480E+0	178.380623E-3	180.411353E-3
91.000000E+0	3.000000E+0	-1.175782E+0	7.122731E+0	179.333105E-3	181.322708E-3
91.100000E+0	3.000000E+0	-1.172900E+0	7.165849E+0	180.248036E-3	182.576194E-3
91.200000E+0	3.000000E+0	-1.170656E+0	7.222581E+0	181.217804E-3	183.786765E-3
91.300000E+0	3.000000E+0	-1.167890E+0	7.256401E+0	182.126775E-3	184.857860E-3
91.400000E+0	3.000000E+0	-1.163861E+0	7.296717E+0	183.230653E-3	185.829416E-3
91.500000E+0	3.000000E+0	-1.162148E+0	7.352984E+0	184.602752E-3	187.045947E-3
91.600000E+0	3.000000E+0	-1.158151E+0	7.395232E+0	185.899749E-3	188.416258E-3
91.700000E+0	3.000000E+0	-1.156613E+0	7.432520E+0	187.149659E-3	189.602986E-3
91.800000E+0	3.000000E+0	-1.153269E+0	7.481527E+0	188.201085E-3	190.624014E-3
91.900000E+0	3.000000E+0	-1.149124E+0	7.514215E+0	188.881174E-3	191.109792E-3
92.000000E+0	3.000000E+0	-1.146215E+0	7.557285E+0	189.952269E-3	192.554012E-3
92.100000E+0	3.000000E+0	-1.144090E+0	7.611191E+0	191.365496E-3	193.700210E-3
92.200000E+0	3.000000E+0	-1.139900E+0	7.649279E+0	192.429439E-3	194.150225E-3
92.300000E+0	3.000000E+0	-1.137865E+0	7.686794E+0	193.317548E-3	195.614115E-3
92.400000E+0	3.000000E+0	-1.134598E+0	7.722843E+0	194.330827E-3	196.351425E-3
92.500000E+0	3.000000E+0	-1.133525E+0	7.766509E+0	195.199863E-3	197.486297E-3
92.600000E+0	3.000000E+0	-1.129699E+0	7.805192E+0	196.055786E-3	198.488847E-3
92.700000E+0	3.000000E+0	-1.125786E+0	7.850552E+0	197.330133E-3	199.726836E-3
92.800000E+0	3.000000E+0	-1.122695E+0	7.900929E+0	198.771373E-3	200.841443E-3
92.900000E+0	3.000000E+0	-1.119930E+0	7.954574E+0	200.126783E-3	202.169435E-3
93.000000E+0	3.000000E+0	-1.117006E+0	7.987380E+0	200.706140E-3	202.923433E-3
93.100000E+0	3.000000E+0	-1.113668E+0	8.021533E+0	202.108042E-3	204.147713E-3
93.200000E+0	3.000000E+0	-1.110223E+0	8.078444E+0	203.062908E-3	205.290334E-3
93.300000E+0	3.000000E+0	-1.105976E+0	8.129060E+0	204.275863E-3	206.304805E-3
93.400000E+0	3.000000E+0	-1.105207E+0	8.159530E+0	204.864161E-3	207.175033E-3
93.500000E+0	3.000000E+0	-1.102120E+0	8.198619E+0	206.146257E-3	208.400505E-3
93.600000E+0	3.000000E+0	-1.098064E+0	8.261049E+0	207.443254E-3	209.425108E-3
93.700000E+0	3.000000E+0	-1.095527E+0	8.288765E+0	208.354013E-3	210.611837E-3
93.800000E+0	3.000000E+0	-1.092431E+0	8.331859E+0	209.877508E-3	211.617368E-3
93.900000E+0	3.000000E+0	-1.089191E+0	8.380365E+0	210.893171E-3	212.435739E-3
94.000000E+0	3.000000E+0	-1.086545E+0	8.422589E+0	211.538689E-3	214.254277E-3
94.100000E+0	3.000000E+0	-1.082629E+0	8.454847E+0	212.901848E-3	214.512961E-3
94.200000E+0	3.000000E+0	-1.080814E+0	8.518898E+0	213.741677E-3	215.850490E-3
94.300000E+0	3.000000E+0	-1.079163E+0	8.555925E+0	214.846151E-3	217.130798E-3
94.400000E+0	3.000000E+0	-1.075557E+0	8.585310E+0	216.243880E-3	218.389052E-3
94.500000E+0	3.000000E+0	-1.070255E+0	8.638132E+0	216.975229E-3	218.881386E-3
94.600000E+0	3.000000E+0	-1.069352E+0	8.682692E+0	218.103545E-3	220.293420E-3
94.700000E+0	3.000000E+0	-1.065186E+0	8.724642E+0	219.372528E-3	221.342462E-3
94.800000E+0	3.000000E+0	-1.062262E+0	8.775473E+0	220.522898E-3	222.566742E-3
94.900000E+0	3.000000E+0	-1.059601E+0	8.815527E+0	221.482533E-3	223.458427E-3
95.000000E+0	3.000000E+0	-1.056308E+0	8.845067E+0	222.464818E-3	224.677938E-3
95.100000E+0	3.000000E+0	-1.054013E+0	8.895075E+0	223.426837E-3	225.634593E-3
95.200000E+0	3.000000E+0	-1.050916E+0	8.937275E+0	224.382299E-3	226.441640E-3
95.300000E+0	3.000000E+0	-1.048166E+0	8.976138E+0	225.544590E-3	227.607507E-3
95.400000E+0	3.000000E+0	-1.043481E+0	9.023941E+0	226.892251E-3	228.732843E-3
95.500000E+0	3.000000E+0	-1.040652E+0	9.076154E+0	227.884072E-3	230.078716E-3
95.600000E+0	3.000000E+0	-1.038027E+0	9.112024E+0	229.226965E-3	230.722446E-3
95.700000E+0	3.000000E+0	-1.035285E+0	9.158242E+0	229.831952E-3	231.807846E-3
95.800000E+0	3.000000E+0	-1.033047E+0	9.190214E+0	231.308956E-3	232.855696E-3
95.900000E+0	3.000000E+0	-1.029202E+0	9.244120E+0	232.294220E-3	234.162230E-3
96.000000E+0	3.000000E+0	-1.027128E+0	9.288335E+0	233.283062E-3	235.306043E-3
96.100000E+0	3.000000E+0	-1.022854E+0	9.321284E+0	234.504361E-3	236.443300E-3
96.200000E+0	3.000000E+0	-1.020017E+0	9.367335E+0	235.394854E-3	237.378497E-3
96.300000E+0	3.000000E+0	-1.015696E+0	9.423089E+0	236.752648E-3	238.865633E-3
96.400000E+0	3.000000E+0	-1.013634E+0	9.443676E+0	237.681885E-3	239.254255E-3
96.500000E+0	3.000000E+0	-1.012081E+0	9.496093E+0	238.738079E-3	240.468402E-3
96.600000E+0	3.000000E+0	-1.008359E+0	9.542286E+0	239.697118E-3	241.646190E-3
96.700000E+0	3.000000E+0	-1.005933E+0	9.580433E+0	240.786691E-3	242.319126E-3
96.800000E+0	3.000000E+0	-1.002404E+0	9.622085E+0	241.903086E-3	243.977328E-3
96.900000E+0	3.000000E+0	-1.000431E+0	9.677434E+0	242.865105E-3	245.012065E-3
97.000000E+0	3.000000E+0	-997.057571E-3	9.709489E+0	243.958254E-3	245.727320E-3
97.100000E+0	3.000000E+0	-994.148864E-3	9.747756E+0	245.135446E-3	246.990343E-3
97.200000E+0	3.000000E+0	-991.380229E-3	9.798074E+0	245.786329E-3	248.097201E-3
97.300000E+0	3.000000E+0	-988.578810E-3	9.842145E+0	247.349759E-3	249.196311E-3
97.400000E+0	3.000000E+0	-984.761133E-3	9.882808E+0	248.270651E-3	250.241180E-3
97.500000E+0	3.000000E+0	-981.360688E-3	9.924388E+0	249.409100E-3	250.915309E-3
97.600000E+0	3.000000E+0	-978.255286E-3	9.954822E+0	250.238796E-3	252.203962E-3
97.700000E+0	3.000000E+0	-976.613178E-3	9.998882E+0	251.602551E-3	253.090879E-3
97.800000E+0	3.000000E+0	-972.634568E-3	10.050619E+0	252.425691E-3	254.092833E-3
97.900000E+0	3.000000E+0	-969.547047E-3	10.094309E+0	253.860971E-3	254.888555E-3
98.000000E+0	3.000000E+0	-968.050970E-3	10.130858E+0	254.537484E-3	256.346485E-3
98.100000E+0	3.000000E+0	-964.301838E-3	10.178173E+0	255.902430E-3	257.710835E-3
98.200000E+0	3.000000E+0	-960.817947E-3	10.213697E+0	256.716033E-3	258.685967E-3
98.300000E+0	3.000000E+0	-957.509889E-3	10.258365E+0	257.463476E-3	259.473345E-3
98.400000E+0	3.000000E+0	-955.051197E-3	10.312462E+0	259.530565E-3	261.045715E-3
98.500000E+0	3.000000E+0	-951.060666E-3	10.355711E+0	260.298273E-3	261.963627E-3
98.600000E+0	3.000000E+0	-949.302329E-3	10.396552E+0	261.395595E-3	262.827894E-3
98.700000E+0	3.000000E+0	-945.630683E-3	10.435605E+0	262.271187E-3	263.847134E-3
98.800000E+0	3.000000E+0	-943.556441E-3	10.473156E+0	263.286850E-3	264.804980E-3
98.900000E+0	3.000000E+0	-939.184440E-3	10.519660E+0	264.287612E-3	266.243241E-3
99.000000E+0	3.000000E+0	-937.202586E-3	10.557747E+0	265.488050E-3	267.038963E-3
99.100000E+0	3.000000E+0	-932.466997E-3	10.600781E+0	266.519210E-3	267.910979E-3
99.200000E+0	3.000000E+0	-929.570211E-3	10.647023E+0	267.612956E-3	269.434474E-3
99.300000E+0	3.000000E+0	-927.254571E-3	10.684741E+0	268.532655E-3	270.044825E-3
99.400000E+0	3.000000E+0	-924.348844E-3	10.726440E+0	269.900582E-3	271.485470E-3
99.500000E+0	3.000000E+0	-922.924293E-3	10.768437E+0	271.056912E-3	272.323511E-3
99.600000E+0	3.000000E+0	-918.096317E-3	10.824347E+0	272.080920E-3	273.529313E-3
99.700000E+0	3.000000E+0	-915.324701E-3	10.866094E+0	273.064397E-3	274.809621E-3
99.800000E+0	3.000000E+0	-913.038863E-3	10.907900E+0	274.315498E-3	275.899790E-3
99.900000E+0	3.000000E+0	-909.227146E-3	10.964096E+0	275.399707E-3	277.000092E-3
100.000000E+0	3.000000E+0	-907.069457E-3	10.983431E+0	276.355766E-3	277.584217E-3
100.100000E+0	3.000000E+0	-905.138267E-3	11.019409E+0	277.075194E-3	278.978370E-3
100.200000E+0	3.000000E+0	-900.179160E-3	11.074996E+0	278.173707E-3	280.175231E-3
100.300000E+0	3.000000E+0	-897.267473E-3	11.109865E+0	279.415868E-3	281.003140E-3
100.400000E+0	4.000000E+0	-895.407808E-3	11.128151E+0	280.231856E-3	281.736873E-3
100.500000E+0	4.000000E+0	-894.305122E-3	11.137533E+0	280.101322E-3	281.844758E-3
100.600000E+0	4.000000E+0	-896.206511E-3	11.135650E+0	280.037545E-3	281.874560E-3
100.700000E+0	4.000000E+0	-909.686101E-3	10.908699E+0	275.073670E-3	276.542924E-3
100.800000E+0	4.000000E+0	-924.232615E-3	10.712373E+0	269.950054E-3	271.435402E-3
100.900000E+0	4.000000E+0	-939.109935E-3	10.495412E+0	264.392516E-3	266.071579E-3
101.000000E+0	4.000000E+0	-953.558101E-3	10.260499E+0	259.174129E-3	260.380527E-3
101.100000E+0	4.000000E+0	-967.502608E-3	10.052633E+0	253.739973E-3	255.718848E-3
101.200000E+0	4.000000E+0	-982.606425E-3	9.838510E+0	248.277207E-3	250.272771E-3
101.300000E+0	4.000000E+0	-996.786370E-3	9.618568E+0	242.843051E-3	245.151539E-3
101.400000E+0	4.000000E+0	-1.012507E+0	9.392643E+0	237.292070E-3	239.433069E-3
101.500000E+0	4.000000E+0	-1.026347E+0	9.176004E+0	232.082028E-3	234.559197E-3
101.600000E+0	4.000000E+0	-1.042193E+0	8.952093E+0	226.550120E-3	228.762645E-3
101.700000E+0	4.000000E+0	-1.056698E+0	8.724296E+0	221.209544E-3	223.088282E-3
101.800000E+0	4.000000E+0	-1.071584E+0	8.508909E+0	215.856450E-3	218.238848E-3
101.900000E+0	4.000000E+0	-1.087907E+0	8.287287E+0	210.399645E-3	212.675946E-3
102.000000E+0	4.000000E+0	-1.101866E+0	8.058858E+0	204.990523E-3	207.383649E-3
102.100000E+0	4.000000E+0	-1.117617E+0	7.832980E+0	199.402587E-3	201.799886E-3
102.200000E+0	4.000000E+0	-1.131064E+0	7.625175E+0	194.246784E-3	196.793095E-3
102.300000E+0	4.000000E+0	-1.147166E+0	7.395494E+0	188.528314E-3	191.044227E-3
102.400000E+0	4.000000E+0	-1.162717E+0	7.170725E+0	183.124557E-3	185.601130E-3
102.500000E+0	4.000000E+0	-1.177374E+0	6.952918E+0	177.669539E-3	180.398240E-3
102.600000E+0	4.000000E+0	-1.192629E+0	6.738508E+0	172.498836E-3	174.940242E-3
102.700000E+0	4.000000E+0	-1.205483E+0	6.502461E+0	166.551484E-3	169.652714E-3
102.800000E+0	4.000000E+0	-1.222473E+0	6.279063E+0	160.982026E-3	164.228095E-3
102.900000E+0	4.000000E+0	-1.236510E+0	6.067944E+0	155.694497E-3	158.797515E-3
103.000000E+0	4.000000E+0	-1.252264E+0	5.840647E+0	150.239480E-3	153.242958E-3
103.100000E+0	4.000000E+0	-1.267365E+0	5.606842E+0	144.656312E-3	148.054969E-3
103.200000E+0	4.000000E+0	-1.282844E+0	5.401182E+0	138.717901E-3	142.381203E-3
103.300000E+0	4.000000E+0	-1.299429E+0	5.172384E+0	133.448254E-3	136.917244E-3
103.400000E+0	4.000000E+0	-1.311517E+0	4.930568E+0	127.980719E-3	131.417523E-3
103.500000E+0	4.000000E+0	-1.327676E+0	4.725707E+0	122.381459E-3	125.898133E-3
103.600000E+0	4.000000E+0	-1.345003E+0	4.503167E+0	116.603384E-3	120.384107E-3
103.700000E+0	4.000000E+0	-1.360253E+0	4.264343E+0	111.259827E-3	114.948759E-3
103.800000E+0	4.000000E+0	-1.375040E+0	4.057968E+0	105.619439E-3	109.423408E-3
103.900000E+0	4.000000E+0	-1.388094E+0	3.834605E+0	100.091108E-3	104.038128E-3
104.000000E+0	4.000000E+0	-1.405519E+0	3.604388E+0	94.640263E-3	98.344692E-3
104.100000E+0	4.000000E+0	-1.420963E+0	3.383482E+0	89.060671E-3	93.194850E-3
104.200000E+0	4.000000E+0	-1.436064E+0	3.172767E+0	83.634264E-3	87.705262E-3
104.300000E+0	4.000000E+0	-1.450497E+0	2.939701E+0	78.181035E-3	82.108981E-3
104.400000E+0	4.000000E+0	-1.466090E+0	2.717280E+0	72.565085E-3	76.732642E-3
104.500000E+0	4.000000E+0	-1.481700E+0	2.501631E+0	67.173248E-3	71.401602E-3
104.600000E+0	4.000000E+0	-1.497799E+0	2.273381E+0	61.336761E-3	65.999632E-3
104.700000E+0	4.000000E+0	-1.512441E+0	2.049768E+0	56.027178E-3	60.346727E-3
104.800000E+0	4.000000E+0	-1.529253E+0	1.832318E+0	50.666932E-3	54.892902E-3
104.900000E+0	4.000000E+0	-1.542902E+0	1.615345E+0	45.102242E-3	49.618487E-3
105.000000E+0	4.000000E+0	-1.558656E+0	1.376653E+0	39.460662E-3	43.995980E-3
105.100000E+0	4.000000E+0	-1.575100E+0	1.158178E+0	34.039023E-3	38.217905E-3
105.200000E+0	4.000000E+0	-1.589459E+0	940.430164E-3	28.588178E-3	33.008459E-3
105.300000E+0	4.000000E+0	-1.604727E+0	721.514225E-3	22.906663E-3	27.596953E-3
105.400000E+0	4.000000E+0	-1.620868E+0	491.094589E-3	17.246009E-3	22.072794E-3
105.500000E+0	4.000000E+0	-1.634598E+0	271.892548E-3	11.697412E-3	16.390087E-3
105.600000E+0	4.000000E+0	-1.650092E+0	67.245960E-3	6.517768E-3	10.941626E-3
105.700000E+0	4.000000E+0	-1.652163E+0	41.973591E-3	6.116033E-3	10.633469E-3
105.800000E+0	4.000000E+0	-1.652464E+0	39.887428E-3	6.042123E-3	10.450483E-3
105.900000E+0	4.000000E+0	-1.652774E+0	47.171116E-3	5.917550E-3	10.479689E-3
106.000000E+0	4.000000E+0	-1.652390E+0	44.727325E-3	5.803705E-3	10.278226E-3
106.100000E+0	4.000000E+0	-1.653984E+0	31.948090E-3	5.536676E-3	10.052324E-3
106.200000E+0	4.000000E+0	-1.654756E+0	38.576126E-3	5.431772E-3	9.917022E-3
106.300000E+0	4.000000E+0	-1.655287E+0	33.533573E-3	5.380512E-3	9.828807E-3
106.400000E+0	4.000000E+0	-1.655075E+0	21.052361E-3	5.283356E-3	9.852053E-3
106.500000E+0	4.000000E+0	-1.656121E+0	35.226345E-3	5.041957E-3	9.513498E-3
106.600000E+0	4.000000E+0	-1.654878E+0	38.075447E-3	5.195141E-3	9.871126E-3
106.700000E+0	4.000000E+0	-1.656505E+0	23.436546E-3	4.799962E-3	9.325147E-3
106.800000E+0	4.000000E+0	-1.657474E+0	27.906895E-3	4.916788E-3	9.231568E-3
106.900000E+0	4.000000E+0	-1.656833E+0	23.615360E-3	5.056262E-3	9.092689E-3
107.000000E+0	4.000000E+0	-1.656738E+0	21.553040E-3	4.840494E-3	9.186269E-3
107.100000E+0	4.000000E+0	-1.656812E+0	18.048286E-3	4.854799E-3	9.056926E-3
107.200000E+0	4.000000E+0	-1.658195E+0	18.703938E-3	4.756451E-3	8.977056E-3
107.300000E+0	4.000000E+0	-1.657707E+0	20.456314E-3	4.729033E-3	8.982421E-3
107.400000E+0	4.000000E+0	-1.657286E+0	10.848045E-3	4.655719E-3	9.049178E-3
107.500000E+0	4.000000E+0	-1.657957E+0	15.783310E-3	4.419685E-3	8.841158E-3
107.600000E+0	4.000000E+0	-1.656979E+0	17.058849E-3	4.395247E-3	9.025336E-3
107.700000E+0	4.000000E+0	-1.656991E+0	8.797646E-3	4.510880E-3	8.693934E-3
107.800000E+0	4.000000E+0	-1.657572E+0	8.034706E-3	4.719496E-3	8.679033E-3
107.900000E+0	4.000000E+0	-1.657629E+0	12.552738E-3	4.233718E-3	8.856059E-3
108.000000E+0	4.000000E+0	-1.657489E+0	15.056133E-3	4.414320E-3	8.762480E-3
108.100000E+0	4.000000E+0	-1.658049E+0	6.401539E-3	4.485846E-3	8.944274E-3
108.200000E+0	4.000000E+0	-1.657677E+0	11.050701E-3	4.200340E-3	8.702279E-3
108.300000E+0	4.000000E+0	-1.657227E+0	18.870831E-3	3.925562E-3	8.795262E-3
108.400000E+0	4.000000E+0	-1.657954E+0	6.973743E-3	4.274845E-3	8.655787E-3
108.500000E+0	4.000000E+0	-1.658991E+0	8.034706E-3	4.088283E-3	8.476973E-3
108.600000E+0	4.000000E+0	-1.658168E+0	18.095970E-3	4.057288E-3	8.378626E-3
108.700000E+0	4.000000E+0	-1.658517E+0	6.496906E-3	4.255176E-3	8.441807E-3
108.800000E+0	4.000000E+0	-1.658872E+0	-715.255737E-6	3.904701E-3	8.271337E-3
108.900000E+0	4.000000E+0	-1.658681E+0	16.856194E-3	3.996492E-3	8.630157E-3
109.000000E+0	4.000000E+0	-1.659384E+0	2.002716E-3	4.281998E-3	8.407832E-3
109.100000E+0	4.000000E+0	-1.660094E+0	-2.503395E-3	3.869534E-3	8.274317E-3
109.200000E+0	4.000000E+0	-1.659036E+0	10.192394E-3	3.759861E-3	8.578897E-3
109.300000E+0	4.000000E+0	-1.658610E+0	6.794930E-3	3.845692E-3	8.106828E-3
109.400000E+0	4.000000E+0	-1.659468E+0	-59.604645E-6	3.854633E-3	8.092523E-3
109.500000E+0	4.000000E+0	-1.658496E+0	5.555153E-3	3.536344E-3	8.571149E-3
109.600000E+0	4.000000E+0	-1.659492E+0	9.369850E-3	4.121065E-3	8.305312E-3
109.700000E+0	4.000000E+0	-1.659825E+0	-2.324581E-3	3.794432E-3	8.363128E-3
109.800000E+0	4.000000E+0	-1.659685E+0	7.534027E-3	3.909469E-3	8.258224E-3
109.900000E+0	4.000000E+0	-1.659575E+0	9.322166E-3	4.076362E-3	8.285642E-3
110.000000E+0	4.000000E+0	-1.660237E+0	3.242493E-3	3.950000E-3	8.178354E-3
110.100000E+0	4.000000E+0	-1.661333E+0	0.000000E+0	3.691912E-3	7.987619E-3
