Program version:	Fatigue ver. 4.0
Date and time:	14-08-2015 11:12:49
Operator:	vanj
Project ID:	44584
Sample ID:	EQA03-11
Comments:	
	
Mode of operation:	Ten-ten
Low load setpoint [kN]:	0.000000
Sample width [mm]:	25.460000
Sample thickness [mm]:	4.430000
Strain sensor:	Extensometer
Number of strain sensors:	2
Channel configuration:	0 6 1,1,0,0,0,0 1,4,1,2,3,4
Digital I/O:	0,1,None
	
Machine SN:	88R1342
Load cell SN:	UK 054
Load cell [kN]:	100.000000
Extensometer 1 SN:	2026
Gauge length 1 [mm]:	50.000000
Full scale 1 [%]:	2.000000
Extensometer 2 SN:	2084
Gauge length 2 [mm]:	50.000000
Full scale 2 [%]:	2.000000
	
Modulus [GPa]:	37.235252
	
E-max [%]:	0.900000
R:	0.100000
Waveform frequency [Hz]:	4.000000
Samples pr cycle:	125
	
Max change stiffness [%]:	0.500000
Max cycles between log:	100
Number of initial cycles:	20
Run out cycle:	2000000
	
	
Timestamp [yyyymmddHHMMSS.frac]	Time [s]	Cycle	Position max [mm]	Position min [mm]	Stress max [MPa]	Stress min [MPa]	Strain1 max [%]	Strain1 min [%]	Strain2 max [%]	Strain2 min [%]	StiffnessAvg [GPa]	Stiffness1 [GPa]	Stiffness2 [GPa]	StiffnessPosition [MPa/mm]	DampingAvg	Damping1	Damping2	DampingPosition
20150814111715.031200	0.000000	1.000000	2.332944	1.024431	238.763457	54.032910	0.652306	0.155836	0.653224	0.154028	37.141593	37.234537	37.049010	141.393238	0.051423	0.054729	0.048136	0.157307
20150814111715.269500	0.250000	2.000000	3.133380	0.973165	342.287419	45.620770	0.942788	0.133252	0.948837	0.133516	36.563397	36.670300	36.456825	137.061334	0.096981	0.090472	0.103444	0.221738
20150814111715.539100	0.500000	3.000000	3.128147	0.963151	340.570112	43.539244	0.939196	0.128287	0.945959	0.129606	36.513622	36.610276	36.417320	136.737257	0.085228	0.082039	0.088396	0.194463
20150814111715.781200	0.750000	4.000000	3.111070	0.944501	337.374472	40.614707	0.930653	0.120151	0.938374	0.122551	36.509780	36.601984	36.417913	136.712303	0.081954	0.079739	0.084153	0.190716
20150814111716.019500	1.000000	5.000000	3.099442	0.939423	335.905333	39.566017	0.925606	0.116826	0.934199	0.120051	36.498237	36.592742	36.404104	136.714168	0.080875	0.079387	0.082352	0.188675
20150814111716.289100	1.250000	6.000000	3.087074	0.927073	334.235271	37.753163	0.920446	0.111362	0.929800	0.115158	36.497284	36.595119	36.399870	136.778429	0.079868	0.078849	0.080881	0.186115
20150814111716.519500	1.500000	7.000000	3.080505	0.923640	333.320389	37.188866	0.917271	0.109065	0.927207	0.114000	36.498740	36.591012	36.406828	136.757850	0.080103	0.079264	0.080936	0.187084
20150814111716.789100	1.750000	8.000000	3.074205	0.916260	332.386165	36.129606	0.914060	0.105700	0.924972	0.111186	36.499600	36.595116	36.404481	136.815097	0.079996	0.078724	0.081258	0.185620
20150814111717.031200	2.000000	9.000000	3.076845	0.914156	332.247812	35.555797	0.914152	0.103702	0.925820	0.109926	36.500913	36.597686	36.404541	136.824843	0.080073	0.078734	0.081403	0.185907
20150814111717.269500	2.250000	10.000000	3.074610	0.912356	331.893211	35.062948	0.912721	0.101932	0.925058	0.109040	36.496517	36.592813	36.400617	136.788442	0.080080	0.078766	0.081386	0.184686
20150814111717.539100	2.500000	11.000000	3.075558	0.910425	331.672945	34.657826	0.912344	0.100567	0.924893	0.107956	36.495593	36.593641	36.397968	136.836904	0.079928	0.078921	0.080929	0.184223
20150814111717.761700	2.750000	12.000000	3.072798	0.907654	331.683832	34.208417	0.911665	0.099096	0.924681	0.107123	36.495742	36.589932	36.401940	136.831139	0.080053	0.079081	0.081018	0.183202
20150814111718.031200	3.000000	13.000000	3.074265	0.907171	331.658783	34.022185	0.911612	0.098208	0.925103	0.106728	36.494967	36.588350	36.401963	136.824637	0.079495	0.078662	0.080323	0.181560
20150814111718.281200	3.250000	14.000000	3.071892	0.907910	331.199439	34.054739	0.909365	0.097987	0.923337	0.106743	36.488011	36.585250	36.391189	136.837370	0.080299	0.079483	0.081109	0.183651
20150814111718.519500	3.500000	15.000000	3.071314	0.906372	330.948840	33.928224	0.908750	0.097286	0.922912	0.106586	36.491443	36.584643	36.398627	136.841462	0.079791	0.078912	0.080665	0.182937
20150814111718.769500	3.750000	16.000000	3.074354	0.905615	331.492738	33.863434	0.909963	0.096880	0.924262	0.106354	36.490159	36.582912	36.397790	136.844510	0.079895	0.079469	0.080318	0.182596
20150814111719.011700	4.000000	17.000000	3.074324	0.905931	331.451835	33.715991	0.909596	0.096598	0.924138	0.106289	36.491846	36.582420	36.401640	136.843094	0.079604	0.079218	0.079988	0.180880
20150814111719.281200	4.250000	18.000000	3.078359	0.908631	331.792590	33.897890	0.910452	0.096924	0.925274	0.106822	36.491510	36.580419	36.402961	136.808050	0.079769	0.079419	0.080117	0.180890
20150814111719.531200	4.500000	19.000000	3.079623	0.908053	331.831169	33.783318	0.911133	0.096311	0.925998	0.106666	36.492653	36.582168	36.403504	136.853230	0.079505	0.079513	0.079496	0.180599
20150814111719.769500	4.750000	20.000000	3.075516	0.908548	331.463778	33.942070	0.909456	0.096676	0.924602	0.107098	36.490915	36.578595	36.403584	136.813030	0.079112	0.079316	0.078910	0.182064
20150814111744.781200	29.750000	120.000000	3.122181	0.931865	335.091071	34.117309	0.922477	0.098436	0.938048	0.112529	36.440315	36.458894	36.421637	136.690379	0.078098	0.081493	0.074709	0.176083
20150814111809.789100	54.750000	220.000000	3.130972	0.936538	335.138422	34.124919	0.925948	0.100841	0.942854	0.117462	36.420404	36.419256	36.421423	136.587488	0.076853	0.081283	0.072424	0.173942
20150814111834.769500	79.750000	320.000000	3.133571	0.938487	334.816374	34.088455	0.927094	0.101882	0.943754	0.118378	36.406547	36.395497	36.417506	136.527548	0.076214	0.081230	0.071199	0.173726
20150814111859.781200	104.750000	420.000000	3.137428	0.942969	334.895115	34.118366	0.928692	0.103056	0.946777	0.121048	36.387886	36.375456	36.400147	136.509700	0.075514	0.080817	0.070211	0.171110
20150814111924.789100	129.750000	520.000000	3.140801	0.945103	334.943417	34.103675	0.929729	0.103529	0.950365	0.123489	36.352195	36.355433	36.348821	136.453168	0.077385	0.080628	0.074146	0.171405
20150814111949.781200	154.750000	620.000000	3.144056	0.943375	335.256270	34.143627	0.931299	0.103734	0.954180	0.125013	36.318439	36.343019	36.293710	136.409447	0.079022	0.080697	0.077350	0.171262
20150814112014.789100	179.750000	720.000000	3.142428	0.945133	335.007996	34.121114	0.930975	0.104129	0.952708	0.125486	36.334583	36.330096	36.338881	136.382148	0.076552	0.080221	0.072885	0.169102
20150814112039.820300	204.750000	820.000000	3.145522	0.947213	334.908433	34.153245	0.931645	0.104288	0.954540	0.126970	36.325436	36.315415	36.335278	136.323769	0.075808	0.079757	0.071859	0.169879
20150814112104.820300	229.750000	920.000000	3.144687	0.948262	334.920799	34.104203	0.932169	0.104635	0.955618	0.128593	36.328350	36.303967	36.352595	136.268270	0.075546	0.080284	0.070806	0.169999
20150814112129.781200	254.750000	1020.000000	3.146654	0.947320	334.940458	34.079788	0.932578	0.104598	0.956197	0.129338	36.327578	36.294907	36.360174	136.228058	0.075101	0.079719	0.070476	0.168105
20150814112154.789100	279.750000	1120.000000	3.150332	0.948513	335.184610	34.075138	0.933731	0.104945	0.958013	0.129730	36.306559	36.281060	36.332036	136.165953	0.075696	0.078914	0.072477	0.166683
20150814112219.800800	304.750000	1220.000000	3.150630	0.946081	335.113795	34.146798	0.933623	0.105163	0.957986	0.130019	36.300860	36.272197	36.329508	136.130415	0.075831	0.079289	0.072371	0.167383
20150814112244.789100	329.750000	1320.000000	3.150743	0.947541	334.924921	34.106317	0.933767	0.105379	0.958612	0.130586	36.281259	36.258968	36.303536	136.109810	0.075903	0.078971	0.072834	0.165957
20150814112309.781200	354.750000	1420.000000	3.151470	0.949341	335.034525	34.230930	0.933893	0.105431	0.960899	0.131886	36.246912	36.247997	36.245774	136.043553	0.076642	0.078591	0.074694	0.167196
20150814112334.789100	379.750000	1520.000000	3.152394	0.949222	335.052281	34.108537	0.934667	0.105487	0.961795	0.131582	36.231687	36.238813	36.224527	135.990792	0.077622	0.078321	0.076925	0.166674
20150814112359.800800	404.750000	1620.000000	3.151965	0.949335	334.911815	34.057381	0.934792	0.105556	0.961441	0.132593	36.253153	36.229927	36.276336	135.977474	0.075772	0.078168	0.073375	0.166185
20150814112424.789100	429.750000	1720.000000	3.151649	0.948477	334.747673	34.130098	0.934563	0.105870	0.962860	0.133984	36.229281	36.222229	36.236258	135.965973	0.075537	0.077989	0.073085	0.164824
20150814112449.800800	454.750000	1820.000000	3.156006	0.950402	335.131657	34.129675	0.935618	0.106028	0.964382	0.133858	36.203655	36.211260	36.196017	135.934718	0.076171	0.077328	0.075016	0.165785
20150814112514.808600	479.750000	1920.000000	3.155673	0.948763	334.981361	34.070064	0.935371	0.105700	0.963688	0.133815	36.213851	36.204685	36.222988	135.908886	0.075517	0.077131	0.073904	0.165541
20150814112539.808600	504.750000	2020.000000	3.154749	0.948572	335.129015	34.078731	0.936426	0.106022	0.965099	0.134143	36.195801	36.196575	36.194996	135.844072	0.076078	0.077056	0.075101	0.164526
20150814112604.800800	529.750000	2120.000000	3.155929	0.947446	334.950076	34.105049	0.936270	0.106203	0.964031	0.133622	36.188552	36.183395	36.193672	135.768478	0.075566	0.076860	0.074273	0.163871
20150814112629.800800	554.750000	2220.000000	3.155935	0.947839	334.835716	33.870198	0.936349	0.105918	0.965275	0.133966	36.162835	36.177132	36.148532	135.778474	0.076963	0.076579	0.077347	0.163400
20150814112654.800800	579.750000	2320.000000	3.154981	0.948513	334.875773	34.265386	0.937016	0.106708	0.966152	0.134319	36.137198	36.167332	36.107098	135.737257	0.078216	0.077013	0.079417	0.165461
20150814112719.789100	604.750000	2420.000000	3.157079	0.948983	335.143812	34.091520	0.937739	0.106289	0.967161	0.133909	36.120297	36.155538	36.085101	135.702272	0.078092	0.076409	0.079772	0.164486
20150814112744.800800	629.750000	2520.000000	3.156924	0.947613	334.902408	34.184636	0.937089	0.106505	0.966535	0.134533	36.122748	36.145088	36.100422	135.664012	0.076402	0.075800	0.077004	0.163074
20150814112809.808600	654.750000	2620.000000	3.156054	0.948000	334.891522	34.031486	0.937392	0.106350	0.966814	0.134071	36.109244	36.138883	36.079640	135.677205	0.077455	0.076277	0.078631	0.164535
20150814112834.820300	679.750000	2720.000000	3.158802	0.946140	334.992776	34.185587	0.938072	0.106736	0.967628	0.135036	36.111470	36.132471	36.090483	135.611235	0.076467	0.075587	0.077346	0.162871
20150814112859.800800	704.750000	2820.000000	3.154719	0.947195	334.849350	34.250272	0.937639	0.107003	0.967282	0.135767	36.114265	36.124456	36.104069	135.613358	0.075799	0.075747	0.075852	0.163765
20150814112924.808600	729.750000	2920.000000	3.155232	0.948036	334.806967	34.048820	0.938027	0.106616	0.967565	0.134914	36.093205	36.115362	36.071054	135.565961	0.076262	0.075493	0.077029	0.163962
20150814112949.808600	754.750000	3020.000000	3.157181	0.946254	334.824301	34.197953	0.938441	0.106948	0.967845	0.135686	36.091552	36.104201	36.078891	135.535326	0.075356	0.074434	0.076276	0.162603
20150814113014.800800	779.750000	3120.000000	3.160399	0.947809	335.076908	34.245304	0.939408	0.107479	0.969056	0.136177	36.080258	36.096591	36.063922	135.486935	0.075791	0.074751	0.076831	0.161551
20150814113039.808600	804.750000	3220.000000	3.157991	0.947815	334.799251	34.329225	0.939366	0.107349	0.968696	0.136503	36.089589	36.088941	36.090220	135.471245	0.075372	0.074680	0.076065	0.162086
20150814113104.808600	829.750000	3320.000000	3.159607	0.947881	335.053761	34.282402	0.940187	0.107323	0.970105	0.136804	36.074312	36.084626	36.063990	135.433609	0.074202	0.073818	0.074585	0.161788
20150814113129.820300	854.750000	3420.000000	3.158349	0.946504	335.094982	34.134643	0.940063	0.107120	0.970850	0.136937	36.058358	36.072932	36.043777	135.410519	0.074916	0.073656	0.076174	0.160588
20150814113154.808600	879.750000	3520.000000	3.160179	0.946546	334.785617	34.032543	0.940430	0.106947	0.971565	0.136987	36.047602	36.065596	36.029604	135.396352	0.075296	0.073847	0.076743	0.161612
20150814113219.800800	904.750000	3620.000000	3.160775	0.946450	334.976711	34.248686	0.941666	0.107829	0.972718	0.137803	36.040438	36.059999	36.020873	135.389365	0.075455	0.073645	0.077263	0.160499
20150814113244.820300	929.750000	3720.000000	3.158510	0.947207	334.860871	34.279549	0.941674	0.109201	0.971677	0.138117	36.034950	36.055373	36.014523	135.343348	0.075727	0.073598	0.077854	0.160641
20150814113309.808600	954.750000	3820.000000	3.160757	0.946474	335.041078	34.402787	0.942796	0.109861	0.972770	0.138881	36.043888	36.051575	36.036172	135.342776	0.074319	0.073234	0.075403	0.160882
20150814113334.808600	979.750000	3920.000000	3.159195	0.946015	334.833073	34.223531	0.943477	0.110608	0.973324	0.139723	36.034329	36.046135	36.022499	135.334811	0.074223	0.073207	0.075238	0.161927
20150814113359.828100	1004.750000	4020.000000	3.158242	0.946683	335.011378	34.089195	0.943813	0.110616	0.973678	0.140217	36.043930	36.044560	36.043250	135.354033	0.073608	0.072789	0.074427	0.160726
20150814113424.828100	1029.750000	4120.000000	3.161722	0.944012	335.055452	34.129675	0.945357	0.110709	0.975209	0.140348	36.040746	36.042444	36.039010	135.343969	0.073728	0.072994	0.074463	0.160995
20150814113449.808600	1054.750000	4220.000000	3.159219	0.946325	334.855903	34.248158	0.944714	0.111359	0.974492	0.140781	36.030913	36.034697	36.027073	135.263886	0.073529	0.072652	0.074405	0.159305
20150814113514.820300	1079.750000	4320.000000	3.159410	0.946867	334.829585	34.306818	0.944695	0.111308	0.974389	0.140735	36.031170	36.029398	36.032903	135.291896	0.071917	0.071545	0.072290	0.159062
20150814113539.828100	1104.750000	4420.000000	3.161669	0.945210	334.905156	34.121326	0.945312	0.111532	0.974885	0.140839	36.026966	36.031760	36.022134	135.316115	0.072275	0.071610	0.072940	0.157516
20150814113604.808600	1129.750000	4520.000000	3.160495	0.945503	335.094559	34.238645	0.945690	0.111454	0.975383	0.141266	36.026651	36.020976	36.032282	135.270935	0.071699	0.071482	0.071915	0.157832
20150814113629.828100	1154.750000	4620.000000	3.165114	0.945395	335.148462	34.239491	0.946804	0.111304	0.976806	0.141343	36.018578	36.014759	36.022352	135.258136	0.071562	0.071363	0.071762	0.158713
20150814113654.828100	1179.750000	4720.000000	3.165185	0.946522	335.012224	34.288216	0.946456	0.111427	0.976505	0.141538	36.016425	36.010438	36.022376	135.212075	0.071234	0.071223	0.071245	0.158513
20150814113719.828100	1204.750000	4820.000000	3.161305	0.947112	334.715965	34.196474	0.945751	0.111695	0.976219	0.141778	35.996098	36.001136	35.991016	135.177940	0.071842	0.070933	0.072751	0.159363
20150814113744.820300	1229.750000	4920.000000	3.162932	0.946057	334.888562	34.306183	0.946332	0.111619	0.977009	0.141569	35.990961	36.000484	35.981410	135.229261	0.071737	0.071029	0.072445	0.158696
20150814113809.828100	1254.750000	5020.000000	3.160512	0.946182	334.732982	34.165083	0.946348	0.111792	0.976977	0.141628	35.974785	35.991547	35.957998	135.162043	0.072124	0.071097	0.073151	0.156888
20150814113834.878900	1279.750000	5120.000000	3.160143	0.945461	334.980198	34.303013	0.946342	0.111549	0.977013	0.141369	35.967355	35.982287	35.952386	135.164198	0.072149	0.071185	0.073112	0.156535
20150814113859.839800	1304.750000	5220.000000	3.162652	0.945520	334.933165	34.302167	0.947153	0.111931	0.978203	0.141731	35.951933	35.976697	35.927168	135.145906	0.072721	0.071309	0.074130	0.158476
20150814113924.828100	1329.750000	5320.000000	3.162688	0.946575	334.646736	34.295720	0.947147	0.111944	0.978127	0.141605	35.946624	35.974461	35.918782	135.145044	0.073034	0.071469	0.074597	0.159333
20150814113949.839800	1354.750000	5420.000000	3.161609	0.945151	334.476464	34.159164	0.945942	0.111680	0.977164	0.141874	35.947846	35.967663	35.928005	135.109991	0.071340	0.070542	0.072137	0.157270
20150814114014.859400	1379.750000	5520.000000	3.163296	0.946498	334.725900	34.123968	0.947044	0.111707	0.978181	0.142054	35.947583	35.958757	35.936364	135.092900	0.071380	0.070919	0.071839	0.157632
20150814114039.851600	1404.750000	5620.000000	3.165501	0.945050	334.757820	34.092049	0.947685	0.111649	0.978875	0.141628	35.928269	35.953658	35.902843	135.064861	0.071569	0.070322	0.072813	0.157880
20150814114104.828100	1429.750000	5720.000000	3.163660	0.946808	334.799780	34.459756	0.946849	0.112000	0.978453	0.142290	35.917868	35.946159	35.889577	135.089210	0.071809	0.070534	0.073081	0.158445
20150814114129.839800	1454.750000	5820.000000	3.166837	0.949138	334.864993	34.411560	0.947837	0.111992	0.979244	0.142569	35.919141	35.936466	35.901747	135.034599	0.070936	0.070151	0.071719	0.157710
20150814114154.871100	1479.750000	5920.000000	3.163785	0.946295	334.854635	34.199116	0.947533	0.111501	0.978937	0.141906	35.907916	35.927774	35.888005	135.001443	0.070795	0.069808	0.071781	0.156744
20150814114219.828100	1504.750000	6020.000000	3.166455	0.947773	334.901034	34.098073	0.948229	0.111659	0.979745	0.141993	35.896728	35.922085	35.871325	135.005740	0.070759	0.070134	0.071384	0.157181
20150814114244.851600	1529.750000	6120.000000	3.169948	0.946534	335.479494	33.916809	0.949326	0.111264	0.980957	0.141813	35.889488	35.913710	35.865214	134.947057	0.070181	0.069458	0.070902	0.155247
20150814114309.851600	1554.750000	6220.000000	3.167170	0.946397	334.931474	34.019543	0.948807	0.111589	0.980177	0.141823	35.886880	35.909594	35.864107	134.959318	0.070717	0.069846	0.071588	0.156777
20150814114334.828100	1579.750000	6320.000000	3.165638	0.946420	334.770397	34.062666	0.948601	0.111732	0.980074	0.141816	35.873112	35.900731	35.845483	134.937111	0.069856	0.068749	0.070961	0.155388
20150814114359.839800	1604.750000	6420.000000	3.168136	0.945646	335.248131	34.015844	0.949902	0.111634	0.981307	0.142033	35.877821	35.895364	35.860258	134.920203	0.070130	0.069605	0.070654	0.154915
20150814114424.871100	1629.750000	6520.000000	3.167164	0.945675	334.722518	34.175546	0.949261	0.111782	0.980644	0.142220	35.871160	35.893321	35.848977	134.912289	0.070326	0.069474	0.071177	0.156850
20150814114449.859400	1654.750000	6620.000000	3.168625	0.946361	334.786357	34.345184	0.949453	0.112174	0.981013	0.142569	35.863312	35.888656	35.837969	134.915339	0.070037	0.068945	0.071128	0.155811
20150814114514.839800	1679.750000	6720.000000	3.166485	0.947154	334.585539	34.068373	0.948261	0.112244	0.980086	0.142760	35.858044	35.885606	35.830499	134.909010	0.070107	0.068920	0.071292	0.154840
20150814114539.851600	1704.750000	6820.000000	3.169984	0.947160	335.173195	34.219621	0.950697	0.112660	0.982545	0.142992	35.847697	35.877751	35.817666	134.888396	0.070189	0.069297	0.071080	0.154783
20150814114604.871100	1729.750000	6920.000000	3.168756	0.948882	334.758031	34.522432	0.949374	0.113174	0.981180	0.143445	35.838610	35.870886	35.806359	134.886184	0.069857	0.068652	0.071060	0.154736
20150814114629.839800	1754.750000	7020.000000	3.168094	0.948900	334.655086	34.407226	0.950271	0.112995	0.981802	0.142671	35.821325	35.865923	35.776796	134.843916	0.070550	0.068444	0.072652	0.155260
20150814114654.851600	1779.750000	7120.000000	3.165478	0.948119	334.947962	34.414308	0.949033	0.112560	0.980888	0.142599	35.812432	35.857177	35.767752	134.819426	0.070392	0.068491	0.072290	0.154481
20150814114719.851600	1804.750000	7220.000000	3.172594	0.950456	335.286075	34.437560	0.951671	0.112681	0.983714	0.142985	35.811525	35.851906	35.771190	134.800820	0.070337	0.068553	0.072117	0.155331
20150814114744.871100	1829.750000	7320.000000	3.168666	0.948876	334.433552	34.309988	0.949678	0.112449	0.981567	0.142312	35.803052	35.849043	35.757113	134.795704	0.070101	0.068272	0.071925	0.153538
20150814114809.851600	1854.750000	7420.000000	3.170300	0.948524	334.893318	34.189709	0.951107	0.112241	0.983085	0.142257	35.797209	35.842003	35.752470	134.776557	0.070451	0.068430	0.072467	0.154851
20150814114834.859400	1879.750000	7520.000000	3.170753	0.948131	335.190528	34.280923	0.951103	0.112453	0.982895	0.142503	35.798228	35.839040	35.757459	134.783227	0.069848	0.068029	0.071662	0.153821
20150814114859.859400	1904.750000	7620.000000	3.171819	0.948399	334.992353	34.161701	0.951464	0.112433	0.983346	0.142819	35.803821	35.836624	35.771040	134.769727	0.069543	0.068377	0.070706	0.153971
20150814114924.871100	1929.750000	7720.000000	3.172469	0.948602	334.798300	34.081268	0.951468	0.112149	0.983589	0.142437	35.791705	35.826640	35.756778	134.724985	0.069596	0.068137	0.071051	0.154279
20150814114949.851600	1954.750000	7820.000000	3.171468	0.950557	334.797137	34.432170	0.950408	0.113014	0.982242	0.143283	35.786945	35.821329	35.752555	134.732003	0.070137	0.068474	0.071796	0.154832
20150814115014.859400	1979.750000	7920.000000	3.168672	0.949460	334.697891	34.426040	0.949899	0.112853	0.981771	0.143321	35.788311	35.818973	35.757637	134.745443	0.069284	0.068124	0.070442	0.153391
20150814115039.871100	2004.750000	8020.000000	3.168643	0.950176	334.285476	34.261264	0.949436	0.112434	0.981369	0.143099	35.787662	35.812743	35.762549	134.727092	0.068927	0.067883	0.069971	0.154899
20150814115104.851600	2029.750000	8120.000000	3.173411	0.949532	335.011167	34.052308	0.951599	0.112554	0.983582	0.143092	35.781046	35.805561	35.756504	134.696341	0.068937	0.067816	0.070056	0.153703
20150814115129.859400	2054.750000	8220.000000	3.169298	0.951117	334.869855	34.483220	0.950830	0.113535	0.982720	0.143684	35.761994	35.797636	35.726383	134.642893	0.068771	0.067658	0.069883	0.153993
20150814115154.878900	2079.750000	8320.000000	3.171718	0.950086	334.861293	34.358713	0.951683	0.113405	0.983622	0.143746	35.765263	35.801109	35.729444	134.667827	0.069214	0.067970	0.070456	0.153935
20150814115219.859400	2104.750000	8420.000000	3.172088	0.950235	334.779804	34.111285	0.951417	0.112571	0.983666	0.143528	35.762978	35.790902	35.735048	134.645863	0.069361	0.068236	0.070485	0.154790
20150814115244.878900	2129.750000	8520.000000	3.174216	0.951219	334.939189	34.443268	0.951886	0.113749	0.984222	0.144474	35.758686	35.789317	35.728041	134.642749	0.069414	0.068232	0.070594	0.152879
20150814115309.871100	2154.750000	8620.000000	3.176075	0.951278	334.953458	34.125448	0.952605	0.112768	0.984406	0.143510	35.763969	35.787303	35.740605	134.630868	0.068141	0.067669	0.068613	0.153471
20150814115334.878900	2179.750000	8720.000000	3.178614	0.949073	335.006833	33.874849	0.952785	0.111982	0.985192	0.142765	35.745691	35.779400	35.711983	134.594847	0.069415	0.068061	0.070766	0.152620
20150814115359.890600	2204.750000	8820.000000	3.173691	0.951165	334.668931	34.349518	0.951734	0.112387	0.983670	0.143064	35.752440	35.777774	35.727089	134.602198	0.068533	0.067689	0.069376	0.154028
20150814115424.871100	2229.750000	8920.000000	3.173512	0.952864	334.602662	34.225117	0.950888	0.112955	0.982978	0.143478	35.734276	35.768712	35.699858	134.573475	0.068959	0.067819	0.070098	0.153929
20150814115449.871100	2254.750000	9020.000000	3.174448	0.950736	334.518530	34.477195	0.951196	0.113142	0.983188	0.143603	35.730085	35.763295	35.696887	134.549416	0.068852	0.067719	0.069982	0.153794
20150814115514.878900	2279.750000	9120.000000	3.174990	0.953114	334.385250	34.034234	0.951299	0.112969	0.983288	0.143554	35.727594	35.759995	35.695204	134.543338	0.068167	0.067271	0.069062	0.151946
20150814115539.871100	2304.750000	9220.000000	3.172690	0.951689	334.433129	34.200173	0.951004	0.112777	0.982937	0.143415	35.727412	35.757603	35.697235	134.547097	0.068029	0.067105	0.068953	0.152384
20150814115604.878900	2329.750000	9320.000000	3.181189	0.951850	335.061899	34.220466	0.953577	0.112750	0.984947	0.142777	35.726087	35.753534	35.698661	134.515124	0.067458	0.066924	0.067990	0.152695
20150814115629.898400	2354.750000	9420.000000	3.178090	0.952882	334.782975	34.378689	0.952898	0.113021	0.984986	0.143376	35.712758	35.745670	35.679887	134.492341	0.068575	0.067506	0.069643	0.153979
20150814115654.871100	2379.750000	9520.000000	3.176773	0.949836	334.650329	34.032332	0.952260	0.112098	0.984350	0.142515	35.710968	35.742086	35.679886	134.507021	0.068057	0.067236	0.068878	0.151812
20150814115719.871100	2404.750000	9620.000000	3.179967	0.952053	334.663752	34.175546	0.952861	0.112971	0.984623	0.143005	35.707127	35.737513	35.676774	134.469170	0.068320	0.067497	0.069141	0.153172
20150814115744.878900	2429.750000	9720.000000	3.180265	0.953645	334.866050	34.206409	0.953521	0.113110	0.985075	0.143017	35.693451	35.732457	35.654512	134.452028	0.068775	0.067418	0.070130	0.153447
20150814115809.890600	2454.750000	9820.000000	3.182763	0.952941	335.206277	33.865442	0.954574	0.112386	0.986131	0.142347	35.693792	35.726041	35.661581	134.477204	0.068310	0.067471	0.069147	0.152067
20150814115834.878900	2479.750000	9920.000000	3.180921	0.955236	334.681615	34.376258	0.953442	0.113103	0.985293	0.142980	35.685027	35.722529	35.647588	134.445637	0.068745	0.067798	0.069689	0.152457
20150814115859.890600	2504.750000	10020.000000	3.179836	0.956160	334.475195	34.094374	0.952762	0.112936	0.984462	0.142634	35.677562	35.718962	35.636240	134.431229	0.067987	0.066796	0.069176	0.151694
20150814115924.890600	2529.750000	10120.000000	3.181624	0.955760	335.106819	34.320241	0.953873	0.113083	0.985589	0.143223	35.680761	35.712968	35.648593	134.415705	0.067739	0.067001	0.068475	0.151106
20150814115949.878900	2554.750000	10220.000000	3.180528	0.956064	334.949970	34.335989	0.953387	0.112538	0.985216	0.142925	35.672238	35.704398	35.640116	134.406724	0.068197	0.067458	0.068934	0.152554
20150814120014.878900	2579.750000	10320.000000	3.181052	0.956553	334.915197	34.342014	0.953600	0.113111	0.985264	0.143262	35.671039	35.700648	35.641461	134.425719	0.067332	0.067135	0.067528	0.152933
20150814120039.910200	2604.750000	10420.000000	3.185678	0.955999	335.306263	34.341485	0.955279	0.112898	0.986668	0.142909	35.670403	35.698334	35.642499	134.371938	0.067140	0.066916	0.067364	0.151623
20150814120104.898400	2629.750000	10520.000000	3.184122	0.955474	334.763316	34.169522	0.954526	0.112742	0.986102	0.142569	35.656764	35.693100	35.620486	134.361564	0.067522	0.067234	0.067809	0.151802
20150814120129.878900	2654.750000	10620.000000	3.186494	0.954884	335.325393	34.245093	0.955625	0.113122	0.987142	0.142655	35.649907	35.689940	35.609948	134.358502	0.068148	0.067349	0.068945	0.151892
20150814120154.890600	2679.750000	10720.000000	3.181708	0.956887	334.349949	34.048820	0.953763	0.113418	0.985031	0.142957	35.650168	35.688075	35.612325	134.362567	0.067183	0.066501	0.067864	0.150358
20150814120219.898400	2704.750000	10820.000000	3.183919	0.955498	334.848927	33.965534	0.954919	0.113509	0.986307	0.142903	35.638564	35.683387	35.593834	134.339972	0.068525	0.067558	0.069490	0.152130
20150814120244.890600	2729.750000	10920.000000	3.185630	0.954628	334.906530	33.857304	0.955219	0.112396	0.986989	0.141885	35.630065	35.675810	35.584418	134.330970	0.068207	0.066944	0.069467	0.150762
20150814120309.890600	2754.750000	11020.000000	3.185993	0.955987	334.731185	34.081479	0.955599	0.113185	0.987322	0.142802	35.633497	35.676235	35.590843	134.334123	0.068232	0.067461	0.069002	0.151168
20150814120334.898400	2779.750000	11120.000000	3.182459	0.958461	334.362632	34.237588	0.953921	0.113667	0.985623	0.143071	35.624069	35.670342	35.577897	134.315095	0.068520	0.067619	0.069419	0.152479
20150814120359.898400	2804.750000	11220.000000	3.185892	0.957942	334.560807	34.149969	0.955544	0.113117	0.987167	0.142947	35.624227	35.664723	35.583804	134.316805	0.068322	0.067209	0.069433	0.152066
20150814120424.890600	2829.750000	11320.000000	3.189409	0.959766	334.847870	34.403527	0.956293	0.114038	0.987813	0.143378	35.614152	35.658901	35.569496	134.274636	0.068061	0.066862	0.069258	0.150745
20150814120449.898400	2854.750000	11420.000000	3.187889	0.959945	334.657834	34.344445	0.956282	0.114182	0.987874	0.143615	35.611943	35.658392	35.565594	134.280324	0.068202	0.067041	0.069360	0.152556
20150814120514.898400	2879.750000	11520.000000	3.188050	0.959653	334.578141	34.244353	0.956145	0.114239	0.987619	0.143794	35.608512	35.655134	35.561982	134.268952	0.068614	0.067193	0.070033	0.151488
20150814120539.921900	2904.750000	11620.000000	3.187716	0.958973	335.001971	34.290752	0.956363	0.114313	0.988015	0.143916	35.607903	35.651422	35.564463	134.253992	0.068289	0.066909	0.069665	0.151657
20150814120604.898400	2929.750000	11720.000000	3.190088	0.959116	334.974068	34.389787	0.957042	0.114198	0.988625	0.144092	35.605839	35.644500	35.567231	134.271761	0.067324	0.066376	0.068270	0.149596
20150814120629.898400	2954.750000	11820.000000	3.186894	0.960976	334.687639	34.150497	0.956033	0.114121	0.988017	0.144119	35.597868	35.639996	35.555806	134.267421	0.068280	0.067029	0.069528	0.150372
20150814120654.910200	2979.750000	11920.000000	3.194660	0.960797	335.362914	34.338526	0.957867	0.113825	0.990170	0.144055	35.592004	35.636307	35.547779	134.211664	0.067920	0.066661	0.069175	0.150870
20150814120719.898400	3004.750000	12020.000000	3.192574	0.958568	335.058095	34.053048	0.957512	0.112799	0.989806	0.143134	35.586258	35.630242	35.542346	134.206174	0.068048	0.066912	0.069183	0.149967
20150814120744.898400	3029.750000	12120.000000	3.193092	0.960833	334.759722	33.943444	0.957387	0.113510	0.989479	0.143547	35.583099	35.629181	35.537110	134.198597	0.067860	0.066618	0.069099	0.150860
20150814120809.910200	3054.750000	12220.000000	3.191716	0.962770	334.787308	34.722193	0.956980	0.115386	0.989271	0.145697	35.579467	35.624378	35.534639	134.189187	0.068453	0.066988	0.069914	0.150907
20150814120834.898400	3079.750000	12320.000000	3.194565	0.961196	335.126372	34.188018	0.958448	0.114393	0.990499	0.144325	35.574724	35.621908	35.527631	134.176201	0.068424	0.066858	0.069986	0.150751
20150814120859.910200	3104.750000	12420.000000	3.193724	0.963467	334.901457	34.287370	0.957569	0.114665	0.989717	0.144571	35.562961	35.612150	35.513874	134.173088	0.069159	0.067404	0.070910	0.150954
20150814120924.921900	3129.750000	12520.000000	3.191513	0.962406	334.459130	34.408072	0.955997	0.114013	0.988431	0.144225	35.559514	35.612312	35.506836	134.155568	0.069010	0.067400	0.070615	0.150808
20150814120949.921900	3154.750000	12620.000000	3.196788	0.960082	335.308271	33.904971	0.957999	0.113117	0.990357	0.143369	35.558472	35.606291	35.510748	134.127867	0.068325	0.067111	0.069535	0.151835
20150814121014.898400	3179.750000	12720.000000	3.197587	0.962162	335.003557	34.242662	0.958348	0.113753	0.990392	0.144076	35.554778	35.598316	35.511316	134.092188	0.068430	0.067605	0.069253	0.151856
20150814121039.910200	3204.750000	12820.000000	3.194779	0.962740	334.510920	34.069642	0.957154	0.113707	0.989358	0.144022	35.550234	35.596627	35.503923	134.106155	0.068404	0.067167	0.069637	0.151892
20150814121104.921900	3229.750000	12920.000000	3.197932	0.963908	334.872074	34.544945	0.958584	0.114339	0.990717	0.144552	35.543385	35.590696	35.496164	134.077270	0.068003	0.066801	0.069202	0.150327
20150814121129.929700	3254.750000	13020.000000	3.194767	0.961977	334.791324	34.275110	0.957742	0.114013	0.989531	0.144000	35.546413	35.591068	35.501831	134.095216	0.067827	0.066914	0.068738	0.150929
20150814121154.910200	3279.750000	13120.000000	3.196251	0.963700	334.373624	34.311574	0.957253	0.114292	0.989074	0.143869	35.532152	35.581442	35.482961	134.071485	0.068231	0.066792	0.069666	0.147672
20150814121219.921900	3304.750000	13220.000000	3.201968	0.964147	335.245172	34.280289	0.959915	0.114944	0.991733	0.144567	35.531712	35.580718	35.482807	134.067282	0.068378	0.067198	0.069556	0.149741
20150814121244.921900	3329.750000	13320.000000	3.202152	0.964528	335.413647	34.228816	0.960177	0.114859	0.992049	0.144280	35.525801	35.580507	35.471233	134.069198	0.068360	0.066801	0.069915	0.149812
20150814121309.910200	3354.750000	13420.000000	3.199768	0.962794	335.030720	34.134009	0.959811	0.114361	0.991771	0.143620	35.515993	35.577014	35.455153	134.060548	0.068324	0.066258	0.070384	0.149940
20150814121334.921900	3379.750000	13520.000000	3.197742	0.964671	334.802316	34.162546	0.959104	0.114686	0.991207	0.143834	35.510309	35.573157	35.447651	134.066118	0.068752	0.066787	0.070711	0.150469
20150814121359.929700	3404.750000	13620.000000	3.196669	0.966996	334.546221	34.448024	0.958548	0.115115	0.990577	0.144479	35.509269	35.568192	35.450513	134.042452	0.068657	0.066897	0.070411	0.150629
20150814121424.921900	3429.750000	13720.000000	3.198868	0.964499	334.995524	34.292338	0.959316	0.114572	0.991420	0.144017	35.505775	35.563058	35.448653	134.029878	0.068889	0.067360	0.070413	0.150387
20150814121449.921900	3454.750000	13820.000000	3.201652	0.964034	335.246969	34.146692	0.959905	0.114478	0.991841	0.143499	35.494194	35.557711	35.430875	133.983245	0.068841	0.066754	0.070920	0.149856
20150814121514.949200	3479.750000	13920.000000	3.199661	0.966728	334.732347	34.342331	0.959608	0.114666	0.991602	0.143986	35.490711	35.548366	35.433216	133.995163	0.068489	0.066889	0.070084	0.149904
20150814121539.929700	3504.750000	14020.000000	3.201681	0.968462	334.904205	34.335989	0.960223	0.115067	0.992364	0.144854	35.490042	35.547318	35.432922	133.990533	0.068871	0.067192	0.070546	0.149849
20150814121604.921900	3529.750000	14120.000000	3.205270	0.968885	335.252359	34.416633	0.960934	0.115695	0.992806	0.145221	35.490684	35.543653	35.437846	133.954444	0.068841	0.067502	0.070178	0.150046
20150814121629.921900	3554.750000	14220.000000	3.204733	0.969464	334.961702	34.432593	0.960224	0.115350	0.992361	0.145062	35.485670	35.541276	35.430213	133.975381	0.068637	0.067451	0.069821	0.150363
20150814121654.949200	3579.750000	14320.000000	3.206331	0.966650	335.106079	33.922094	0.960867	0.114322	0.993034	0.143978	35.481550	35.537700	35.425549	133.957195	0.067666	0.066267	0.069061	0.148726
20150814121719.941400	3604.750000	14420.000000	3.204429	0.968844	335.004825	34.062243	0.960229	0.114652	0.992307	0.144136	35.478578	35.540203	35.417136	133.968375	0.069091	0.067293	0.070884	0.150069
20150814121744.929700	3629.750000	14520.000000	3.202993	0.968128	334.578986	33.982656	0.959642	0.114751	0.991596	0.143999	35.468447	35.531165	35.405919	133.929470	0.068838	0.067062	0.070609	0.149706
20150814121809.929700	3654.750000	14620.000000	3.204799	0.970328	334.565246	34.268557	0.960326	0.115541	0.992049	0.145015	35.473074	35.526192	35.420089	133.919649	0.068977	0.067720	0.070230	0.150359
20150814121834.960900	3679.750000	14720.000000	3.206909	0.972825	334.764373	34.599800	0.960359	0.116098	0.992398	0.145463	35.460376	35.519274	35.401648	133.893172	0.068653	0.067089	0.070211	0.150467
20150814121859.921900	3704.750000	14820.000000	3.205776	0.970405	334.705818	34.280923	0.960827	0.115389	0.992665	0.144737	35.461561	35.516657	35.406612	133.891071	0.068125	0.067153	0.069095	0.148524
20150814121924.929700	3729.750000	14920.000000	3.207392	0.969696	334.765958	34.152717	0.961068	0.114785	0.993099	0.143897	35.457008	35.517282	35.396912	133.896909	0.068476	0.066970	0.069977	0.149356
20150814121949.941400	3754.750000	15020.000000	3.205955	0.971699	334.836561	34.170790	0.960783	0.115220	0.992547	0.144463	35.452465	35.510470	35.394623	133.874057	0.068265	0.067304	0.069224	0.149784
20150814122014.949200	3779.750000	15120.000000	3.210139	0.970829	335.032940	34.232092	0.961778	0.115016	0.993587	0.144100	35.443056	35.505977	35.380324	133.834938	0.068530	0.067338	0.069719	0.149939
20150814122039.929700	3804.750000	15220.000000	3.208709	0.969708	335.100795	34.112870	0.961863	0.115322	0.993524	0.144192	35.443144	35.502294	35.384160	133.855466	0.067995	0.066885	0.069102	0.148754
20150814122104.941400	3829.750000	15320.000000	3.213006	0.968635	335.386061	34.094268	0.962542	0.114650	0.994467	0.143508	35.432089	35.499626	35.364779	133.833475	0.068518	0.066855	0.070174	0.149261
20150814122129.949200	3854.750000	15420.000000	3.211027	0.973123	335.204480	34.293078	0.962212	0.115366	0.994473	0.144474	35.430166	35.494628	35.365913	133.842085	0.068822	0.067192	0.070447	0.149245
20150814122154.929700	3879.750000	15520.000000	3.208846	0.972819	334.574230	34.142676	0.960733	0.115358	0.993069	0.144127	35.422054	35.494721	35.349656	133.834400	0.068743	0.066685	0.070793	0.148175
20150814122219.941400	3904.750000	15620.000000	3.210813	0.973177	334.858862	34.502879	0.961914	0.115841	0.994123	0.144558	35.408016	35.482071	35.334231	133.769327	0.069821	0.067618	0.072014	0.149914
20150814122244.949200	3929.750000	15720.000000	3.213018	0.971556	334.458919	34.182839	0.961918	0.115196	0.993921	0.144166	35.419150	35.481111	35.357378	133.736887	0.069447	0.068218	0.070671	0.150679
20150814122309.949200	3954.750000	15820.000000	3.208560	0.971949	334.790267	34.020706	0.961813	0.115556	0.993752	0.144063	35.410360	35.480401	35.340567	133.786636	0.069375	0.067537	0.071204	0.150109
20150814122334.941400	3979.750000	15920.000000	3.213090	0.973696	334.999963	34.240231	0.962556	0.115610	0.994539	0.144269	35.403252	35.474082	35.332678	133.774366	0.069268	0.067569	0.070960	0.148892
20150814122359.949200	4004.750000	16020.000000	3.213841	0.974637	335.033257	34.381754	0.962834	0.116127	0.994869	0.144731	35.395096	35.469306	35.321171	133.748950	0.070093	0.068104	0.072075	0.149839
20150814122424.949200	4029.750000	16120.000000	3.215909	0.975686	335.276246	34.283565	0.963158	0.116075	0.995363	0.144885	35.396705	35.466304	35.327356	133.724049	0.069419	0.067767	0.071065	0.149536
20150814122449.941400	4054.750000	16220.000000	3.211874	0.973767	335.015711	34.341802	0.963043	0.116089	0.994997	0.144897	35.396590	35.465957	35.327472	133.744861	0.069518	0.067854	0.071175	0.149800
20150814122514.949200	4079.750000	16320.000000	3.214341	0.972557	334.941937	33.922833	0.963198	0.115353	0.995121	0.144196	35.395854	35.461067	35.330858	133.690499	0.069483	0.068018	0.070942	0.149062
20150814122539.949200	4104.750000	16420.000000	3.215021	0.976461	334.866155	34.376153	0.963484	0.116910	0.995345	0.145708	35.396350	35.458196	35.334699	133.676965	0.068784	0.067603	0.069961	0.149057
20150814122604.960900	4129.750000	16520.000000	3.212804	0.975901	334.613548	34.150180	0.962775	0.115973	0.994896	0.145195	35.398676	35.457517	35.340010	133.701042	0.068792	0.067830	0.069750	0.150342
20150814122629.941400	4154.750000	16620.000000	3.216064	0.975847	334.836984	34.231670	0.963480	0.116029	0.995739	0.145282	35.390578	35.451014	35.330327	133.671712	0.069275	0.068043	0.070503	0.148931
20150814122654.980500	4179.750000	16720.000000	3.217191	0.977141	334.745770	34.390633	0.963359	0.116045	0.995480	0.145370	35.386459	35.444793	35.328300	133.654916	0.068620	0.067778	0.069460	0.149602
20150814122719.960900	4204.750000	16820.000000	3.215939	0.978684	334.534806	34.483220	0.962270	0.116286	0.994425	0.145588	35.381196	35.439791	35.322771	133.649534	0.069150	0.068242	0.070054	0.148702
20150814122744.968700	4229.750000	16920.000000	3.221011	0.976419	334.894375	34.162546	0.963506	0.115633	0.995458	0.144874	35.380498	35.436267	35.324888	133.622324	0.069062	0.068302	0.069819	0.149893
20150814122809.949200	4254.750000	17020.000000	3.215754	0.977612	334.811829	34.337469	0.962857	0.116016	0.994594	0.144861	35.370416	35.429635	35.311367	133.623282	0.068918	0.068136	0.069697	0.149458
20150814122834.980500	4279.750000	17120.000000	3.221268	0.977391	335.219488	34.422975	0.964349	0.116104	0.995793	0.145234	35.378006	35.423346	35.332762	133.596552	0.068281	0.068339	0.068223	0.149071
20150814122859.960900	4304.750000	17220.000000	3.222263	0.978702	334.890993	34.264012	0.964216	0.116055	0.995306	0.144995	35.373556	35.420745	35.326475	133.589499	0.068456	0.068434	0.068477	0.149836
20150814122924.949200	4329.750000	17320.000000	3.220975	0.979817	335.011907	34.293395	0.964446	0.116179	0.995606	0.145015	35.366711	35.414388	35.319142	133.576134	0.068263	0.068124	0.068401	0.148154
20150814122949.960900	4354.750000	17420.000000	3.221285	0.978613	334.885497	34.518944	0.964474	0.116652	0.995706	0.145225	35.358911	35.412697	35.305268	133.541621	0.069310	0.069084	0.069535	0.150523
20150814123014.960900	4379.750000	17520.000000	3.221107	0.977689	335.080924	33.976631	0.965081	0.116236	0.996173	0.144795	35.357319	35.412524	35.302270	133.562376	0.069278	0.068938	0.069617	0.149602
20150814123039.968700	4404.750000	17620.000000	3.220999	0.981641	334.707509	34.182734	0.964784	0.117092	0.995166	0.145077	35.360297	35.405315	35.315375	133.534085	0.069281	0.069073	0.069489	0.149712
20150814123104.960900	4429.750000	17720.000000	3.217650	0.979441	334.485976	34.321192	0.963304	0.116786	0.993618	0.144943	35.361730	35.405264	35.318284	133.544872	0.068658	0.068575	0.068740	0.148666
20150814123129.988300	4454.750000	17820.000000	3.223366	0.977415	335.261132	34.227970	0.965806	0.116864	0.996128	0.144860	35.351306	35.399399	35.303325	133.505094	0.068597	0.068202	0.068992	0.148863
20150814123154.968700	4479.750000	17920.000000	3.221786	0.980926	334.545270	34.073235	0.964803	0.117102	0.995430	0.145160	35.347232	35.398242	35.296349	133.506514	0.069808	0.069400	0.070215	0.149978
20150814123219.960900	4504.750000	18020.000000	3.224736	0.981218	334.839309	34.396023	0.965901	0.117681	0.996507	0.145722	35.337264	35.390675	35.283987	133.520150	0.069754	0.068952	0.070553	0.148591
20150814123244.968700	4529.750000	18120.000000	3.223968	0.979316	334.786040	34.255768	0.965437	0.116643	0.996120	0.144929	35.328440	35.382456	35.274566	133.426752	0.069791	0.069162	0.070418	0.151615
20150814123309.980500	4554.750000	18220.000000	3.226459	0.984037	334.899977	34.384714	0.965868	0.117900	0.996919	0.146406	35.330286	35.384983	35.275740	133.459886	0.069560	0.068827	0.070291	0.148455
20150814123334.988300	4579.750000	18320.000000	3.222728	0.980741	334.676858	34.190978	0.965329	0.116792	0.995679	0.144942	35.327351	35.374265	35.280544	133.442712	0.068911	0.068905	0.068918	0.148869
20150814123359.968700	4604.750000	18420.000000	3.222191	0.983214	334.661744	34.288850	0.965409	0.117586	0.995899	0.145950	35.334515	35.375891	35.293219	133.448545	0.068524	0.068982	0.068067	0.149922
20150814123424.980500	4629.750000	18520.000000	3.227770	0.981468	335.359109	34.127350	0.967252	0.117150	0.997473	0.145407	35.327415	35.366919	35.287983	133.390731	0.068705	0.069189	0.068223	0.148740
20150814123449.980500	4654.750000	18620.000000	3.225058	0.981867	334.752006	33.913004	0.966000	0.117217	0.996247	0.145598	35.329769	35.369380	35.290231	133.451650	0.068500	0.069234	0.067767	0.150206
20150814123514.968700	4679.750000	18720.000000	3.228396	0.982291	335.177422	34.044487	0.967701	0.117249	0.998243	0.145660	35.321191	35.365077	35.277396	133.422424	0.068872	0.069634	0.068113	0.150257
20150814123539.968700	4704.750000	18820.000000	3.225178	0.983030	334.709623	34.303435	0.966490	0.118373	0.997688	0.147139	35.312385	35.361381	35.263507	133.409155	0.069613	0.069794	0.069431	0.150062
20150814123604.980500	4729.750000	18920.000000	3.228986	0.986612	334.880001	34.424243	0.967595	0.118665	0.999189	0.147458	35.300667	35.353671	35.247804	133.396968	0.069338	0.068977	0.069698	0.148986
20150814123629.988300	4754.750000	19020.000000	3.230101	0.982779	335.191585	34.142042	0.967675	0.117338	0.999123	0.146257	35.297596	35.346521	35.248787	133.378246	0.069516	0.069562	0.069470	0.149050
20150814123654.980500	4779.750000	19120.000000	3.229457	0.985086	334.685737	34.324680	0.966466	0.117795	0.998061	0.146989	35.295891	35.340690	35.251185	133.312158	0.069506	0.069702	0.069311	0.148907
20150814123719.980500	4804.750000	19220.000000	3.227168	0.986201	334.428479	34.264435	0.966178	0.117928	0.997752	0.147148	35.294004	35.336665	35.251431	133.314040	0.070087	0.070207	0.069967	0.149668
20150814123744.988300	4829.750000	19320.000000	3.231859	0.986147	335.106714	34.257670	0.967773	0.117431	0.999660	0.146476	35.275759	35.334859	35.216836	133.326599	0.070879	0.070096	0.071660	0.151033
20150814123809.968700	4854.750000	19420.000000	3.231877	0.985736	335.266628	33.917232	0.967851	0.117113	0.999644	0.146553	35.279903	35.328738	35.231183	133.282822	0.070010	0.069666	0.070354	0.149049
20150814123834.980500	4879.750000	19520.000000	3.231973	0.985551	335.214098	34.056113	0.968081	0.117591	0.999656	0.146983	35.288730	35.328967	35.248566	133.307612	0.069745	0.069906	0.069584	0.149286
20150814123859.988300	4904.750000	19620.000000	3.237993	0.985789	335.395468	34.308614	0.969299	0.118110	1.000684	0.147286	35.273647	35.320320	35.227076	133.262664	0.070127	0.069906	0.070348	0.148796
20150814123925.000000	4929.750000	19720.000000	3.232706	0.984699	334.751795	34.357550	0.967820	0.117908	0.999421	0.147281	35.264777	35.313990	35.215683	133.230552	0.070816	0.070624	0.071008	0.149565
20150814123949.988300	4954.750000	19820.000000	3.234702	0.986195	335.012858	34.209474	0.968516	0.117303	1.000352	0.146896	35.266611	35.312125	35.221197	133.234049	0.070261	0.070095	0.070426	0.149600
20150814124014.980500	4979.750000	19920.000000	3.227770	0.986671	334.246158	34.158107	0.966105	0.117817	0.997813	0.147354	35.268347	35.309825	35.226947	133.265606	0.070594	0.070552	0.070635	0.149787
20150814124040.000000	5004.750000	20020.000000	3.235591	0.989056	334.909807	34.271199	0.968359	0.118469	1.000149	0.147770	35.250915	35.302978	35.198985	133.203536	0.071404	0.070733	0.072073	0.149543
20150814124104.980500	5029.750000	20120.000000	3.235030	0.988460	334.558482	34.422869	0.968679	0.118382	1.000471	0.147694	35.238095	35.292969	35.183365	133.176596	0.071487	0.070556	0.072416	0.150236
20150814124130.011700	5054.750000	20220.000000	3.238916	0.986147	334.866895	34.122911	0.969185	0.117308	1.000990	0.146911	35.240085	35.289369	35.190918	133.174727	0.071447	0.070822	0.072070	0.149672
20150814124155.000000	5079.750000	20320.000000	3.239220	0.986862	335.178479	34.320663	0.969657	0.118075	1.001447	0.147570	35.239092	35.286936	35.191354	133.127695	0.071280	0.070803	0.071755	0.149241
20150814124220.000000	5104.750000	20420.000000	3.239822	0.988078	334.952930	34.218881	0.969388	0.117903	1.001127	0.147492	35.236616	35.280612	35.192706	133.137938	0.071042	0.070939	0.071145	0.151205
20150814124244.988300	5129.750000	20520.000000	3.236902	0.989485	334.885497	34.262109	0.969050	0.118552	1.000517	0.148082	35.242732	35.279775	35.205747	133.148892	0.070625	0.070875	0.070375	0.149889
20150814124309.988300	5154.750000	20620.000000	3.237134	0.987273	334.913506	34.175018	0.969846	0.118211	1.001309	0.147659	35.228613	35.274799	35.182523	133.131752	0.070639	0.070338	0.070939	0.150135
20150814124335.000000	5179.750000	20720.000000	3.237462	0.989050	334.817959	34.084122	0.969658	0.118267	1.001221	0.148008	35.228348	35.268427	35.188341	133.096050	0.071069	0.071308	0.070831	0.149636
20150814124400.011700	5204.750000	20820.000000	3.244072	0.987875	335.151739	34.014787	0.971925	0.118033	1.003297	0.147600	35.225959	35.265135	35.186849	133.071841	0.071090	0.071249	0.070932	0.150433
20150814124424.988300	5229.750000	20920.000000	3.240371	0.987774	335.050485	34.176286	0.970530	0.118385	1.001754	0.147651	35.221732	35.260864	35.182669	133.101881	0.071314	0.071350	0.071278	0.149405
20150814124450.000000	5254.750000	21020.000000	3.241193	0.989974	334.916254	34.322355	0.970814	0.119135	1.001656	0.148089	35.215265	35.255062	35.175538	133.065032	0.070588	0.070789	0.070387	0.148572
20150814124514.988300	5279.750000	21120.000000	3.237855	0.990313	334.414316	34.272996	0.970445	0.119243	1.001182	0.148140	35.211794	35.253275	35.170393	133.075654	0.071070	0.071366	0.070775	0.151133
20150814124540.000000	5304.750000	21220.000000	3.240216	0.990862	334.664175	34.541774	0.971098	0.119771	1.001762	0.148870	35.210622	35.245812	35.175479	133.016189	0.070794	0.071520	0.070070	0.148942
20150814124605.000000	5329.750000	21320.000000	3.243041	0.991881	335.234180	34.378478	0.972035	0.119979	1.002847	0.149213	35.213385	35.246222	35.180586	133.013794	0.070720	0.071700	0.069743	0.149143
20150814124630.011700	5354.750000	21420.000000	3.245777	0.990456	335.102274	34.315802	0.972384	0.119346	1.003314	0.148759	35.208285	35.242527	35.174087	133.012100	0.070645	0.071623	0.069668	0.150162
20150814124655.011700	5379.750000	21520.000000	3.241837	0.989574	334.847025	34.194466	0.971050	0.119187	1.001946	0.148283	35.201895	35.239453	35.164391	133.000684	0.070827	0.071583	0.070073	0.149256
20150814124720.019500	5404.750000	21620.000000	3.240651	0.992382	334.830008	34.384080	0.971163	0.119356	1.001857	0.148349	35.192563	35.229433	35.155744	132.994831	0.071469	0.072391	0.070549	0.151222
20150814124745.011700	5429.750000	21720.000000	3.243089	0.991452	334.814365	34.153456	0.971413	0.119178	1.001975	0.148031	35.187838	35.225554	35.150176	132.929397	0.071188	0.072070	0.070307	0.149563
20150814124810.011700	5454.750000	21820.000000	3.244114	0.990993	334.856960	33.853076	0.971786	0.118884	1.002372	0.148166	35.192997	35.223275	35.162748	132.966051	0.071074	0.072224	0.069927	0.149812
20150814124835.000000	5479.750000	21920.000000	3.244257	0.994128	334.942783	34.666070	0.972172	0.120637	1.002880	0.149805	35.181463	35.217464	35.145504	132.940715	0.071098	0.071902	0.070296	0.148615
20150814124900.011700	5504.750000	22020.000000	3.246367	0.990093	335.196553	34.066259	0.972612	0.118949	1.003633	0.148089	35.169440	35.209713	35.129226	132.902094	0.071963	0.072635	0.071293	0.149010
20150814124925.019500	5529.750000	22120.000000	3.241223	0.995237	334.825569	34.638589	0.971695	0.120804	1.002509	0.149783	35.167571	35.209224	35.125988	132.934121	0.072206	0.071963	0.072449	0.148685
20150814124950.019500	5554.750000	22220.000000	3.244853	0.991648	334.694403	34.160538	0.972298	0.119461	1.003113	0.148365	35.159362	35.200813	35.117982	132.888164	0.072737	0.072756	0.072718	0.150052
20150814125015.011700	5579.750000	22320.000000	3.251469	0.991803	335.191374	33.918817	0.974379	0.119228	1.005314	0.148241	35.156649	35.195479	35.117880	132.839611	0.072795	0.073263	0.072327	0.150161
20150814125040.011700	5604.750000	22420.000000	3.244519	0.992978	334.645573	34.327639	0.972437	0.120044	1.003119	0.149238	35.156590	35.188629	35.124586	132.860784	0.072830	0.073110	0.072551	0.151239
20150814125105.031200	5629.750000	22520.000000	3.249389	0.993276	335.054395	34.273841	0.974056	0.120325	1.004787	0.149393	35.153675	35.186716	35.120672	132.819549	0.073349	0.073818	0.072881	0.149888
20150814125130.031200	5654.750000	22620.000000	3.249723	0.989717	335.039175	34.002632	0.973765	0.119216	1.004475	0.148341	35.151901	35.184148	35.119682	132.814417	0.071902	0.072809	0.070997	0.149235
20150814125155.019500	5679.750000	22720.000000	3.246105	0.994319	334.563555	34.133480	0.972445	0.120140	1.003018	0.148944	35.135342	35.174996	35.095749	132.794944	0.073654	0.073421	0.073887	0.149460
20150814125220.031200	5704.750000	22820.000000	3.248638	0.993687	334.795129	34.234946	0.973328	0.119975	1.003954	0.148586	35.129757	35.173106	35.086488	132.810144	0.073836	0.073724	0.073947	0.150486
20150814125245.031200	5729.750000	22920.000000	3.251410	0.995404	335.045411	34.335355	0.974666	0.120467	1.005213	0.149261	35.130618	35.167608	35.093679	132.795660	0.073728	0.073596	0.073860	0.151272
20150814125310.011700	5754.750000	23020.000000	3.252387	0.993687	335.138633	34.044698	0.975406	0.120167	1.006151	0.148573	35.116436	35.162062	35.070909	132.766178	0.073707	0.073595	0.073817	0.149039
20150814125335.050800	5779.750000	23120.000000	3.250009	0.996816	334.914034	34.560905	0.974303	0.120913	1.004921	0.149424	35.110510	35.157494	35.063624	132.752104	0.074211	0.073804	0.074617	0.149236
20150814125400.031200	5804.750000	23220.000000	3.253979	0.993913	335.092128	34.184953	0.975428	0.120217	1.005894	0.148652	35.109593	35.151334	35.067930	132.725145	0.073613	0.073368	0.073857	0.149779
20150814125425.019500	5829.750000	23320.000000	3.254753	0.994760	334.966247	34.296988	0.975362	0.120459	1.005745	0.149048	35.113376	35.149817	35.076988	132.729799	0.073833	0.074195	0.073472	0.150408
20150814125450.019500	5854.750000	23420.000000	3.251916	0.995874	334.719981	34.312736	0.974679	0.120259	1.004749	0.148691	35.108018	35.142123	35.073958	132.707556	0.073527	0.074075	0.072981	0.150773
20150814125515.031200	5879.750000	23520.000000	3.258133	0.996321	335.094876	34.479521	0.976552	0.120729	1.006882	0.149640	35.110998	35.136781	35.085229	132.647186	0.073613	0.074584	0.072643	0.150704
20150814125540.058600	5904.750000	23620.000000	3.256106	0.995982	335.362280	34.261687	0.976559	0.120518	1.007137	0.149489	35.104521	35.131405	35.077654	132.647913	0.073942	0.074990	0.072896	0.149930
20150814125605.039100	5929.750000	23720.000000	3.254646	0.994927	334.625914	34.089829	0.975813	0.120450	1.006396	0.149757	35.106095	35.128642	35.083546	132.673304	0.072668	0.074302	0.071037	0.149670
20150814125630.050800	5954.750000	23820.000000	3.254497	0.994623	334.845439	33.834474	0.975502	0.119982	1.006215	0.149509	35.097100	35.118060	35.076135	132.622204	0.073270	0.075057	0.071486	0.150060
20150814125655.039100	5979.750000	23920.000000	3.255045	0.997514	334.929783	34.060235	0.976537	0.120952	1.007049	0.149926	35.090801	35.117229	35.064382	132.650639	0.073957	0.075251	0.072665	0.149870
20150814125720.031200	6004.750000	24020.000000	3.258878	0.997084	334.883595	34.374884	0.977308	0.121498	1.007917	0.150610	35.085283	35.111681	35.058893	132.617337	0.073671	0.075435	0.071910	0.151112
20150814125745.031200	6029.750000	24120.000000	3.256530	0.995410	334.989605	34.026624	0.976448	0.120676	1.007116	0.150059	35.090764	35.110218	35.071299	132.606014	0.073620	0.075347	0.071896	0.150979
20150814125810.031200	6054.750000	24220.000000	3.258622	0.996178	335.095299	33.723179	0.977975	0.120790	1.008251	0.150022	35.083612	35.100584	35.066624	132.558247	0.073633	0.075615	0.071653	0.150698
20150814125835.039100	6079.750000	24320.000000	3.256452	0.998932	335.059680	34.478781	0.977002	0.121895	1.007115	0.151151	35.079017	35.092462	35.065542	132.538848	0.073482	0.075836	0.071129	0.151538
20150814125900.031200	6104.750000	24420.000000	3.258848	0.998724	334.788999	34.200490	0.978477	0.121647	1.008222	0.150628	35.086815	35.094933	35.078655	132.568616	0.072779	0.075595	0.069966	0.150422
20150814125925.039100	6129.750000	24520.000000	3.254437	0.997639	334.755071	34.154831	0.976605	0.121380	1.006391	0.150436	35.071847	35.082965	35.060699	132.522688	0.073780	0.076279	0.071283	0.151702
20150814125950.039100	6154.750000	24620.000000	3.257000	0.999415	334.565246	34.414625	0.977537	0.122219	1.007236	0.151303	35.076307	35.082492	35.070081	132.528062	0.073120	0.076168	0.070074	0.151054
20150814130015.050800	6179.750000	24720.000000	3.263062	0.998616	335.207439	34.134432	0.980187	0.121773	1.010098	0.151070	35.066506	35.076710	35.056271	132.498077	0.073940	0.076461	0.071420	0.151874
20150814130040.058600	6204.750000	24820.000000	3.261894	1.000178	334.903888	34.236637	0.979527	0.122345	1.009320	0.151479	35.060567	35.071695	35.049410	132.494114	0.074420	0.076841	0.072002	0.151261
20150814130105.039100	6229.750000	24920.000000	3.261596	0.997800	334.945954	33.780993	0.979938	0.121902	1.009741	0.150789	35.056715	35.067280	35.046122	132.499239	0.073940	0.076548	0.071336	0.151710
20150814130130.050800	6254.750000	25020.000000	3.262413	1.000428	334.888140	34.300159	0.978638	0.122329	1.008605	0.151527	35.046098	35.057918	35.034249	132.425067	0.074727	0.077039	0.072416	0.150752
20150814130155.031200	6279.750000	25120.000000	3.261232	0.998610	334.751901	34.221206	0.978971	0.122229	1.008694	0.151222	35.044847	35.054547	35.035117	132.452773	0.074839	0.077207	0.072474	0.151405
20150814130220.050800	6304.750000	25220.000000	3.262073	0.999051	334.699688	34.073235	0.979326	0.121920	1.009014	0.150874	35.039052	35.047893	35.030179	132.419024	0.074963	0.077208	0.072721	0.149753
20150814130245.050800	6329.750000	25320.000000	3.259838	0.998604	334.592621	34.158213	0.978441	0.122329	1.007894	0.151043	35.033006	35.039177	35.026797	132.392025	0.075534	0.078003	0.073067	0.151477
20150814130310.050800	6354.750000	25420.000000	3.262681	0.999212	334.952295	33.930232	0.979117	0.121628	1.008945	0.150951	35.033344	35.036924	35.029721	132.376300	0.075138	0.077682	0.072597	0.151071
20150814130335.070300	6379.750000	25520.000000	3.262526	1.002878	334.931368	34.469586	0.979814	0.123336	1.009419	0.152550	35.026845	35.032572	35.021078	132.333243	0.075583	0.078013	0.073154	0.151322
20150814130400.050800	6404.750000	25620.000000	3.265750	1.000249	334.922173	34.103781	0.980765	0.121961	1.010350	0.151294	35.020369	35.023060	35.017634	132.353181	0.075773	0.078440	0.073108	0.151638
20150814130425.058600	6429.750000	25720.000000	3.269416	1.002091	334.938344	34.091203	0.982021	0.122360	1.011722	0.151526	35.008652	35.018642	34.998632	132.319550	0.076026	0.078296	0.073758	0.152346
20150814130450.050800	6454.750000	25820.000000	3.267580	1.001501	334.956100	34.280711	0.981678	0.122912	1.011575	0.152126	34.997989	35.009457	34.986480	132.256818	0.076832	0.078720	0.074945	0.151773
20150814130515.050800	6479.750000	25920.000000	3.266066	1.002455	334.768495	34.393381	0.981019	0.123005	1.010813	0.152210	34.990986	35.000228	34.981691	132.273780	0.076961	0.079205	0.074719	0.153582
20150814130540.078100	6504.750000	26020.000000	3.271341	1.002377	335.215578	34.166245	0.982700	0.122489	1.012528	0.151663	34.983449	34.996612	34.970243	132.247937	0.076855	0.078935	0.074777	0.151010
20150814130605.058600	6529.750000	26120.000000	3.270453	1.003492	334.990451	34.383234	0.982452	0.122849	1.012118	0.151856	34.976570	34.989021	34.964070	132.220232	0.077812	0.079764	0.075861	0.152631
20150814130630.050800	6554.750000	26220.000000	3.268200	1.003212	334.811723	34.318655	0.982164	0.123088	1.011505	0.151978	34.974749	34.987455	34.961994	132.218044	0.077052	0.079197	0.074908	0.151313
20150814130655.078100	6579.750000	26320.000000	3.263098	1.002198	334.078316	33.594444	0.979315	0.122395	1.008609	0.151289	34.964835	34.977050	34.952572	132.218249	0.077927	0.079943	0.075912	0.152793
20150814130720.070300	6604.750000	26420.000000	3.269935	1.004267	334.809504	34.281874	0.982540	0.123348	1.011747	0.152217	34.964514	34.973903	34.955076	132.172227	0.077230	0.079531	0.074930	0.152159
20150814130745.058600	6629.750000	26520.000000	3.265882	1.002538	334.482488	34.304809	0.980514	0.123544	1.009638	0.152259	34.957872	34.962921	34.952780	132.142549	0.077315	0.080027	0.074604	0.151900
20150814130810.078100	6654.750000	26620.000000	3.272408	1.006341	334.994256	34.399616	0.984044	0.124777	1.012563	0.153371	34.961607	34.960398	34.962762	132.141768	0.076753	0.080139	0.073367	0.153088
20150814130835.070300	6679.750000	26720.000000	3.272003	1.006097	334.844911	34.263589	0.983950	0.124466	1.012239	0.153019	34.968004	34.956545	34.979402	132.127748	0.076734	0.080838	0.072628	0.152783
20150814130900.070300	6704.750000	26820.000000	3.270954	1.003265	334.946905	34.015527	0.983897	0.124105	1.011857	0.152706	34.968132	34.950273	34.985943	132.075151	0.076934	0.080978	0.072888	0.152131
20150814130925.058600	6729.750000	26920.000000	3.265870	1.004618	334.075463	33.936891	0.981300	0.124118	1.009036	0.152864	34.960656	34.937844	34.983422	132.059904	0.077436	0.082114	0.072753	0.153648
20150814130950.058600	6754.750000	27020.000000	3.274387	1.005811	334.652232	34.246889	0.984963	0.124462	1.012631	0.153091	34.959280	34.936359	34.982158	132.047741	0.076704	0.081279	0.072123	0.152618
20150814131015.070300	6779.750000	27120.000000	3.271914	1.004374	334.639443	33.987835	0.984733	0.124284	1.012178	0.152594	34.958920	34.933057	34.984732	132.056428	0.077142	0.082149	0.072130	0.153390
20150814131040.050800	6804.750000	27220.000000	3.272605	1.003510	334.755283	34.281557	0.984093	0.125208	1.011498	0.153429	34.943392	34.922674	34.964059	131.983711	0.077389	0.082043	0.072731	0.152835
20150814131105.070300	6829.750000	27320.000000	3.272045	1.007193	334.534067	34.452569	0.984331	0.125664	1.011542	0.153679	34.938728	34.918455	34.958949	131.977656	0.078011	0.082704	0.073314	0.152853
20150814131130.089800	6854.750000	27420.000000	3.276670	1.005286	335.023110	34.210954	0.986245	0.125265	1.013297	0.152969	34.927507	34.914063	34.940889	131.977982	0.078088	0.082646	0.073527	0.153749
20150814131155.070300	6879.750000	27520.000000	3.278470	1.006854	335.116332	34.385982	0.987235	0.126115	1.014120	0.153347	34.914637	34.907699	34.921512	131.941557	0.078641	0.082952	0.074328	0.153623
20150814131220.078100	6904.750000	27620.000000	3.275216	1.005745	334.776633	34.169099	0.985252	0.125355	1.012095	0.152630	34.903419	34.895866	34.910903	131.883863	0.079455	0.083945	0.074963	0.154297
20150814131245.078100	6929.750000	27720.000000	3.278750	1.006240	335.029135	34.290224	0.987749	0.126193	1.014518	0.153583	34.910440	34.894311	34.926515	131.889899	0.079541	0.084368	0.074711	0.155913
20150814131310.078100	6954.750000	27820.000000	3.279120	1.008302	334.604247	34.401413	0.987096	0.126680	1.013762	0.153828	34.891714	34.883441	34.899930	131.870876	0.079265	0.083535	0.074993	0.153911
20150814131335.078100	6979.750000	27920.000000	3.277195	1.006866	334.575921	34.196896	0.986944	0.125968	1.013535	0.153091	34.885954	34.874992	34.896852	131.837016	0.079944	0.084585	0.075300	0.155024
20150814131400.089800	7004.750000	28020.000000	3.276879	1.009858	334.642508	34.303541	0.987291	0.126971	1.013816	0.153853	34.877966	34.868135	34.887738	131.822449	0.080254	0.084639	0.075868	0.154434
20150814131425.078100	7029.750000	28120.000000	3.278810	1.007539	334.690704	34.217718	0.987283	0.126771	1.013768	0.153700	34.874293	34.859069	34.889458	131.769786	0.080153	0.084900	0.075402	0.155311
20150814131450.078100	7054.750000	28220.000000	3.282666	1.008487	334.762576	34.180514	0.988790	0.126486	1.015273	0.153540	34.870489	34.853655	34.887268	131.766904	0.080796	0.085583	0.076005	0.155806
20150814131515.070300	7079.750000	28320.000000	3.281856	1.008362	334.820496	34.191929	0.988497	0.126706	1.014848	0.154021	34.868207	34.842715	34.893644	131.722430	0.080586	0.085954	0.075212	0.155308
20150814131540.078100	7104.750000	28420.000000	3.284067	1.009732	334.898180	34.363047	0.989502	0.127295	1.015422	0.154140	34.852100	34.829671	34.874466	131.686509	0.080516	0.085894	0.075132	0.156004
20150814131605.089800	7129.750000	28520.000000	3.282231	1.009750	334.799251	34.339794	0.989061	0.127155	1.014948	0.153854	34.844999	34.825898	34.864043	131.664964	0.081382	0.086383	0.076376	0.156002
20150814131630.089800	7154.750000	28620.000000	3.286320	1.010352	334.957369	34.294557	0.990010	0.127342	1.016091	0.153924	34.828861	34.816267	34.841391	131.627889	0.081980	0.086324	0.077634	0.155302
20150814131655.078100	7179.750000	28720.000000	3.289139	1.010197	335.026387	34.427520	0.990658	0.127129	1.016608	0.153651	34.813122	34.800885	34.825292	131.564671	0.082755	0.087341	0.078166	0.156694
20150814131720.078100	7204.750000	28820.000000	3.288090	1.010960	334.574124	34.150920	0.990226	0.127211	1.015828	0.153398	34.807683	34.794677	34.820619	131.530178	0.083378	0.087972	0.078781	0.157231
20150814131745.101600	7229.750000	28920.000000	3.290945	1.010561	334.855903	34.279232	0.991608	0.127495	1.017160	0.153531	34.792162	34.779741	34.804515	131.455924	0.083655	0.088224	0.079083	0.156793
20150814131810.078100	7254.750000	29020.000000	3.290814	1.012129	334.599491	34.450455	0.991712	0.127957	1.016914	0.153851	34.785551	34.771154	34.799889	131.431148	0.083950	0.088799	0.079098	0.157024
20150814131835.078100	7279.750000	29120.000000	3.285778	1.011127	334.281988	34.143416	0.990325	0.128087	1.015383	0.153773	34.780359	34.762827	34.797833	131.395830	0.084290	0.089164	0.079413	0.158395
20150814131900.109400	7304.750000	29220.000000	3.292137	1.012492	334.887717	34.364421	0.993343	0.128828	1.018018	0.154277	34.772090	34.751432	34.792693	131.357576	0.083398	0.088786	0.078006	0.157293
20150814131925.101600	7329.750000	29320.000000	3.295910	1.013511	334.985589	34.448975	0.994185	0.129126	1.018701	0.154623	34.761821	34.741016	34.782578	131.307691	0.084634	0.089509	0.079754	0.158785
20150814131950.078100	7354.750000	29420.000000	3.289646	1.014900	334.126618	34.245198	0.992510	0.129178	1.016835	0.154550	34.756287	34.729289	34.783244	131.279132	0.084019	0.089360	0.078672	0.158062
20150814132015.101600	7379.750000	29520.000000	3.298307	1.015413	335.043615	34.263272	0.994924	0.129844	1.019053	0.155160	34.754160	34.724047	34.784243	131.240439	0.084326	0.089794	0.078850	0.158031
20150814132040.101600	7404.750000	29620.000000	3.298330	1.015067	335.019728	34.031169	0.995458	0.129479	1.019552	0.154758	34.740304	34.710890	34.769681	131.189888	0.084549	0.090115	0.078974	0.158889
20150814132105.078100	7429.750000	29720.000000	3.296971	1.016015	334.562709	34.398877	0.994935	0.129988	1.018839	0.155331	34.726786	34.696757	34.756789	131.135283	0.085965	0.091044	0.080877	0.159557
20150814132130.101600	7454.750000	29820.000000	3.302467	1.015532	335.422737	34.211271	0.996842	0.129975	1.020689	0.155403	34.722962	34.689483	34.756420	131.078712	0.084648	0.090109	0.079177	0.158735
20150814132155.121100	7479.750000	29920.000000	3.299868	1.016927	334.593255	34.265809	0.995198	0.130196	1.018820	0.155481	34.715446	34.680059	34.750823	131.060120	0.084825	0.090300	0.079339	0.158058
20150814132220.101600	7504.750000	30020.000000	3.298664	1.016951	334.138456	34.420755	0.994972	0.130383	1.018110	0.155222	34.703634	34.666410	34.740840	130.973983	0.086015	0.092083	0.079934	0.160604
20150814132245.121100	7529.750000	30120.000000	3.306222	1.015788	335.009158	34.137814	0.998141	0.130252	1.020909	0.155106	34.695050	34.653550	34.736549	130.898941	0.085401	0.091548	0.079239	0.158453
20150814132310.101600	7554.750000	30220.000000	3.305388	1.017767	335.043403	34.151977	0.998041	0.130865	1.020260	0.155591	34.689475	34.638083	34.740920	130.817702	0.086383	0.092646	0.080102	0.159488
20150814132335.121100	7579.750000	30320.000000	3.306776	1.019359	334.631516	34.374250	0.998202	0.131265	1.020044	0.156057	34.679067	34.619911	34.738319	130.756302	0.086959	0.093552	0.080343	0.160683
20150814132400.089800	7604.750000	30420.000000	3.309465	1.017189	334.903994	34.046072	0.999139	0.130988	1.020636	0.155873	34.672383	34.605254	34.739664	130.654997	0.086691	0.093521	0.079833	0.161535
20150814132425.101600	7629.750000	30520.000000	3.313273	1.017952	335.376443	33.988998	1.000247	0.130986	1.021659	0.155863	34.664258	34.591333	34.737370	130.552883	0.085642	0.092942	0.078313	0.160835
20150814132450.101600	7654.750000	30620.000000	3.310782	1.021981	334.187286	34.395917	0.998461	0.131998	1.019661	0.156837	34.653272	34.578975	34.727775	130.526880	0.086647	0.093797	0.079467	0.161766
20150814132515.121100	7679.750000	30720.000000	3.317440	1.021546	335.436266	34.066788	1.001492	0.131443	1.022599	0.156175	34.639305	34.562790	34.716041	130.411713	0.086251	0.093620	0.078852	0.161596
20150814132540.101600	7704.750000	30820.000000	3.315991	1.022530	334.704444	34.165611	1.000630	0.132109	1.021423	0.156816	34.632360	34.549923	34.715060	130.342716	0.086538	0.094423	0.078617	0.162110
20150814132605.101600	7729.750000	30920.000000	3.320611	1.022285	335.123202	34.064146	1.002230	0.131829	1.022632	0.156374	34.617277	34.531082	34.703779	130.241776	0.086477	0.094085	0.078833	0.161938
20150814132630.109400	7754.750000	31020.000000	3.322452	1.023322	334.644939	34.249426	1.001537	0.132562	1.021556	0.156791	34.597953	34.509120	34.687110	130.083659	0.087868	0.096029	0.079668	0.164806
20150814132655.101600	7779.750000	31120.000000	3.329867	1.025254	334.754332	34.064463	1.003579	0.132651	1.022920	0.156630	34.566482	34.472060	34.661280	129.842401	0.088688	0.097031	0.080301	0.166096
20150814132720.109400	7804.750000	31220.000000	3.336096	1.026636	335.067184	34.291175	1.005005	0.132924	1.024781	0.157149	34.540116	34.445767	34.634831	129.550321	0.088783	0.097334	0.080189	0.166186
20150814132745.109400	7829.750000	31320.000000	3.339636	1.029193	335.049322	34.504042	1.005156	0.133731	1.024531	0.157812	34.522982	34.424098	34.622261	129.359344	0.088797	0.098076	0.079467	0.166727
20150814132810.121100	7854.750000	31420.000000	3.343380	1.028079	334.699794	34.043430	1.005181	0.133091	1.024474	0.156893	34.504329	34.406973	34.602056	129.213388	0.088590	0.097989	0.079142	0.167569
20150814132835.121100	7879.750000	31520.000000	3.351015	1.030487	335.251831	34.125659	1.007817	0.133844	1.026054	0.157092	34.493758	34.389551	34.598409	129.064663	0.088600	0.098171	0.078974	0.166019
20150814132900.109400	7904.750000	31620.000000	3.355229	1.032573	334.775153	34.102195	1.008009	0.134305	1.025839	0.157123	34.471005	34.368838	34.573578	128.874515	0.089458	0.099342	0.079516	0.167726
20150814132925.121100	7929.750000	31720.000000	3.358215	1.033002	334.939295	34.264963	1.008848	0.134764	1.026155	0.157065	34.453486	34.351059	34.556299	128.679319	0.089686	0.100146	0.079167	0.169287
20150814132950.121100	7954.750000	31820.000000	3.357953	1.036519	334.080959	34.279654	1.007971	0.135928	1.024435	0.157225	34.442056	34.335243	34.549286	128.496518	0.090116	0.101161	0.079009	0.171255
20150814133015.109400	7979.750000	31920.000000	3.369016	1.036781	334.809821	34.247841	1.010993	0.136931	1.026395	0.157610	34.426727	34.316340	34.537544	128.309432	0.089659	0.101334	0.077913	0.169036
20150814133040.121100	8004.750000	32020.000000	3.371114	1.039976	334.863302	34.325525	1.011582	0.137394	1.025860	0.157346	34.411870	34.291551	34.532716	128.145932	0.089676	0.102117	0.077154	0.170520
20150814133105.128900	8029.750000	32120.000000	3.377754	1.040632	335.107453	34.034974	1.013257	0.136997	1.026265	0.156460	34.405383	34.271147	34.540286	127.913109	0.090127	0.103802	0.076351	0.173377
20150814133130.140600	8054.750000	32220.000000	3.386658	1.043296	334.937287	34.469163	1.014149	0.138060	1.025732	0.156606	34.395102	34.247995	34.542987	127.636227	0.089000	0.104329	0.073548	0.174486
20150814133155.121100	8079.750000	32320.000000	3.391749	1.044226	334.841634	34.039625	1.014478	0.137589	1.023890	0.155483	34.402924	34.226195	34.580829	127.384932	0.087440	0.105058	0.069649	0.176023
20150814133220.128900	8104.750000	32420.000000	3.405887	1.046628	334.904945	34.251117	1.016556	0.138941	1.024071	0.155455	34.401110	34.205472	34.598240	126.960065	0.087275	0.106090	0.068264	0.177601
20150814133245.160200	8129.750000	32520.000000	3.411084	1.051652	334.222271	34.466415	1.015900	0.140214	1.022266	0.156081	34.374704	34.166134	34.584983	126.489286	0.088038	0.107758	0.068102	0.181122
20150814133310.121100	8154.750000	32620.000000	3.430498	1.052493	334.799357	34.059918	1.019727	0.139733	1.025151	0.155141	34.353524	34.133594	34.575477	125.970595	0.089392	0.108789	0.069773	0.182688
20150814133328.628900	8173.250000	32694.000000	3.447676	1.058733	334.984321	34.321086	1.022114	0.141034	1.026580	0.155646	34.315979	34.095222	34.538730	125.323878	0.090225	0.110065	0.070154	0.186796
20150814133343.871100	8188.500000	32755.000000	3.465438	1.060778	335.551260	34.223954	1.024547	0.141087	1.028436	0.155657	34.279921	34.049098	34.513037	124.696235	0.090284	0.109496	0.070838	0.188878
20150814133357.121100	8201.750000	32808.000000	3.477794	1.066709	335.049216	34.528351	1.024917	0.142276	1.027969	0.156443	34.245526	34.005773	34.487806	124.058694	0.091057	0.110557	0.071308	0.192000
20150814133404.890600	8209.500000	32839.000000	3.491819	1.068938	335.013281	34.376364	1.026269	0.142105	1.028674	0.155747	34.201713	33.957066	34.449047	123.424892	0.091170	0.110346	0.071749	0.192858
20150814133415.371100	8220.000000	32881.000000	3.504080	1.075232	334.570848	34.587222	1.026186	0.143079	1.028239	0.156938	34.172209	33.913400	34.434132	122.803218	0.091304	0.110060	0.072294	0.195503
20150814133423.378900	8228.000000	32913.000000	3.521395	1.076305	334.785405	34.554774	1.026982	0.142444	1.028760	0.156611	34.146443	33.878233	34.418042	122.169446	0.090492	0.109271	0.071447	0.197048
20150814133429.871100	8234.500000	32939.000000	3.531373	1.081073	334.393917	34.606247	1.026542	0.143045	1.027784	0.156842	34.109722	33.841767	34.381021	121.546588	0.090113	0.108783	0.071174	0.199785
20150814133432.628900	8237.250000	32950.000000	3.549165	1.083869	334.671996	34.638589	1.028791	0.144068	1.028123	0.155936	34.081447	33.810202	34.355943	120.816966	0.090094	0.110593	0.069300	0.203465
20150814133435.140600	8239.750000	32960.000000	3.567696	1.086938	334.519904	34.592507	1.029678	0.143493	1.029335	0.156294	34.047111	33.766998	34.331020	120.158948	0.091450	0.107865	0.074788	0.209446
20150814133437.378900	8242.000000	32969.000000	3.585625	1.090360	334.380494	34.745234	1.029295	0.143573	1.031001	0.156607	34.022887	33.771526	34.277143	119.538622	0.090678	0.107149	0.073992	0.209273
20150814133438.878900	8243.500000	32975.000000	3.596342	1.095778	334.137188	34.872700	1.027737	0.144675	1.031056	0.157708	34.002120	33.780591	34.225749	118.912463	0.089065	0.105023	0.072930	0.208844
20150814133439.621100	8244.250000	32978.000000	3.645116	1.122224	333.148426	35.913675	1.027909	0.149466	1.037012	0.163914	33.885643	33.764593	34.006902	116.710864	0.104106	0.105135	0.103070	0.279144
20150814133439.898400	8244.500000	32979.000000	3.687596	1.150805	332.632959	37.330707	1.025197	0.156510	1.042854	0.170616	33.875525	33.895229	33.855360	115.147736	0.124043	0.124274	0.123814	0.352060
20150814133440.128900	8244.750000	32980.000000	3.781420	1.372802	328.605934	46.461984	1.016037	0.221994	1.046637	0.197536	33.743079	34.308021	33.130901	104.799355	0.341067	0.491398	0.200484	1.229747
20150814133440.429700	8245.000000	32981.000000	7.115644	1.913089	267.239379	-16.122634	1.187635	0.074128	1.048491	0.369134	32.702660	17.918215	-16.288400	-37.619641	2.272887	2.397491	2.068652	2.598620
20150814133440.628900	8245.250000	32981.000000	6.727070	6.609380	26.240930	22.424340	0.101229	0.098426	0.755348	0.752120	92.447211	88.014418	92.488961	21.377824	-0.947867	-0.930150	-0.963251	0.713284
