Program version:	Fatigue ver. 4.0
Date and time:	14-08-2015 13:30:08
Operator:	vanj
Project ID:	44584
Sample ID:	EQA03-07
Comments:	
	
Mode of operation:	Ten-ten
Low load setpoint [kN]:	0.000000
Sample width [mm]:	25.420000
Sample thickness [mm]:	4.290000
Strain sensor:	Extensometer
Number of strain sensors:	2
Channel configuration:	0 6 1,1,0,0,0,0 1,4,1,2,3,4
Digital I/O:	0,1,None
	
Machine SN:	88R8033
Load cell SN:	UK004
Load cell [kN]:	250.000000
Extensometer 1 SN:	1916
Gauge length 1 [mm]:	50.000000
Full scale 1 [%]:	5.000000
Extensometer 2 SN:	2100
Gauge length 2 [mm]:	50.000000
Full scale 2 [%]:	5.000000
	
Modulus [GPa]:	37.522729
	
E-max [%]:	0.600000
R:	0.100000
Waveform frequency [Hz]:	4.000000
Samples pr cycle:	125
	
Max change stiffness [%]:	0.500000
Max cycles between log:	1000
Number of initial cycles:	20
Run out cycle:	2000000
	
	
Timestamp [yyyymmddHHMMSS.frac]	Time [s]	Cycle	Position max [mm]	Position min [mm]	Stress max [MPa]	Stress min [MPa]	Strain1 max [%]	Strain1 min [%]	Strain2 max [%]	Strain2 min [%]	StiffnessAvg [GPa]	Stiffness1 [GPa]	Stiffness2 [GPa]	StiffnessPosition [MPa/mm]	DampingAvg	Damping1	Damping2	DampingPosition
20150814133433.699200	0.000000	1.000000	29.525356	28.073673	226.892362	20.157570	0.609928	0.059296	0.603862	0.060181	37.710164	37.485976	37.936933	142.482542	0.064440	0.062638	0.066264	0.164641
20150814133433.941400	0.250000	2.000000	29.534779	28.075398	227.288900	20.175334	0.613102	0.060029	0.606891	0.060171	37.649399	37.428352	37.872957	141.989253	0.061300	0.061117	0.061486	0.136465
20150814133434.191400	0.500000	3.000000	29.541038	28.078518	227.734083	20.415552	0.614683	0.060689	0.608940	0.060570	37.629421	37.417815	37.843308	141.955591	0.061575	0.060979	0.062178	0.133112
20150814133434.449200	0.750000	4.000000	29.541690	28.082488	227.582956	20.429490	0.614791	0.061708	0.609062	0.061882	37.608240	37.399043	37.819645	141.943240	0.063192	0.062764	0.063624	0.130681
20150814133434.710900	1.000000	5.000000	29.545776	28.085036	227.649911	20.387950	0.616056	0.062473	0.609859	0.062029	37.617113	37.414800	37.821478	141.932121	0.061168	0.061320	0.061014	0.126354
20150814133434.960900	1.250000	6.000000	29.542450	28.089310	227.450686	20.877952	0.615405	0.063491	0.609498	0.063292	37.620195	37.420922	37.821460	142.030205	0.064316	0.064080	0.064555	0.128710
20150814133435.191400	1.500000	7.000000	29.547475	28.089355	227.460251	20.836412	0.616256	0.063956	0.610141	0.063428	37.625583	37.434699	37.818258	142.020494	0.062437	0.062091	0.062787	0.128034
20150814133435.460900	1.750000	8.000000	29.543738	28.090365	227.146518	21.120083	0.615858	0.065136	0.609258	0.064449	37.599003	37.409793	37.789968	142.073545	0.065909	0.064962	0.066866	0.129288
20150814133435.699200	2.000000	9.000000	29.544086	28.092046	227.275236	21.073351	0.616058	0.065601	0.609728	0.064943	37.611991	37.424094	37.801633	142.022215	0.065500	0.065659	0.065339	0.127960
20150814133435.949200	2.250000	10.000000	29.542450	28.094889	226.928983	21.435182	0.615571	0.066456	0.609407	0.065660	37.621930	37.435539	37.809996	142.105862	0.064569	0.064063	0.065081	0.127774
20150814133436.199200	2.500000	11.000000	29.543926	28.096614	227.065626	21.396375	0.615601	0.066720	0.609232	0.065543	37.601776	37.422508	37.782602	142.012169	0.060753	0.060513	0.060995	0.125068
20150814133436.441400	2.750000	12.000000	29.541744	28.097607	226.935268	21.605439	0.615112	0.067083	0.609284	0.066488	37.604516	37.425659	37.784923	142.026761	0.063690	0.063172	0.064213	0.128401
20150814133436.710900	3.000000	13.000000	29.543702	28.098885	226.731124	21.550235	0.615448	0.067586	0.609432	0.066398	37.618299	37.444640	37.793407	142.121496	0.063943	0.064169	0.063715	0.127147
20150814133436.949200	3.250000	14.000000	29.542647	28.102372	226.720466	21.634407	0.614814	0.068268	0.608780	0.067043	37.616752	37.441753	37.793194	142.155324	0.062959	0.062798	0.063121	0.123716
20150814133437.218700	3.500000	15.000000	29.541324	28.101433	226.461117	21.825981	0.615134	0.068469	0.609172	0.067093	37.603533	37.431097	37.777414	142.108190	0.064468	0.064081	0.064859	0.124602
20150814133437.441400	3.750000	16.000000	29.541190	28.100021	226.204775	21.780069	0.615005	0.069221	0.608901	0.067851	37.612835	37.439535	37.787575	142.117977	0.062071	0.062120	0.062021	0.123802
20150814133437.699200	4.000000	17.000000	29.541449	28.102426	226.506756	21.332153	0.615166	0.069135	0.608925	0.067781	37.609188	37.438997	37.780740	142.177321	0.063696	0.064270	0.063117	0.123565
20150814133437.960900	4.250000	18.000000	29.542307	28.103508	226.280475	21.890203	0.614705	0.069003	0.608499	0.067953	37.612401	37.441958	37.784210	142.194862	0.062753	0.062980	0.062524	0.121545
20150814133438.210900	4.500000	19.000000	29.542066	28.104357	226.150118	21.814503	0.614989	0.069542	0.608721	0.068328	37.600589	37.434752	37.767712	142.154960	0.064273	0.064888	0.063653	0.123548
20150814133438.468700	4.750000	20.000000	29.539714	28.104429	226.058567	21.754106	0.614839	0.070183	0.608710	0.068808	37.600532	37.435501	37.766860	142.148989	0.064239	0.063969	0.064511	0.120586
20150814133848.460900	254.750000	1020.000000	29.555548	28.138457	225.070365	22.582163	0.621385	0.080881	0.615002	0.078862	37.560770	37.413611	37.708901	142.707195	0.061494	0.061117	0.061875	0.110732
20150814134258.460900	504.750000	2020.000000	29.557578	28.140764	224.913499	22.614411	0.622356	0.082211	0.615856	0.079977	37.559021	37.409290	37.709780	142.746685	0.066237	0.065573	0.066906	0.113426
20150814134708.468700	754.750000	3020.000000	29.560528	28.141309	224.941648	22.437595	0.622875	0.082042	0.616533	0.079843	37.535634	37.386646	37.685668	142.685280	0.062949	0.063099	0.062798	0.109933
20150814135118.480500	1004.750000	4020.000000	29.558731	28.142364	224.847364	22.812543	0.623484	0.083197	0.617320	0.081012	37.527270	37.384541	37.670931	142.624501	0.063420	0.063252	0.063590	0.110601
20150814135528.488300	1254.750000	5020.000000	29.558535	28.138752	224.979361	22.753786	0.623772	0.082990	0.617682	0.081069	37.524651	37.377872	37.672428	142.606644	0.063998	0.063828	0.064170	0.112969
20150814135938.488300	1504.750000	6020.000000	29.558025	28.141211	224.874146	22.522040	0.624433	0.083549	0.618082	0.081412	37.520281	37.376026	37.665485	142.698270	0.061333	0.061100	0.061568	0.108049
20150814140348.511700	1754.750000	7020.000000	29.557113	28.142722	224.911313	22.907646	0.624523	0.084457	0.618509	0.082241	37.505774	37.364790	37.647631	142.636564	0.062898	0.062956	0.062839	0.104248
20150814140758.511700	2004.750000	8020.000000	29.559670	28.141720	224.795986	22.712520	0.624750	0.084155	0.618615	0.081784	37.504608	37.361480	37.648673	142.549141	0.063810	0.063884	0.063736	0.107718
20150814141208.519500	2254.750000	9020.000000	29.559116	28.140612	224.955585	22.786307	0.625134	0.084215	0.618658	0.082291	37.504879	37.365222	37.645411	142.492728	0.066648	0.066330	0.066968	0.109620
20150814141618.531200	2504.750000	10020.000000	29.560448	28.142185	225.027733	22.679999	0.625382	0.084608	0.619374	0.082261	37.501178	37.362277	37.640961	142.552571	0.065081	0.064882	0.065282	0.110478
20150814142028.531200	2754.750000	11020.000000	29.559277	28.142105	224.953399	22.492252	0.625737	0.084734	0.619658	0.082697	37.479813	37.341615	37.618870	142.413293	0.062649	0.062332	0.062969	0.108586
20150814142438.539100	3004.750000	12020.000000	29.562209	28.141524	225.114364	22.654584	0.626183	0.085143	0.619957	0.082812	37.503774	37.365208	37.643213	142.412712	0.062737	0.062248	0.063229	0.107408
20150814142848.550800	3254.750000	13020.000000	29.562889	28.144715	225.027733	22.485966	0.626138	0.085228	0.620035	0.082709	37.502937	37.367219	37.639498	142.548667	0.061548	0.061474	0.061623	0.105545
20150814143258.558600	3504.750000	14020.000000	29.563416	28.144456	224.900928	22.561666	0.626461	0.085434	0.620544	0.083030	37.477328	37.338363	37.617183	142.438533	0.060834	0.060955	0.060712	0.098963
20150814143708.570300	3754.750000	15020.000000	29.564167	28.143249	224.929076	22.745041	0.626224	0.084838	0.620179	0.082484	37.465722	37.328248	37.604021	142.363726	0.061411	0.060494	0.062336	0.105973
20150814144118.570300	4004.750000	16020.000000	29.564820	28.147746	224.910220	22.648025	0.626277	0.085115	0.620494	0.082739	37.458087	37.323389	37.593604	142.437666	0.062729	0.061804	0.063660	0.103947
20150814144528.578100	4254.750000	17020.000000	29.565142	28.145216	224.882891	22.600200	0.627064	0.085750	0.621054	0.083390	37.464796	37.330103	37.600314	142.378120	0.063220	0.062517	0.063927	0.104110
20150814144938.609400	4504.750000	18020.000000	29.567198	28.149758	224.993299	22.647478	0.627506	0.085932	0.621442	0.083525	37.457561	37.321138	37.594816	142.411711	0.060963	0.060745	0.061183	0.102070
20150814145348.601600	4754.750000	19020.000000	29.570605	28.149284	224.903387	22.582983	0.627901	0.086768	0.621287	0.084093	37.468542	37.333459	37.604447	142.403738	0.061627	0.061109	0.062148	0.102508
20150814145758.609400	5004.750000	20020.000000	29.570345	28.149463	225.002044	22.667701	0.628272	0.086342	0.621875	0.083836	37.457090	37.319544	37.595484	142.365829	0.060493	0.060238	0.060751	0.104885
20150814150208.609400	5254.750000	21020.000000	29.571490	28.149883	224.986193	22.495258	0.626741	0.084953	0.620561	0.082591	37.420313	37.275761	37.565821	142.264667	0.061171	0.060427	0.061922	0.099237
20150814150618.609400	5504.750000	22020.000000	29.572446	28.151162	225.001224	22.572871	0.626313	0.084597	0.620421	0.082719	37.422258	37.284039	37.561322	142.280053	0.060576	0.060512	0.060639	0.100448
20150814151028.640600	5754.750000	23020.000000	29.571338	28.150133	224.778223	22.543356	0.626391	0.084295	0.620832	0.082545	37.401916	37.259527	37.545231	142.191030	0.061218	0.060557	0.061884	0.099738
20150814151438.648400	6004.750000	24020.000000	29.572768	28.150437	225.071458	22.545543	0.627217	0.084527	0.621513	0.082844	37.400972	37.261562	37.541271	142.151353	0.060557	0.060034	0.061084	0.101422
20150814151848.691400	6254.750000	25020.000000	29.572992	28.151215	225.012975	22.750234	0.626715	0.084357	0.620964	0.082800	37.384381	37.240650	37.529055	142.057249	0.060272	0.059912	0.060634	0.096901
20150814152258.648400	6504.750000	26020.000000	29.572884	28.150920	224.972529	22.690384	0.627126	0.084395	0.621512	0.082816	37.393562	37.247784	37.540312	142.153934	0.060712	0.060220	0.061208	0.098051
20150814152708.660200	6754.750000	27020.000000	29.575728	28.153611	225.044130	22.878678	0.629026	0.086291	0.622762	0.084374	37.400049	37.258152	37.542848	142.401694	0.059435	0.058127	0.060753	0.103868
20150814153118.699200	7004.750000	28020.000000	29.574744	28.157813	224.877425	22.691204	0.628994	0.087366	0.622903	0.085065	37.419846	37.276557	37.564056	142.514285	0.060322	0.059869	0.060778	0.104273
20150814153528.679700	7254.750000	29020.000000	29.577149	28.157402	225.164922	22.691477	0.629116	0.087244	0.623142	0.084653	37.414251	37.273216	37.556199	142.501705	0.058356	0.057652	0.059064	0.099986
20150814153938.710900	7504.750000	30020.000000	29.577864	28.158430	224.913499	22.679726	0.629363	0.087242	0.623146	0.084885	37.396765	37.254096	37.540362	142.399859	0.061754	0.061305	0.062207	0.103585
20150814154348.710900	7754.750000	31020.000000	29.580028	28.159342	225.072825	22.810083	0.629321	0.086904	0.623406	0.084768	37.392177	37.248396	37.536887	142.375971	0.062439	0.062209	0.062671	0.104611
20150814154758.699200	8004.750000	32020.000000	29.580332	28.157599	225.102613	22.623976	0.629495	0.086655	0.623682	0.084800	37.400102	37.257227	37.543903	142.445063	0.059607	0.058483	0.060741	0.099297
20150814155208.710900	8254.750000	33020.000000	29.583917	28.159190	225.011062	22.627255	0.630279	0.087551	0.623477	0.085350	37.388457	37.245365	37.532485	142.323055	0.060510	0.059907	0.061118	0.101027
20150814155618.699200	8504.750000	34020.000000	29.580243	28.161166	224.999311	22.720992	0.629783	0.087785	0.623399	0.084975	37.386115	37.241490	37.531709	142.388673	0.060895	0.060057	0.061739	0.102379
20150814160028.718700	8754.750000	35020.000000	29.580913	28.159691	225.108899	22.619330	0.630407	0.087495	0.624266	0.084901	37.374084	37.224019	37.525187	142.364658	0.059538	0.058215	0.060869	0.098021
20150814160438.730500	9004.750000	36020.000000	29.582540	28.161014	224.913499	22.802158	0.630349	0.087904	0.624006	0.085361	37.377065	37.234731	37.520326	142.278093	0.062125	0.062176	0.062073	0.102086
20150814160848.738300	9254.750000	37020.000000	29.583640	28.161032	225.007236	22.481047	0.630357	0.087401	0.623391	0.084804	37.372190	37.223996	37.521414	142.295927	0.059693	0.058974	0.060418	0.099894
20150814161258.750000	9504.750000	38020.000000	29.585938	28.160853	225.041397	22.698309	0.630918	0.088227	0.624017	0.085358	37.360272	37.212302	37.509258	142.198217	0.060094	0.059270	0.060925	0.096314
20150814161708.761700	9754.750000	39020.000000	29.583855	28.163920	224.919785	22.655130	0.630691	0.088002	0.624196	0.085450	37.368533	37.220802	37.517249	142.243029	0.060532	0.059101	0.061974	0.100620
20150814162118.761700	10004.750000	40020.000000	29.586018	28.164447	224.960778	22.666608	0.630906	0.087302	0.624096	0.084932	37.358248	37.206424	37.511152	142.190865	0.058939	0.058085	0.059800	0.098981
20150814162528.769500	10254.750000	41020.000000	29.587502	28.162498	225.235703	22.666608	0.631941	0.087876	0.625394	0.086078	37.349429	37.199523	37.500363	142.178838	0.060803	0.060103	0.061509	0.101370
20150814162938.761700	10504.750000	42020.000000	29.585178	28.163902	225.011882	22.548275	0.632218	0.088223	0.624880	0.085753	37.360860	37.213635	37.509067	142.219207	0.060956	0.059400	0.062526	0.098838
20150814163348.769500	10754.750000	43020.000000	29.582934	28.163571	224.860482	22.674533	0.631602	0.088289	0.624674	0.085559	37.336287	37.188961	37.484606	142.137486	0.055144	0.054050	0.056246	0.093301
20150814163758.781200	11004.750000	44020.000000	29.584177	28.162847	224.966243	22.719352	0.631176	0.087898	0.624447	0.085267	37.334698	37.181285	37.489209	142.109052	0.060439	0.059466	0.061419	0.097774
20150814164208.781200	11254.750000	45020.000000	29.585437	28.160826	224.954219	22.587902	0.631304	0.087660	0.624665	0.085247	37.315027	37.161654	37.469513	142.157197	0.059371	0.058372	0.060378	0.097928
20150814164618.789100	11504.750000	46020.000000	29.584159	28.161908	224.845724	22.741762	0.631418	0.088112	0.624654	0.085679	37.332386	37.184032	37.481745	142.113384	0.063407	0.062227	0.064596	0.102196
20150814165028.808600	11754.750000	47020.000000	29.584185	28.163196	225.194437	22.679999	0.631679	0.088709	0.624809	0.085739	37.320584	37.173934	37.468235	142.099793	0.058539	0.057305	0.059783	0.093819
20150814165438.808600	12004.750000	48020.000000	29.583399	28.162963	225.017348	22.580796	0.632015	0.088540	0.625392	0.085855	37.320592	37.171669	37.470554	142.097952	0.060342	0.059304	0.061388	0.097614
20150814165848.839800	12254.750000	49020.000000	29.584874	28.161157	224.982367	22.412179	0.632820	0.089032	0.626036	0.086111	37.327741	37.177168	37.479371	142.090856	0.059299	0.058510	0.060093	0.095702
20150814170258.828100	12504.750000	50020.000000	29.586349	28.164215	225.028826	22.795872	0.632557	0.089026	0.625956	0.086196	37.315195	37.166040	37.465367	142.031784	0.061055	0.060033	0.062083	0.099391
20150814170708.859400	12754.750000	51020.000000	29.585911	28.165342	224.911859	22.796419	0.632339	0.088888	0.625879	0.086462	37.325922	37.180626	37.472173	142.104646	0.059695	0.059291	0.060101	0.097580
20150814171118.839800	13004.750000	52020.000000	29.586689	28.164027	224.977175	22.515754	0.633116	0.089641	0.626189	0.086721	37.309197	37.162547	37.456850	142.036010	0.058973	0.057827	0.060128	0.095498
20150814171528.851600	13254.750000	53020.000000	29.585956	28.164385	224.986466	22.877038	0.633061	0.089338	0.626242	0.086327	37.300669	37.150076	37.452316	142.057305	0.060428	0.059543	0.061320	0.100239
20150814171938.859400	13504.750000	54020.000000	29.587717	28.163392	224.950666	22.505643	0.632445	0.088304	0.625486	0.085750	37.282674	37.128891	37.437572	141.953221	0.057450	0.056753	0.058152	0.094819
20150814172348.859400	13754.750000	55020.000000	29.590998	28.163267	224.894096	22.637913	0.632399	0.088460	0.625968	0.086141	37.290070	37.138725	37.442491	141.975543	0.060522	0.059310	0.061744	0.096948
20150814172758.871100	14004.750000	56020.000000	29.588513	28.164877	225.409240	22.761165	0.633431	0.089359	0.626903	0.087078	37.287586	37.139900	37.436261	141.867434	0.058914	0.058161	0.059672	0.092209
20150814173208.890600	14254.750000	57020.000000	29.588629	28.166477	224.857749	22.865014	0.633425	0.089783	0.626546	0.086822	37.290086	37.142933	37.438244	141.907996	0.059570	0.058051	0.061100	0.094807
20150814173618.890600	14504.750000	58020.000000	29.589443	28.165806	225.095508	22.841511	0.633804	0.089834	0.626774	0.086861	37.296046	37.151791	37.441252	141.988392	0.056472	0.055706	0.057244	0.090608
20150814174028.890600	14754.750000	59020.000000	29.589210	28.165824	225.026913	22.572325	0.633969	0.089855	0.626916	0.086836	37.291389	37.141485	37.442346	141.913854	0.058104	0.057483	0.058729	0.094727
20150814174438.898400	15004.750000	60020.000000	29.589407	28.167085	225.068179	22.519580	0.633958	0.089763	0.626847	0.086870	37.280309	37.130918	37.430747	141.896255	0.057146	0.056661	0.057634	0.092710
20150814174848.941400	15254.750000	61020.000000	29.589738	28.165538	225.332720	22.708421	0.633696	0.089793	0.626683	0.086848	37.276994	37.129875	37.425116	141.974479	0.057861	0.057436	0.058289	0.095761
20150814175258.921900	15504.750000	62020.000000	29.589165	28.164582	225.156450	22.558660	0.633438	0.089376	0.626460	0.086634	37.266980	37.117937	37.417050	141.846602	0.058327	0.056909	0.059756	0.095732
20150814175708.828100	15754.750000	63020.000000	29.588897	28.164376	225.083483	22.808717	0.634239	0.089780	0.627021	0.086920	37.264456	37.117342	37.412556	141.855101	0.059701	0.057957	0.061459	0.092081
20150814180118.621100	16004.750000	64020.000000	29.591579	28.163679	224.999584	22.669888	0.633887	0.089550	0.627016	0.086654	37.256275	37.108897	37.404664	141.720854	0.060405	0.059240	0.061580	0.093960
20150814180528.531200	16254.750000	65020.000000	29.588620	28.164170	224.926070	22.488972	0.634067	0.089194	0.626506	0.086606	37.247234	37.096790	37.398760	141.804292	0.058409	0.057608	0.059216	0.093983
20150814180938.480500	16504.750000	66020.000000	29.589729	28.164734	224.892456	22.571231	0.634658	0.089814	0.627710	0.086815	37.250878	37.102898	37.399876	141.788101	0.057339	0.056465	0.058221	0.094728
20150814181348.468700	16754.750000	67020.000000	29.588897	28.164591	224.920878	22.610858	0.634182	0.089509	0.627258	0.086538	37.248874	37.103138	37.395596	141.907584	0.056337	0.054787	0.057898	0.088286
20150814181758.460900	17004.750000	68020.000000	29.590390	28.164143	225.100973	22.660323	0.634384	0.089455	0.627017	0.086597	37.246379	37.095480	37.398323	141.824914	0.058791	0.057271	0.060324	0.094497
20150814182208.441400	17254.750000	69020.000000	29.588191	28.164868	225.000677	22.469022	0.634672	0.089592	0.627772	0.086924	37.245076	37.097709	37.393445	141.726995	0.057366	0.056648	0.058089	0.092904
20150814182618.441400	17504.750000	70020.000000	29.590775	28.165011	224.967063	22.851349	0.634499	0.089602	0.627678	0.086983	37.244221	37.096366	37.393078	141.775305	0.059315	0.057920	0.060721	0.093078
20150814183028.449200	17754.750000	71020.000000	29.587958	28.163956	225.133768	22.744221	0.634810	0.089675	0.627735	0.086777	37.231000	37.079056	37.384042	141.743415	0.057140	0.055906	0.058384	0.090583
20150814183438.468700	18004.750000	72020.000000	29.590578	28.162543	225.100700	22.540897	0.635088	0.090187	0.627981	0.087109	37.235836	37.088687	37.383980	141.723220	0.057127	0.055845	0.058417	0.091192
20150814183848.468700	18254.750000	73020.000000	29.591052	28.163303	224.945474	22.817462	0.635127	0.090309	0.627921	0.087428	37.222634	37.073751	37.372548	141.702228	0.057094	0.056189	0.058006	0.086828
20150814184258.480500	18504.750000	74020.000000	29.591928	28.163589	225.078564	22.580523	0.635641	0.090538	0.627710	0.087259	37.222506	37.068949	37.377169	141.711177	0.060609	0.059440	0.061787	0.094347
20150814184708.488300	18754.750000	75020.000000	29.588844	28.164161	224.889723	22.686558	0.636022	0.090689	0.628547	0.087669	37.224870	37.076253	37.374496	141.774237	0.056436	0.055624	0.057254	0.087407
20150814185118.500000	19004.750000	76020.000000	29.589058	28.164376	224.792980	22.675900	0.636760	0.091838	0.628987	0.088724	37.235711	37.084380	37.388093	141.767995	0.057155	0.056430	0.057886	0.089929
20150814185528.500000	19254.750000	77020.000000	29.592277	28.165342	224.855836	22.638186	0.637150	0.092028	0.629056	0.088444	37.222897	37.072859	37.373992	141.645449	0.056659	0.055240	0.058089	0.089494
20150814185938.511700	19504.750000	78020.000000	29.592429	28.166549	225.106712	22.878405	0.636972	0.091867	0.629413	0.088637	37.234600	37.081592	37.388690	141.733895	0.059537	0.058763	0.060317	0.090756
20150814190348.531200	19754.750000	79020.000000	29.594503	28.166888	225.102066	22.804618	0.634932	0.089779	0.627399	0.086257	37.198332	37.042720	37.355095	141.533150	0.057713	0.056648	0.058785	0.090554
20150814190758.550800	20004.750000	80020.000000	29.593368	28.164018	225.049869	22.546636	0.633974	0.088470	0.627039	0.086162	37.182176	37.022736	37.342823	141.556013	0.058200	0.056949	0.059461	0.091806
20150814191208.539100	20254.750000	81020.000000	29.593502	28.163831	224.971709	22.633267	0.634062	0.087721	0.627092	0.085536	37.181805	37.019068	37.345828	141.587971	0.056803	0.055717	0.057898	0.091593
20150814191618.570300	20504.750000	82020.000000	29.591928	28.164680	225.020081	22.440054	0.633874	0.087731	0.627264	0.085636	37.163286	37.004284	37.323493	141.503138	0.056854	0.055387	0.058334	0.090053
20150814192028.550800	20754.750000	83020.000000	29.588611	28.160666	225.040577	22.446066	0.634202	0.087473	0.627001	0.085505	37.165581	37.002197	37.330245	141.561943	0.057546	0.055751	0.059358	0.092962
20150814192438.550800	21004.750000	84020.000000	29.591857	28.164036	224.983734	22.675080	0.633960	0.087741	0.627132	0.085417	37.154155	36.993727	37.315828	141.508293	0.058989	0.058311	0.059672	0.093553
20150814192848.558600	21254.750000	85020.000000	29.591204	28.161184	225.135134	22.530238	0.634149	0.087786	0.627265	0.085272	37.147595	36.987053	37.309381	141.407379	0.056985	0.055471	0.058511	0.090591
20150814193258.578100	21504.750000	86020.000000	29.592813	28.163151	224.926890	22.550735	0.634173	0.088047	0.627398	0.085664	37.153236	36.996469	37.311165	141.395346	0.055550	0.053609	0.057507	0.091428
20150814193708.578100	21754.750000	87020.000000	29.592661	28.161658	224.896009	22.740942	0.634456	0.087792	0.627347	0.085443	37.147165	36.987857	37.307719	141.412372	0.056543	0.055124	0.057974	0.087663
20150814194118.589800	22004.750000	88020.000000	29.591329	28.163696	224.876879	22.751054	0.634242	0.087964	0.627388	0.085559	37.137801	36.974159	37.302736	141.351117	0.057104	0.055683	0.058536	0.090365
20150814194528.601600	22254.750000	89020.000000	29.594333	28.163974	225.216027	22.346864	0.634689	0.087917	0.627406	0.085514	37.128346	36.965227	37.292754	141.422871	0.058021	0.056809	0.059244	0.089073
20150814194938.601600	22504.750000	90020.000000	29.591794	28.164886	225.017621	22.854629	0.634614	0.088236	0.627752	0.085797	37.131944	36.969840	37.295313	141.389189	0.056817	0.055711	0.057933	0.089967
20150814195348.609400	22754.750000	91020.000000	29.592348	28.165905	224.864308	22.833586	0.634665	0.087745	0.627826	0.085853	37.114528	36.950857	37.279501	141.311712	0.059131	0.057304	0.060976	0.092277
20150814195758.640600	23004.750000	92020.000000	29.592876	28.164930	224.736410	22.666062	0.634691	0.088358	0.627742	0.085958	37.111056	36.950498	37.272852	141.369013	0.054696	0.052944	0.056463	0.086222
20150814200208.621100	23254.750000	93020.000000	29.592241	28.161899	225.136774	22.825387	0.635405	0.088287	0.628302	0.085847	37.114540	36.953568	37.276775	141.338225	0.058582	0.057778	0.059393	0.092433
20150814200618.640600	23504.750000	94020.000000	29.595460	28.165502	225.063260	22.565766	0.635347	0.088129	0.628433	0.085980	37.110422	36.949892	37.272178	141.256873	0.059867	0.058072	0.061678	0.091856
20150814201028.648400	23754.750000	95020.000000	29.598026	28.164126	224.940554	22.517394	0.635647	0.088466	0.628427	0.085902	37.101278	36.934264	37.269662	141.220626	0.057836	0.056095	0.059591	0.091268
20150814201438.660200	24004.750000	96020.000000	29.593922	28.164653	224.991386	22.577790	0.635254	0.088370	0.628566	0.085871	37.097102	36.933997	37.261479	141.303110	0.058589	0.057375	0.059813	0.089412
20150814201848.660200	24254.750000	97020.000000	29.595478	28.163348	224.883164	22.855449	0.635746	0.088565	0.628643	0.086147	37.091849	36.927145	37.257873	141.186429	0.060108	0.058798	0.061429	0.092258
20150814202258.679700	24504.750000	98020.000000	29.596953	28.162820	224.800085	22.661142	0.635446	0.088361	0.628482	0.086124	37.076915	36.910665	37.244516	141.189087	0.054480	0.053182	0.055790	0.086147
20150814202708.679700	24754.750000	99020.000000	29.594637	28.165798	224.873326	22.580523	0.635796	0.088651	0.628346	0.086243	37.087423	36.924769	37.251356	141.234552	0.056562	0.054939	0.058199	0.090740
20150814203118.679700	25004.750000	100020.000000	29.593743	28.163142	225.090588	22.672894	0.636001	0.088986	0.628793	0.086334	37.078941	36.914123	37.245068	141.202072	0.057165	0.055463	0.058881	0.089673
20150814203528.710900	25254.750000	101020.000000	29.598786	28.166262	224.946567	22.593641	0.636314	0.089222	0.628956	0.086425	37.078482	36.915628	37.242637	141.201998	0.056569	0.054849	0.058304	0.089195
20150814203938.699200	25504.750000	102020.000000	29.595567	28.164573	224.966517	22.703228	0.636413	0.088700	0.629163	0.086291	37.077803	36.911116	37.245830	141.202386	0.056910	0.055206	0.058630	0.090909
20150814204348.699200	25754.750000	103020.000000	29.597892	28.165994	225.286808	22.774283	0.636135	0.089164	0.629330	0.086722	37.071442	36.905144	37.239099	141.160290	0.055169	0.053650	0.056702	0.087798
20150814204758.738300	26004.750000	104020.000000	29.596112	28.164716	224.826867	22.767451	0.636002	0.088838	0.629175	0.086345	37.077669	36.912935	37.243713	141.188751	0.056959	0.055119	0.058813	0.090500
20150814205208.718700	26254.750000	105020.000000	29.593815	28.164117	225.076104	22.755153	0.636494	0.089190	0.629379	0.087138	37.066507	36.899096	37.235292	141.136914	0.057384	0.056551	0.058225	0.090606
20150814205618.738300	26504.750000	106020.000000	29.596819	28.163679	225.056154	22.590088	0.636778	0.089288	0.629552	0.086856	37.065900	36.897280	37.235922	141.127251	0.057291	0.055675	0.058921	0.092284
20150814210028.738300	26754.750000	107020.000000	29.597355	28.165082	225.038391	22.546362	0.636774	0.089260	0.629631	0.086706	37.060481	36.890575	37.231815	141.151088	0.058757	0.057354	0.060171	0.091804
20150814210438.750000	27004.750000	108020.000000	29.598616	28.166665	225.025273	22.636820	0.636922	0.088916	0.629854	0.086604	37.054161	36.886723	37.222950	141.096498	0.058383	0.056537	0.060245	0.090318
20150814210848.800800	27254.750000	109020.000000	29.597838	28.164832	225.024726	22.942627	0.637099	0.089376	0.629897	0.086834	37.045798	36.874482	37.218561	141.135857	0.058572	0.057206	0.059950	0.090194
20150814211258.761700	27504.750000	110020.000000	29.598437	28.165359	225.076651	22.678086	0.637081	0.089645	0.629829	0.087121	37.050872	36.881832	37.221297	141.150747	0.058887	0.057926	0.059856	0.089702
20150814211708.769500	27754.750000	111020.000000	29.597829	28.165386	224.936182	22.809810	0.636983	0.089436	0.630059	0.086986	37.054889	36.890083	37.221007	141.114900	0.061279	0.059824	0.062747	0.090985
20150814212118.769500	28004.750000	112020.000000	29.600189	28.165306	225.050689	22.699676	0.637126	0.089210	0.630006	0.087044	37.046829	36.880759	37.214237	140.984074	0.057341	0.055868	0.058828	0.088425
20150814212528.781200	28254.750000	113020.000000	29.600547	28.165985	224.898195	22.608945	0.637091	0.089205	0.629874	0.087168	37.034373	36.866858	37.203260	140.950253	0.057156	0.055590	0.058737	0.089511
20150814212938.789100	28504.750000	114020.000000	29.597024	28.166200	224.997398	22.702409	0.637486	0.089283	0.630150	0.087335	37.035158	36.863218	37.208541	141.086918	0.056504	0.054486	0.058541	0.084360
20150814213348.800800	28754.750000	115020.000000	29.597632	28.164555	224.917052	22.661962	0.637757	0.089552	0.630769	0.087206	37.036498	36.867971	37.206400	140.993987	0.058479	0.057199	0.059770	0.091042
20150814213758.808600	29004.750000	116020.000000	29.598678	28.163321	224.949026	22.614411	0.637598	0.089516	0.630284	0.086820	37.020299	36.852772	37.189181	141.054926	0.055826	0.054201	0.057465	0.085772
20150814214208.808600	29254.750000	117020.000000	29.598768	28.165708	224.959411	22.717166	0.637549	0.090031	0.630108	0.087239	37.028029	36.857322	37.200159	140.967374	0.059926	0.058256	0.061610	0.090372
20150814214618.828100	29504.750000	118020.000000	29.599528	28.164886	225.151258	22.755153	0.637775	0.089764	0.630874	0.087348	37.031954	36.864184	37.201095	141.043210	0.057863	0.056491	0.059246	0.089028
20150814215028.828100	29754.750000	119020.000000	29.597623	28.167174	224.968430	22.784394	0.637943	0.089941	0.630516	0.087411	37.025912	36.858583	37.194612	141.069401	0.056981	0.055467	0.058509	0.088998
20150814215438.839800	30004.750000	120020.000000	29.600842	28.164957	225.223952	22.734930	0.637955	0.089789	0.630690	0.087656	37.014994	36.840509	37.190962	140.946182	0.057387	0.055772	0.059017	0.082479
20150814215848.871100	30254.750000	121020.000000	29.601539	28.166611	224.964877	22.708967	0.638154	0.090150	0.630974	0.087698	37.009329	36.840385	37.179673	140.913180	0.058042	0.056961	0.059133	0.090808
20150814220258.859400	30504.750000	122020.000000	29.598625	28.165252	225.036751	22.807897	0.638269	0.089912	0.631006	0.087581	37.007135	36.836758	37.178932	140.919627	0.058052	0.056604	0.059514	0.091978
20150814220708.859400	30754.750000	123020.000000	29.599921	28.165520	225.024180	22.666608	0.638287	0.090024	0.631079	0.087578	37.010395	36.840494	37.181711	140.909914	0.061211	0.059943	0.062489	0.090234
20150814221118.871100	31004.750000	124020.000000	29.601128	28.164528	225.030739	22.458638	0.638118	0.090082	0.630919	0.087838	36.999517	36.829017	37.171441	140.834032	0.058369	0.057126	0.059624	0.086187
20150814221528.878900	31254.750000	125020.000000	29.601477	28.165601	225.122563	22.396602	0.638413	0.090106	0.631255	0.087658	36.999917	36.830565	37.170680	140.847524	0.059526	0.057741	0.061327	0.087960
20150814221938.890600	31504.750000	126020.000000	29.598339	28.165610	224.978814	22.633267	0.638491	0.090168	0.631578	0.087736	36.996678	36.830349	37.164351	140.923553	0.058561	0.057639	0.059490	0.089440
20150814222348.890600	31754.750000	127020.000000	29.600922	28.166826	225.003410	22.604846	0.638483	0.090161	0.631350	0.087312	37.000153	36.833415	37.168257	140.917620	0.061189	0.060169	0.062218	0.090698
20150814222758.878900	32004.750000	128020.000000	29.599340	28.168238	224.795713	22.796692	0.638452	0.089793	0.631319	0.087801	37.000039	36.829698	37.171803	140.906600	0.058634	0.056733	0.060554	0.088431
20150814223208.898400	32254.750000	129020.000000	29.598580	28.165762	224.920058	22.745041	0.638588	0.090134	0.631681	0.087943	36.996020	36.826987	37.166449	140.846444	0.057080	0.055837	0.058334	0.088510
20150814223618.898400	32504.750000	130020.000000	29.600735	28.166137	225.023087	22.619330	0.638753	0.090544	0.631739	0.088001	36.997179	36.828492	37.167257	140.928810	0.057759	0.056390	0.059140	0.089857
20150814224028.941400	32754.750000	131020.000000	29.605482	28.165440	225.061620	22.846430	0.638736	0.090250	0.631712	0.087804	36.979852	36.812655	37.148379	140.829104	0.058198	0.057156	0.059249	0.089115
20150814224438.910200	33004.750000	132020.000000	29.600601	28.167228	224.968703	22.760892	0.638853	0.090373	0.631577	0.087917	36.973786	36.803944	37.145043	140.837906	0.057439	0.056390	0.058497	0.085177
20150814224848.929700	33254.750000	133020.000000	29.602353	28.166996	225.083756	22.915845	0.639111	0.090595	0.632156	0.088192	36.977976	36.808338	37.148999	140.879160	0.059408	0.057746	0.061084	0.085112
20150814225258.929700	33504.750000	134020.000000	29.602889	28.166727	224.957225	22.637640	0.638954	0.090543	0.631833	0.088221	36.985095	36.817341	37.154213	140.801705	0.058943	0.057971	0.059923	0.089901
20150814225708.941400	33754.750000	135020.000000	29.601298	28.168301	225.009422	22.758432	0.639514	0.090647	0.632435	0.088211	36.966034	36.801109	37.132275	140.905863	0.056606	0.055766	0.057453	0.087390
20150814230118.941400	34004.750000	136020.000000	29.602121	28.166245	225.173121	22.679453	0.639615	0.090660	0.632399	0.088329	36.974085	36.808398	37.141109	140.734237	0.057440	0.056207	0.058684	0.085330
20150814230528.960900	34254.750000	137020.000000	29.600663	28.166826	225.025546	22.836865	0.639597	0.090429	0.632510	0.088001	36.961792	36.793431	37.131519	140.756979	0.058491	0.056917	0.060077	0.087515
20150814230938.960900	34504.750000	138020.000000	29.605259	28.164751	225.015981	22.740122	0.639687	0.090647	0.632514	0.088490	36.963983	36.795859	37.133482	140.753841	0.058743	0.057691	0.059804	0.086689
20150814231348.988300	34754.750000	139020.000000	29.600985	28.167532	224.892729	22.687651	0.639655	0.090666	0.632338	0.088232	36.951572	36.783266	37.121264	140.721752	0.057906	0.056767	0.059056	0.089110
20150814231758.988300	35004.750000	140020.000000	29.603381	28.168015	224.799539	22.542263	0.639612	0.090672	0.632628	0.088347	36.946937	36.781576	37.113585	140.757885	0.058857	0.057712	0.060012	0.090840
20150814232209.000000	35254.750000	141020.000000	29.601888	28.166718	225.058341	22.529145	0.639935	0.091100	0.633091	0.088409	36.949636	36.783057	37.117571	140.655030	0.057873	0.057007	0.058746	0.086252
20150814232618.988300	35504.750000	142020.000000	29.604400	28.166075	224.897375	22.568772	0.640515	0.090880	0.633138	0.088305	36.948039	36.777628	37.119882	140.753571	0.058385	0.057595	0.059181	0.084675
20150814233029.011700	35754.750000	143020.000000	29.601843	28.166566	224.996851	22.705415	0.639865	0.091023	0.633009	0.088490	36.934409	36.767290	37.102872	140.661694	0.058555	0.057351	0.059769	0.085772
20150814233439.011700	36004.750000	144020.000000	29.602925	28.167961	225.029646	22.821288	0.640312	0.090846	0.632908	0.088503	36.932434	36.765798	37.100412	140.704641	0.056876	0.056010	0.057750	0.086591
20150814233849.019500	36254.750000	145020.000000	29.604669	28.167505	224.897375	22.823201	0.640339	0.091086	0.633064	0.088651	36.938509	36.773082	37.105265	140.655490	0.057502	0.056398	0.058614	0.085860
20150814234259.031200	36504.750000	146020.000000	29.604141	28.169070	225.108352	22.744768	0.640615	0.091512	0.633217	0.088788	36.946368	36.780924	37.113151	140.749970	0.060288	0.059922	0.060656	0.090983
20150814234709.031200	36754.750000	147020.000000	29.602568	28.165905	225.008876	22.881411	0.640526	0.091126	0.633310	0.088432	36.928840	36.763476	37.095526	140.659384	0.059030	0.058494	0.059570	0.085363
20150814235119.039100	37004.750000	148020.000000	29.604838	28.167192	225.012155	22.889609	0.640788	0.091265	0.633783	0.088500	36.926326	36.763210	37.090727	140.620495	0.057010	0.055938	0.058091	0.083655
20150814235529.050800	37254.750000	149020.000000	29.603426	28.166602	225.095508	22.559207	0.640873	0.091175	0.633553	0.088568	36.934677	36.768929	37.101759	140.700643	0.055803	0.054510	0.057108	0.084595
20150814235939.050800	37504.750000	150020.000000	29.604186	28.166343	225.005870	22.556201	0.640601	0.091056	0.633541	0.088905	36.927059	36.759631	37.095861	140.567700	0.058804	0.057649	0.059969	0.087834
20150815000349.089800	37754.750000	151020.000000	29.606680	28.167800	225.037024	22.641193	0.640892	0.091253	0.634025	0.088629	36.915281	36.749602	37.082277	140.630924	0.057548	0.055655	0.059456	0.084059
20150815000759.070300	38004.750000	152020.000000	29.604150	28.166540	224.961597	22.724272	0.641157	0.091334	0.633672	0.088662	36.905297	36.741078	37.070809	140.638857	0.058580	0.058043	0.059122	0.085185
20150815001209.078100	38254.750000	153020.000000	29.602800	28.169052	224.749528	22.575604	0.641124	0.091657	0.634021	0.088936	36.905559	36.741438	37.070970	140.679561	0.060109	0.059284	0.060940	0.084481
20150815001619.089800	38504.750000	154020.000000	29.605867	28.169079	225.098240	22.673440	0.641021	0.091828	0.634145	0.088998	36.907917	36.745753	37.071324	140.568101	0.055859	0.054967	0.056756	0.082004
20150815002029.101600	38754.750000	155020.000000	29.607145	28.169633	224.910220	22.706235	0.641129	0.091528	0.634184	0.088775	36.908103	36.743207	37.074309	140.677959	0.061916	0.061515	0.062321	0.088013
20150815002439.101600	39004.750000	156020.000000	29.606636	28.169991	225.140326	22.632721	0.641596	0.091789	0.634173	0.088786	36.890043	36.726456	37.054924	140.601150	0.057414	0.056904	0.057929	0.087743
20150815002849.121100	39254.750000	157020.000000	29.604445	28.169821	224.969796	22.926230	0.641627	0.091917	0.634443	0.089365	36.899673	36.731969	37.068757	140.626506	0.058343	0.057196	0.059500	0.086196
20150815003259.121100	39504.750000	158020.000000	29.607074	28.165422	225.094961	22.686011	0.641615	0.091764	0.634416	0.089089	36.891334	36.726901	37.057065	140.526796	0.060698	0.060268	0.061132	0.090149
20150815003709.121100	39754.750000	159020.000000	29.609157	28.171126	224.965697	22.569318	0.641745	0.092002	0.634254	0.089159	36.886929	36.724089	37.051022	140.609488	0.058613	0.058039	0.059191	0.083252
20150815004119.140600	40004.750000	160020.000000	29.606358	28.168784	225.131308	22.756793	0.641828	0.092105	0.634561	0.089310	36.890205	36.726215	37.055502	140.594277	0.059070	0.059144	0.058996	0.086407
20150815004529.148400	40254.750000	161020.000000	29.606099	28.169588	224.955312	22.450712	0.642064	0.092117	0.634672	0.089214	36.877643	36.715944	37.040598	140.565542	0.060505	0.060085	0.060928	0.087915
20150815004939.148400	40504.750000	162020.000000	29.607530	28.169705	224.913772	22.716619	0.641991	0.092030	0.634940	0.089002	36.873550	36.709727	37.038651	140.497012	0.058670	0.057846	0.059500	0.085074
20150815005349.179700	40754.750000	163020.000000	29.606913	28.168694	224.949573	22.852443	0.642215	0.092030	0.634815	0.089376	36.868283	36.704962	37.032917	140.511838	0.059460	0.058820	0.060107	0.086441
20150815005759.171900	41004.750000	164020.000000	29.606975	28.168051	224.923064	22.676993	0.642248	0.092041	0.634782	0.089451	36.873508	36.710759	37.037543	140.516995	0.058581	0.057764	0.059405	0.087048
20150815010209.171900	41254.750000	165020.000000	29.610578	28.168828	224.818122	22.629715	0.642463	0.092058	0.634953	0.089267	36.860895	36.698881	37.024172	140.434042	0.057939	0.057607	0.058274	0.084254
20150815010619.179700	41504.750000	166020.000000	29.608889	28.167407	225.152351	22.909013	0.642621	0.092134	0.635398	0.089284	36.849288	36.686121	37.013745	140.473172	0.058094	0.057835	0.058355	0.087188
20150815011029.191400	41754.750000	167020.000000	29.606466	28.171135	224.885624	22.775923	0.642185	0.092186	0.634937	0.089229	36.855064	36.693340	37.018041	140.438309	0.059248	0.058082	0.060424	0.086397
20150815011439.199200	42004.750000	168020.000000	29.607735	28.171448	225.031559	22.895895	0.642880	0.092329	0.635203	0.088944	36.856239	36.692364	37.021429	140.442534	0.062603	0.062422	0.062785	0.091446
20150815011849.199200	42254.750000	169020.000000	29.607583	28.168507	224.983734	22.831673	0.643203	0.092613	0.635443	0.089490	36.862386	36.698906	37.027146	140.537017	0.056867	0.056172	0.057569	0.083748
20150815012259.210900	42504.750000	170020.000000	29.607333	28.167443	225.027733	22.708421	0.642929	0.092404	0.635356	0.089425	36.843433	36.677491	37.010721	140.438764	0.058415	0.057472	0.059365	0.086363
20150815012709.218700	42754.750000	171020.000000	29.609693	28.169499	225.015981	22.490339	0.643101	0.092171	0.635370	0.089477	36.843827	36.678074	37.010911	140.329569	0.059388	0.058563	0.060221	0.086771
20150815013119.230500	43004.750000	172020.000000	29.610185	28.170080	224.823861	22.723998	0.642867	0.092170	0.635490	0.089386	36.833521	36.670396	36.997918	140.362125	0.059174	0.058574	0.059779	0.087081
20150815013529.261700	43254.750000	173020.000000	29.608299	28.168390	225.020354	22.677266	0.643227	0.092123	0.635456	0.089268	36.837675	36.675509	37.001106	140.412514	0.058125	0.056918	0.059342	0.084269
20150815013939.238300	43504.750000	174020.000000	29.609050	28.171582	224.945747	22.755426	0.643209	0.092166	0.635838	0.089392	36.840390	36.674149	37.007970	140.447261	0.057931	0.056565	0.059309	0.087956
20150815014349.261700	43754.750000	175020.000000	29.608594	28.169955	224.932629	22.710334	0.643273	0.092508	0.635747	0.089569	36.823442	36.658342	36.989860	140.387152	0.059770	0.059034	0.060512	0.087864
20150815014759.261700	44004.750000	176020.000000	29.610248	28.170912	224.972256	22.662509	0.643475	0.092760	0.635977	0.089654	36.827549	36.662015	36.994389	140.498171	0.059490	0.059025	0.059959	0.084925
20150815015209.269500	44254.750000	177020.000000	29.611982	28.170822	225.064353	22.770184	0.643662	0.092828	0.636288	0.089713	36.821693	36.654571	36.990150	140.353904	0.057307	0.056027	0.058597	0.086234
20150815015619.300800	44504.750000	178020.000000	29.608245	28.170322	224.886990	22.895895	0.643887	0.093012	0.636236	0.089767	36.824913	36.661898	36.989194	140.349448	0.059744	0.059232	0.060261	0.085995
20150815020029.300800	44754.750000	179020.000000	29.613511	28.170983	224.862121	22.677540	0.643777	0.092752	0.636126	0.089885	36.813560	36.646060	36.982391	140.310073	0.059623	0.058624	0.060630	0.085665
20150815020439.289100	45004.750000	180020.000000	29.610006	28.172458	225.091135	22.608398	0.644088	0.092974	0.636693	0.089976	36.811918	36.645227	36.979928	140.381967	0.059626	0.058555	0.060706	0.089921
20150815020849.300800	45254.750000	181020.000000	29.612063	28.168721	224.862668	22.514934	0.644087	0.093326	0.636239	0.089980	36.812781	36.647923	36.978942	140.325585	0.056712	0.056023	0.057407	0.084058
20150815021259.308600	45504.750000	182020.000000	29.611812	28.172432	224.822495	22.549369	0.644008	0.093193	0.636173	0.089869	36.812424	36.645369	36.980797	140.364725	0.061014	0.060656	0.061375	0.086497
20150815021709.308600	45754.750000	183020.000000	29.613824	28.171824	224.971162	22.455085	0.644334	0.092645	0.636643	0.089871	36.791136	36.622990	36.960653	140.186106	0.059904	0.059995	0.059813	0.089275
20150815022119.320300	46004.750000	184020.000000	29.612948	28.171537	225.054241	22.788767	0.644263	0.093023	0.636672	0.089788	36.793513	36.629209	36.959111	140.270294	0.059007	0.058559	0.059459	0.084287
20150815022529.328100	46254.750000	185020.000000	29.611803	28.170652	224.922791	22.540623	0.644711	0.093101	0.637055	0.089943	36.783800	36.619883	36.949008	140.197418	0.058889	0.058239	0.059544	0.088040
20150815022939.339800	46504.750000	186020.000000	29.613368	28.168417	224.875512	22.659229	0.644280	0.093452	0.636897	0.090186	36.791164	36.624873	36.958782	140.189999	0.059530	0.058517	0.060550	0.084062
20150815023349.359400	46754.750000	187020.000000	29.613743	28.171913	224.955585	22.658410	0.644369	0.093080	0.636640	0.090271	36.776970	36.611170	36.944059	140.276083	0.059623	0.059240	0.060010	0.087352
20150815023759.351600	47004.750000	188020.000000	29.612447	28.171099	224.950666	22.269524	0.645005	0.093229	0.636903	0.090093	36.783784	36.613113	36.955865	140.216010	0.060935	0.060676	0.061196	0.086744
20150815024209.359400	47254.750000	189020.000000	29.614414	28.171931	225.041943	22.808170	0.644870	0.093567	0.637257	0.090199	36.785956	36.618885	36.954362	140.200097	0.059907	0.059611	0.060205	0.083766
20150815024619.390600	47504.750000	190020.000000	29.614351	28.171064	224.765378	22.740122	0.645103	0.093429	0.637311	0.090193	36.763613	36.597907	36.930623	140.230365	0.062080	0.061296	0.062870	0.093616
20150815025029.390600	47754.750000	191020.000000	29.614852	28.169785	225.303205	22.752147	0.644997	0.093499	0.637203	0.090560	36.778004	36.613143	36.944132	140.181861	0.057281	0.056406	0.058163	0.081632
20150815025439.390600	48004.750000	192020.000000	29.612724	28.172887	225.040030	22.467656	0.644978	0.093465	0.637336	0.090332	36.751494	36.585513	36.918792	140.126327	0.060460	0.060781	0.060136	0.086319
20150815025849.390600	48254.750000	193020.000000	29.613869	28.172119	225.035385	22.623429	0.645245	0.093615	0.637517	0.090155	36.759342	36.589966	36.930109	140.138795	0.060464	0.059991	0.060941	0.088803
20150815030259.328100	48504.750000	194020.000000	29.612939	28.172610	225.006416	22.510015	0.645509	0.093565	0.638076	0.090197	36.758733	36.590845	36.927970	140.212251	0.059714	0.059837	0.059589	0.086980
20150815030709.121100	48754.750000	195020.000000	29.618741	28.172378	224.906120	22.591181	0.645647	0.093506	0.637777	0.090450	36.746307	36.576299	36.917716	140.109350	0.058886	0.058400	0.059376	0.088405
20150815031119.011700	49004.750000	196020.000000	29.614575	28.173683	225.090588	22.655403	0.645759	0.093612	0.637649	0.090314	36.750272	36.583555	36.918337	140.132807	0.060240	0.060225	0.060255	0.085419
20150815031528.960900	49254.750000	197020.000000	29.614450	28.172664	225.130488	22.616597	0.645419	0.093663	0.637726	0.090081	36.747562	36.579504	36.916968	140.133029	0.058655	0.058105	0.059209	0.084693
20150815031938.941400	49504.750000	198020.000000	29.617007	28.171895	224.883164	22.650484	0.645605	0.093544	0.637777	0.090559	36.745812	36.574431	36.918620	140.102850	0.058298	0.057583	0.059020	0.085540
20150815032348.921900	49754.750000	199020.000000	29.615380	28.174005	224.859115	22.684645	0.646061	0.093809	0.638042	0.090609	36.736316	36.567640	36.906340	140.113410	0.061491	0.060806	0.062182	0.085712
20150815032758.910200	50004.750000	200020.000000	29.613860	28.172932	224.801452	22.815822	0.645846	0.093841	0.638166	0.090191	36.743709	36.572198	36.916633	140.125282	0.061650	0.060987	0.062317	0.090135
20150815033208.921900	50254.750000	201020.000000	29.614485	28.172887	224.988653	22.747501	0.646188	0.093595	0.638082	0.090700	36.726618	36.555719	36.898909	139.995858	0.061138	0.060738	0.061543	0.085728
20150815033618.921900	50504.750000	202020.000000	29.613243	28.172378	225.120103	22.724545	0.646022	0.093907	0.637901	0.090623	36.732431	36.561561	36.904698	140.152404	0.060690	0.060371	0.061012	0.089016
20150815034028.929700	50754.750000	203020.000000	29.615934	28.172029	224.762099	22.695303	0.646350	0.094127	0.638231	0.090645	36.723685	36.552723	36.896056	140.099966	0.058561	0.058803	0.058316	0.082502
20150815034438.941400	51004.750000	204020.000000	29.615862	28.172610	224.891636	22.545269	0.646409	0.094269	0.638437	0.090808	36.731797	36.560319	36.904697	140.104826	0.064017	0.063484	0.064556	0.089212
20150815034848.949200	51254.750000	205020.000000	29.615737	28.174515	224.967063	22.720992	0.646857	0.093876	0.638699	0.090558	36.714729	36.545872	36.884962	140.024557	0.062223	0.062355	0.062089	0.089510
20150815035258.960900	51504.750000	206020.000000	29.616765	28.174077	225.005050	22.791773	0.646807	0.094288	0.638421	0.090812	36.711671	36.540427	36.884344	140.009141	0.058556	0.058262	0.058853	0.081924
20150815035708.968700	51754.750000	207020.000000	29.616613	28.173925	224.969523	22.739849	0.646750	0.094615	0.638389	0.090700	36.718702	36.548432	36.890362	140.016767	0.060025	0.060089	0.059961	0.085483
20150815040118.968700	52004.750000	208020.000000	29.617695	28.171493	225.046316	22.624522	0.647094	0.094168	0.638894	0.090676	36.717627	36.544253	36.892463	140.066589	0.060918	0.059732	0.062115	0.088255
20150815040528.980500	52254.750000	209020.000000	29.617016	28.172288	224.961324	22.956565	0.647354	0.094240	0.638695	0.091118	36.708748	36.534825	36.884138	140.015374	0.060559	0.060152	0.060971	0.086438
20150815040938.988300	52504.750000	210020.000000	29.617364	28.174094	225.169295	22.530238	0.647210	0.094586	0.638648	0.090826	36.715790	36.545251	36.887719	139.977261	0.059646	0.059100	0.060196	0.086479
20150815041349.000000	52754.750000	211020.000000	29.615505	28.173934	225.023087	22.862281	0.647443	0.094403	0.638931	0.090505	36.700256	36.524682	36.877334	139.988022	0.058597	0.057936	0.059263	0.082617
20150815041759.000000	53004.750000	212020.000000	29.617928	28.173326	225.103979	22.478587	0.647137	0.094373	0.639396	0.090861	36.699804	36.528303	36.872725	140.003193	0.060735	0.060898	0.060571	0.088209
20150815042209.011700	53254.750000	213020.000000	29.619108	28.174211	224.979634	22.454538	0.647420	0.094492	0.638951	0.090871	36.687244	36.516452	36.859458	139.968868	0.061185	0.061581	0.060786	0.087224
20150815042619.050800	53504.750000	214020.000000	29.618160	28.175042	224.906667	22.749414	0.647544	0.094552	0.639089	0.090973	36.682040	36.509114	36.856422	139.947471	0.061761	0.061780	0.061743	0.086604
20150815043029.031200	53754.750000	215020.000000	29.618616	28.175731	224.880978	22.710880	0.647858	0.094467	0.639240	0.090885	36.680461	36.503933	36.858502	139.987989	0.061304	0.061196	0.061412	0.088512
20150815043439.039100	54004.750000	216020.000000	29.618813	28.176973	225.003957	22.676446	0.647790	0.094839	0.639302	0.091177	36.676563	36.500817	36.853808	139.972477	0.061505	0.061555	0.061454	0.086115
20150815043849.039100	54254.750000	217020.000000	29.620458	28.177000	224.861848	22.755699	0.647820	0.094793	0.639302	0.091069	36.677260	36.504082	36.851896	139.969776	0.059027	0.058989	0.059066	0.084013
20150815044259.039100	54504.750000	218020.000000	29.618741	28.176348	224.888630	22.571231	0.647956	0.094597	0.639419	0.091000	36.662740	36.488229	36.838729	139.889346	0.062111	0.062127	0.062096	0.084542
20150815044709.070300	54754.750000	219020.000000	29.617856	28.176589	225.138413	22.804344	0.648111	0.094687	0.639505	0.091022	36.676881	36.498922	36.856397	139.974253	0.063044	0.062955	0.063133	0.091054
20150815045119.050800	55004.750000	220020.000000	29.619626	28.173478	224.970889	22.728917	0.648233	0.094468	0.639775	0.090882	36.652354	36.478176	36.828009	139.853276	0.065187	0.066089	0.064277	0.091683
20150815045529.058600	55254.750000	221020.000000	29.621486	28.176929	224.859115	22.582709	0.648517	0.094267	0.639983	0.090898	36.648728	36.471375	36.827635	139.842277	0.061024	0.060405	0.061648	0.089693
20150815045939.058600	55504.750000	222020.000000	29.623426	28.176151	224.898742	22.739302	0.648546	0.094584	0.640031	0.091149	36.647726	36.472196	36.824764	139.872548	0.060639	0.060498	0.060781	0.085638
20150815050349.078100	55754.750000	223020.000000	29.618545	28.176464	224.991386	22.794779	0.648371	0.094630	0.639751	0.091373	36.650683	36.472850	36.830040	139.932168	0.063578	0.063736	0.063419	0.088820
20150815050759.078100	56004.750000	224020.000000	29.619662	28.175713	225.153717	22.703502	0.648164	0.095147	0.639752	0.091508	36.652257	36.476462	36.829529	139.869435	0.061814	0.062054	0.061572	0.090014
20150815051209.089800	56254.750000	225020.000000	29.623292	28.177108	224.909673	22.563579	0.648508	0.095251	0.640414	0.091459	36.645020	36.467192	36.824382	139.884208	0.060274	0.059872	0.060679	0.085216
20150815051619.089800	56504.750000	226020.000000	29.621593	28.176053	224.997671	22.819375	0.648822	0.095085	0.640440	0.091611	36.638818	36.463144	36.815959	139.802198	0.062704	0.062488	0.062923	0.089665
20150815052029.109400	56754.750000	227020.000000	29.618643	28.176294	224.766471	22.481867	0.648536	0.094854	0.640231	0.091289	36.641535	36.469334	36.815161	139.848015	0.063929	0.064247	0.063607	0.086984
20150815052439.109400	57004.750000	228020.000000	29.621969	28.176544	224.992752	22.692297	0.649092	0.094829	0.640271	0.090879	36.625476	36.448919	36.803548	139.795506	0.065215	0.064902	0.065530	0.090012
20150815052849.121100	57254.750000	229020.000000	29.621468	28.175909	225.012429	22.740942	0.648897	0.095114	0.640383	0.091366	36.616763	36.440070	36.794969	139.762512	0.063137	0.063290	0.062983	0.086662
20150815053259.128900	57504.750000	230020.000000	29.620485	28.173290	224.934269	22.657316	0.649337	0.095125	0.640427	0.091495	36.620934	36.438473	36.805032	139.793735	0.064086	0.064395	0.063774	0.090515
20150815053709.140600	57754.750000	231020.000000	29.622389	28.173898	224.988106	22.851349	0.649258	0.095339	0.640361	0.091609	36.624204	36.445969	36.803999	139.853897	0.064256	0.064076	0.064437	0.091336
20150815054119.140600	58004.750000	232020.000000	29.620762	28.174586	224.963784	22.282641	0.649557	0.095238	0.640660	0.091590	36.613021	36.433721	36.793879	139.785662	0.064385	0.064445	0.064325	0.087721
20150815054529.160200	58254.750000	233020.000000	29.622738	28.176741	225.062440	22.673987	0.649633	0.095157	0.640569	0.091494	36.609095	36.433514	36.786176	139.752520	0.063973	0.063754	0.064194	0.086883
20150815054939.160200	58504.750000	234020.000000	29.623176	28.178154	225.047682	22.770184	0.649626	0.094905	0.640685	0.091299	36.607508	36.428507	36.788081	139.778981	0.061283	0.061029	0.061540	0.087447
20150815055349.160200	58754.750000	235020.000000	29.621808	28.177796	224.896555	22.692024	0.650053	0.095586	0.640976	0.091797	36.604822	36.425097	36.786087	139.792886	0.063474	0.063653	0.063293	0.088501
20150815055759.171900	59004.750000	236020.000000	29.622076	28.178824	224.926617	22.452352	0.649669	0.095907	0.640945	0.091792	36.588064	36.408960	36.768747	139.643347	0.062269	0.062503	0.062033	0.087010
20150815060209.179700	59254.750000	237020.000000	29.622040	28.177447	225.079384	22.676993	0.650297	0.096108	0.641252	0.091941	36.591864	36.413459	36.771836	139.748802	0.066920	0.067056	0.066782	0.089914
20150815060619.191400	59504.750000	238020.000000	29.622622	28.177036	225.104253	22.521493	0.650131	0.095661	0.641013	0.091236	36.590826	36.407432	36.775885	139.754648	0.065129	0.065397	0.064859	0.088859
20150815061029.191400	59754.750000	239020.000000	29.623086	28.175668	224.991659	22.758706	0.650361	0.095681	0.641229	0.091895	36.596045	36.417640	36.775973	139.717148	0.063422	0.063423	0.063422	0.085375
20150815061439.230500	60004.750000	240020.000000	29.621280	28.176812	225.055334	22.625069	0.650350	0.095643	0.641535	0.091940	36.584302	36.406892	36.763226	139.752294	0.063833	0.063935	0.063730	0.087050
20150815061849.210900	60254.750000	241020.000000	29.627056	28.179271	224.911313	22.703775	0.650652	0.095831	0.641590	0.091977	36.569515	36.392849	36.747721	139.738935	0.063323	0.063309	0.063337	0.086243
20150815062259.230500	60504.750000	242020.000000	29.624267	28.180559	224.902021	22.702955	0.650982	0.095984	0.641546	0.091955	36.573663	36.391993	36.756962	139.756169	0.064447	0.063616	0.065285	0.088286
20150815062709.250000	60754.750000	243020.000000	29.623981	28.177385	224.843811	22.776742	0.650580	0.095913	0.641577	0.091937	36.573923	36.394858	36.754537	139.691735	0.062857	0.062992	0.062719	0.087321
20150815063119.238300	61004.750000	244020.000000	29.624758	28.178583	224.874966	22.704595	0.650955	0.096273	0.641788	0.092122	36.567909	36.384944	36.752525	139.550586	0.062911	0.062626	0.063200	0.088685
20150815063529.238300	61254.750000	245020.000000	29.625965	28.176249	224.904754	22.876765	0.650635	0.095891	0.641785	0.092324	36.562614	36.381928	36.744870	139.601416	0.065180	0.065445	0.064912	0.086199
20150815063939.261700	61504.750000	246020.000000	29.626842	28.173388	225.016528	22.695303	0.650944	0.095921	0.641725	0.091922	36.544191	36.360038	36.730009	139.521234	0.064090	0.064126	0.064053	0.088455
20150815064349.269500	61754.750000	247020.000000	29.628057	28.178109	225.230511	22.779749	0.651026	0.095907	0.642024	0.091838	36.549742	36.369201	36.731873	139.588359	0.063352	0.062940	0.063767	0.087921
20150815064759.269500	62004.750000	248020.000000	29.622478	28.177331	224.829327	22.845884	0.650933	0.095943	0.641871	0.091827	36.554923	36.371685	36.739807	139.642072	0.066392	0.066339	0.066446	0.091796
20150815065209.281200	62254.750000	249020.000000	29.625947	28.178341	225.109172	22.686831	0.651236	0.095984	0.642105	0.092283	36.550133	36.366266	36.735665	139.648524	0.063802	0.063689	0.063917	0.090961
20150815065619.281200	62504.750000	250020.000000	29.625196	28.178189	224.983460	22.895622	0.651348	0.096002	0.642365	0.091894	36.543182	36.363151	36.724805	139.619262	0.065099	0.065567	0.064626	0.087016
20150815070029.289100	62754.750000	251020.000000	29.625643	28.174515	224.946020	22.725091	0.651671	0.095955	0.642356	0.091992	36.538920	36.353161	36.726388	139.581993	0.066069	0.065952	0.066187	0.089186
20150815070439.300800	63004.750000	252020.000000	29.626099	28.177411	225.228324	22.749687	0.651722	0.096155	0.642368	0.092280	36.537631	36.357104	36.719754	139.558642	0.065412	0.066152	0.064665	0.088121
20150815070849.351600	63254.750000	253020.000000	29.627190	28.178386	224.975535	22.694483	0.651750	0.096150	0.642259	0.092272	36.526804	36.344943	36.710284	139.578789	0.063587	0.063615	0.063558	0.090773
20150815071259.308600	63504.750000	254020.000000	29.626636	28.180085	224.847091	22.738756	0.651863	0.095993	0.642623	0.092249	36.529579	36.347295	36.713493	139.515902	0.065631	0.066026	0.065232	0.091254
20150815071709.320300	63754.750000	255020.000000	29.624758	28.179003	224.845178	22.507556	0.651763	0.096482	0.642504	0.092349	36.520938	36.334878	36.708706	139.568867	0.066250	0.066832	0.065662	0.088282
20150815072119.328100	64004.750000	256020.000000	29.627467	28.176196	225.028279	22.661962	0.651925	0.096142	0.642653	0.092238	36.511809	36.330107	36.695131	139.519289	0.065094	0.064960	0.065230	0.089214
20150815072529.339800	64254.750000	257020.000000	29.629604	28.181399	225.147978	22.645565	0.652173	0.096433	0.643028	0.092540	36.510716	36.325297	36.697829	139.472685	0.064304	0.064575	0.064031	0.084755
20150815072939.351600	64504.750000	258020.000000	29.628513	28.178216	225.001224	22.526686	0.651988	0.096092	0.642850	0.092095	36.499619	36.318323	36.682532	139.516600	0.066358	0.066488	0.066226	0.088140
20150815073349.351600	64754.750000	259020.000000	29.630087	28.180863	224.956678	22.769910	0.652194	0.096344	0.643110	0.092263	36.496477	36.313572	36.681025	139.560023	0.067432	0.067578	0.067284	0.089920
20150815073759.359400	65004.750000	260020.000000	29.627315	28.179262	224.946293	22.713887	0.652130	0.096330	0.642909	0.092154	36.490480	36.307873	36.674736	139.415988	0.064863	0.065142	0.064581	0.087084
20150815074209.390600	65254.750000	261020.000000	29.628665	28.181810	224.810744	22.657863	0.652382	0.096226	0.643019	0.092329	36.486515	36.302333	36.672379	139.439979	0.064325	0.064498	0.064150	0.089094
20150815074619.378900	65504.750000	262020.000000	29.627485	28.176857	224.967610	22.827300	0.652174	0.095703	0.643031	0.092188	36.485002	36.300445	36.671243	139.422880	0.065953	0.066775	0.065123	0.087437
20150815075029.390600	65754.750000	263020.000000	29.630239	28.180326	225.107805	22.741762	0.651975	0.095819	0.643082	0.091897	36.477601	36.290706	36.666212	139.417001	0.065791	0.066362	0.065216	0.086589
20150815075439.390600	66004.750000	264020.000000	29.628594	28.178538	224.990019	22.460824	0.652533	0.095874	0.643175	0.091953	36.466597	36.277902	36.657062	139.404150	0.065105	0.065197	0.065012	0.086570
20150815075849.410200	66254.750000	265020.000000	29.628120	28.179897	224.906120	22.621789	0.652933	0.096001	0.643560	0.092013	36.462359	36.270201	36.656379	139.353136	0.066911	0.067800	0.066013	0.089650
20150815080259.410200	66504.750000	266020.000000	29.629497	28.180836	224.977995	22.444973	0.652532	0.095962	0.643238	0.092129	36.456101	36.266816	36.647184	139.368882	0.063891	0.065047	0.062724	0.090057
20150815080709.441400	66754.750000	267020.000000	29.629247	28.181220	225.004777	22.724272	0.652613	0.095564	0.643402	0.092102	36.458998	36.268509	36.651319	139.344140	0.066941	0.066904	0.066980	0.090211
20150815081119.449200	67004.750000	268020.000000	29.629014	28.179745	224.936728	22.846430	0.652752	0.096075	0.643506	0.092229	36.451792	36.264823	36.640485	139.329175	0.067247	0.068321	0.066162	0.090180
20150815081529.460900	67254.750000	269020.000000	29.631044	28.181471	224.858295	22.690657	0.653082	0.095913	0.643814	0.092109	36.442058	36.252839	36.633071	139.418645	0.067738	0.068673	0.066794	0.087340
20150815081939.449200	67504.750000	270020.000000	29.630793	28.181122	224.773577	22.734930	0.653067	0.096000	0.643914	0.092204	36.444909	36.255194	36.636427	139.313892	0.068736	0.069404	0.068061	0.091766
20150815082349.449200	67754.750000	271020.000000	29.628674	28.178064	224.836159	22.707054	0.652846	0.095704	0.643636	0.092090	36.432705	36.245769	36.621388	139.328307	0.065866	0.066589	0.065135	0.089218
20150815082759.460900	68004.750000	272020.000000	29.628719	28.180648	225.039757	22.884417	0.652651	0.095994	0.643647	0.092173	36.430516	36.244857	36.617891	139.314062	0.065153	0.066159	0.064138	0.090541
20150815083209.449200	68254.750000	273020.000000	29.629148	28.180442	224.903661	22.724818	0.653029	0.095845	0.643877	0.092163	36.416772	36.226296	36.609086	139.303549	0.066448	0.067662	0.065222	0.088733
20150815083619.480500	68504.750000	274020.000000	29.630096	28.178636	224.701702	22.652944	0.653247	0.095869	0.643945	0.092068	36.397469	36.208077	36.588651	139.185074	0.067693	0.069156	0.066216	0.089501
20150815084029.511700	68754.750000	275020.000000	29.631383	28.180961	225.133221	22.708967	0.653675	0.095820	0.644482	0.092073	36.411542	36.223098	36.601753	139.328149	0.069028	0.069755	0.068295	0.091406
20150815084439.488300	69004.750000	276020.000000	29.629863	28.180264	224.992479	22.777289	0.653818	0.096065	0.644479	0.092388	36.394309	36.203431	36.587037	139.193292	0.067292	0.067848	0.066730	0.087897
20150815084849.488300	69254.750000	277020.000000	29.630507	28.179986	224.984007	22.772916	0.653641	0.096008	0.644304	0.092497	36.403042	36.213234	36.594652	139.278491	0.069416	0.070285	0.068538	0.089135
20150815085259.500000	69504.750000	278020.000000	29.631598	28.181721	224.937548	22.629988	0.653626	0.096087	0.644544	0.092365	36.388604	36.196718	36.582336	139.184422	0.069186	0.069379	0.068992	0.091150
20150815085709.511700	69754.750000	279020.000000	29.630328	28.180362	225.056974	22.683279	0.653859	0.096039	0.644683	0.092264	36.393429	36.202673	36.586024	139.221183	0.069131	0.069497	0.068760	0.089937
20150815090119.519500	70004.750000	280020.000000	29.631446	28.178359	224.903934	22.546909	0.654078	0.096161	0.644506	0.092254	36.381309	36.186786	36.577744	139.152390	0.069845	0.070854	0.068826	0.091604
20150815090529.531200	70254.750000	281020.000000	29.631893	28.183062	224.974988	22.924590	0.654048	0.096058	0.644731	0.092687	36.385767	36.193040	36.580370	139.236948	0.067448	0.068334	0.066553	0.084996
20150815090939.539100	70504.750000	282020.000000	29.630230	28.181721	224.906120	22.468749	0.654291	0.096359	0.645005	0.092356	36.367806	36.174664	36.562844	139.201320	0.067871	0.068578	0.067157	0.090675
20150815091349.550800	70754.750000	283020.000000	29.632206	28.180648	224.868680	22.689291	0.654423	0.096265	0.645087	0.092633	36.360606	36.169161	36.553899	139.131254	0.068227	0.069263	0.067180	0.087378
20150815091759.570300	71004.750000	284020.000000	29.632903	28.180872	224.941648	22.618783	0.654553	0.096154	0.645074	0.092751	36.358694	36.165331	36.553943	139.147040	0.070878	0.071713	0.070033	0.092202
20150815092209.578100	71254.750000	285020.000000	29.631991	28.181828	224.911586	22.614957	0.654718	0.096285	0.645096	0.092170	36.349631	36.155019	36.546189	139.093028	0.069621	0.069898	0.069342	0.088768
20150815092619.570300	71504.750000	286020.000000	29.632358	28.182374	224.943014	22.895622	0.654548	0.096301	0.645126	0.092300	36.347321	36.152903	36.543646	139.084846	0.068886	0.070206	0.067552	0.091271
20150815093029.570300	71754.750000	287020.000000	29.633297	28.181113	225.049595	22.751600	0.654449	0.096509	0.645592	0.092632	36.341806	36.151955	36.533457	139.100953	0.068509	0.069230	0.067782	0.086717
20150815093439.589800	72004.750000	288020.000000	29.636757	28.180800	225.064353	22.886603	0.655462	0.096387	0.645976	0.092754	36.345815	36.155763	36.537705	139.137560	0.068932	0.069910	0.067944	0.090255
20150815093849.589800	72254.750000	289020.000000	29.636363	28.181506	224.969523	22.733563	0.655465	0.096676	0.645789	0.093069	36.333204	36.138206	36.530136	139.096366	0.069117	0.070480	0.067738	0.089715
20150815094259.601600	72504.750000	290020.000000	29.633985	28.183885	225.005870	22.621789	0.655341	0.096306	0.646215	0.092798	36.311191	36.116078	36.508210	139.010485	0.071735	0.073089	0.070367	0.092866
20150815094709.628900	72754.750000	291020.000000	29.634745	28.181712	225.063533	22.738482	0.655374	0.096272	0.645853	0.092898	36.316976	36.122305	36.513566	138.965545	0.070910	0.071880	0.069929	0.092874
20150815095119.609400	73004.750000	292020.000000	29.635085	28.182293	224.844631	22.547182	0.655185	0.096317	0.645943	0.092608	36.301300	36.107275	36.497220	138.993190	0.068828	0.069605	0.068044	0.089426
20150815095529.621100	73254.750000	293020.000000	29.634709	28.180818	225.055608	22.743402	0.655718	0.096768	0.646432	0.092881	36.309398	36.116974	36.503697	139.052628	0.068618	0.069103	0.068129	0.087708
20150815095939.640600	73504.750000	294020.000000	29.634110	28.181283	225.068725	22.533518	0.656084	0.096657	0.646410	0.092850	36.293417	36.098143	36.490590	138.906992	0.073066	0.073572	0.072555	0.092153
20150815100349.640600	73754.750000	295020.000000	29.637606	28.180737	224.986193	22.766631	0.656241	0.097187	0.646841	0.093190	36.295898	36.101695	36.492003	138.904334	0.070964	0.071619	0.070302	0.090420
20150815100759.648400	74004.750000	296020.000000	29.634781	28.185029	225.049322	22.908740	0.656352	0.097317	0.646728	0.093275	36.287930	36.090704	36.487112	138.930149	0.070724	0.071285	0.070158	0.091805
20150815101209.671900	74254.750000	297020.000000	29.636766	28.179933	224.923064	22.780022	0.656149	0.097157	0.646968	0.093543	36.287204	36.091671	36.484668	138.911628	0.070666	0.071656	0.069666	0.091260
20150815101619.660200	74504.750000	298020.000000	29.636658	28.183017	224.970343	22.684098	0.656933	0.097049	0.647169	0.093226	36.284162	36.087846	36.482413	138.933271	0.072861	0.073506	0.072209	0.094700
20150815102029.671900	74754.750000	299020.000000	29.638411	28.181417	224.877152	22.840418	0.656814	0.097277	0.647123	0.093399	36.281847	36.080297	36.485461	138.940453	0.072606	0.072945	0.072262	0.092477
20150815102439.679700	75004.750000	300020.000000	29.636006	28.182096	224.789154	22.866653	0.656925	0.097281	0.646991	0.093648	36.272978	36.079302	36.468544	138.940747	0.074435	0.075662	0.073193	0.091711
20150815102849.699200	75254.750000	301020.000000	29.636784	28.184895	224.882618	22.663329	0.656961	0.097207	0.647140	0.093461	36.259182	36.058967	36.461448	138.841852	0.071543	0.071938	0.071143	0.091807
20150815103259.679700	75504.750000	302020.000000	29.636158	28.185029	224.896555	22.843424	0.657493	0.097519	0.648161	0.093576	36.253516	36.056590	36.452398	138.873353	0.070710	0.071648	0.069762	0.091723
20150815103709.730500	75754.750000	303020.000000	29.638196	28.184180	224.868680	22.722359	0.657849	0.097852	0.648125	0.094077	36.257691	36.061147	36.456204	138.873248	0.071253	0.071717	0.070785	0.091117
20150815104119.718700	76004.750000	304020.000000	29.637436	28.182633	225.126662	22.725911	0.658277	0.097861	0.648505	0.094175	36.240316	36.041895	36.440720	138.788127	0.072327	0.073121	0.071524	0.093826
20150815104529.718700	76254.750000	305020.000000	29.643185	28.184510	224.982094	22.654857	0.658388	0.098141	0.648347	0.094098	36.238011	36.037391	36.440660	138.813846	0.073645	0.074441	0.072839	0.095162
20150815104939.718700	76504.750000	306020.000000	29.640682	28.186540	224.857202	22.667428	0.658195	0.098304	0.648252	0.094305	36.243707	36.044074	36.445352	138.900038	0.072386	0.072972	0.071794	0.092141
20150815105349.738300	76754.750000	307020.000000	29.637803	28.185127	225.007509	22.729464	0.658313	0.098312	0.649007	0.094457	36.236101	36.040936	36.433179	138.892428	0.072901	0.072898	0.072903	0.091869
20150815105759.738300	77004.750000	308020.000000	29.640387	28.183742	225.005323	22.691750	0.658606	0.098183	0.648655	0.094357	36.233143	36.033187	36.435111	138.806360	0.073295	0.074047	0.072535	0.090720
20150815110209.750000	77254.750000	309020.000000	29.638929	28.184582	225.037298	22.769637	0.659009	0.098413	0.649339	0.094482	36.223239	36.024578	36.423900	138.779869	0.074611	0.075288	0.073926	0.095527
20150815110619.761700	77504.750000	310020.000000	29.638134	28.185074	224.923064	22.623429	0.658948	0.098427	0.648910	0.094538	36.217710	36.015771	36.421720	138.785869	0.074983	0.075986	0.073967	0.091635
20150815111029.769500	77754.750000	311020.000000	29.638527	28.184153	225.026093	22.679453	0.659276	0.098695	0.649241	0.094740	36.217933	36.016574	36.421353	138.865397	0.075210	0.075825	0.074588	0.093161
20150815111439.781200	78004.750000	312020.000000	29.639984	28.183125	225.013248	22.544176	0.659215	0.098445	0.649357	0.094838	36.201144	35.999310	36.405053	138.774672	0.075177	0.075435	0.074916	0.089967
20150815111849.781200	78254.750000	313020.000000	29.640798	28.184528	224.886717	22.728644	0.659282	0.098791	0.649611	0.094759	36.207243	36.003202	36.413402	138.679919	0.075620	0.076568	0.074662	0.093554
20150815112259.789100	78504.750000	314020.000000	29.641987	28.183974	224.960504	22.546089	0.659708	0.099118	0.649779	0.094880	36.207819	36.008733	36.408934	138.735549	0.073345	0.073956	0.072728	0.093014
20150815112709.789100	78754.750000	315020.000000	29.640762	28.181909	224.985647	22.637913	0.659846	0.099129	0.649718	0.094755	36.194085	35.989499	36.400814	138.745270	0.072068	0.072885	0.071242	0.088177
20150815113119.800800	79004.750000	316020.000000	29.641817	28.185521	225.117644	22.636547	0.659788	0.098411	0.649926	0.094948	36.184676	35.980782	36.390681	138.643994	0.075824	0.076742	0.074895	0.093727
20150815113529.808600	79254.750000	317020.000000	29.640431	28.186120	224.973349	22.755973	0.659754	0.098861	0.649951	0.095157	36.182889	35.980121	36.387750	138.635579	0.072158	0.073549	0.070750	0.090104
20150815113939.820300	79504.750000	318020.000000	29.640995	28.185118	225.067632	22.685465	0.660183	0.099214	0.650179	0.095512	36.169957	35.967307	36.374713	138.630992	0.074502	0.075142	0.073854	0.092192
20150815114349.839800	79754.750000	319020.000000	29.645492	28.184475	225.051782	22.816642	0.660435	0.098725	0.650787	0.095080	36.174839	35.974293	36.377428	138.674242	0.075532	0.076359	0.074696	0.093741
20150815114759.828100	80004.750000	320020.000000	29.641156	28.186853	225.094141	22.821015	0.660227	0.099067	0.650421	0.095508	36.163679	35.958971	36.370513	138.648730	0.074583	0.075877	0.073274	0.091557
20150815115209.839800	80254.750000	321020.000000	29.641120	28.185244	224.727118	22.772370	0.660221	0.098684	0.650341	0.095125	36.142708	35.937340	36.350220	138.627019	0.074655	0.075997	0.073299	0.097016
20150815115619.851600	80504.750000	322020.000000	29.645224	28.184671	225.231604	22.632174	0.660684	0.098595	0.651224	0.095231	36.150534	35.943459	36.359787	138.654363	0.074670	0.074926	0.074411	0.092646
20150815120029.859400	80754.750000	323020.000000	29.644580	28.188257	224.997671	22.460004	0.660926	0.098688	0.651273	0.095334	36.134185	35.930943	36.339522	138.589380	0.075259	0.076127	0.074382	0.092688
20150815120439.859400	81004.750000	324020.000000	29.645036	28.183241	224.963784	22.760892	0.660917	0.098526	0.651493	0.095104	36.141286	35.937758	36.346920	138.580455	0.077050	0.077206	0.076893	0.097248
20150815120849.808600	81254.750000	325020.000000	29.645188	28.186290	224.855289	22.682459	0.660921	0.099090	0.651335	0.095542	36.108713	35.902999	36.316592	138.554616	0.073793	0.074520	0.073058	0.091302
20150815121259.550800	81504.750000	326020.000000	29.645340	28.186594	224.752534	22.686831	0.660951	0.098947	0.651259	0.095426	36.113289	35.909569	36.319135	138.462357	0.077947	0.079030	0.076851	0.096164
20150815121709.460900	81754.750000	327020.000000	29.645340	28.187702	225.053421	22.550462	0.661191	0.099154	0.651756	0.095606	36.111511	35.906046	36.319145	138.526926	0.078307	0.079202	0.077403	0.094070
20150815122119.398400	82004.750000	328020.000000	29.645250	28.187202	224.882071	22.618783	0.661688	0.098585	0.651789	0.095648	36.104971	35.900825	36.311236	138.465669	0.077675	0.077671	0.077679	0.093203
20150815122529.378900	82254.750000	329020.000000	29.644061	28.188319	225.185965	22.561940	0.661418	0.098879	0.652118	0.095491	36.100633	35.896680	36.306700	138.505835	0.077870	0.078668	0.077063	0.101180
20150815122939.351600	82504.750000	330020.000000	29.646958	28.187604	225.176947	22.640646	0.661634	0.099003	0.652260	0.095725	36.087646	35.880354	36.297152	138.431407	0.077963	0.078026	0.077899	0.096475
20150815123349.339800	82754.750000	331020.000000	29.645849	28.184197	225.076924	22.643106	0.661923	0.098920	0.652431	0.095544	36.081106	35.870468	36.294033	138.433260	0.075085	0.074690	0.075483	0.088141
20150815123759.339800	83004.750000	332020.000000	29.645063	28.189964	224.845451	22.781662	0.662016	0.099168	0.652561	0.095884	36.073459	35.864805	36.284384	138.456963	0.078249	0.077942	0.078560	0.094061
20150815124209.351600	83254.750000	333020.000000	29.648791	28.189472	225.052602	22.763898	0.662131	0.099409	0.652877	0.095797	36.057257	35.852540	36.264130	138.281828	0.075806	0.075659	0.075954	0.094170
20150815124619.351600	83504.750000	334020.000000	29.650213	28.186996	224.932083	22.607578	0.662178	0.099162	0.652977	0.095984	36.049012	35.845487	36.254668	138.350033	0.078354	0.078382	0.078326	0.096521
20150815125029.378900	83754.750000	335020.000000	29.648862	28.188471	224.988926	22.605119	0.662514	0.099342	0.653207	0.095614	36.041041	35.835761	36.248506	138.323494	0.079821	0.079659	0.079984	0.094035
20150815125439.371100	84004.750000	336020.000000	29.645697	28.185431	224.928530	22.632174	0.662349	0.099486	0.653026	0.096074	36.034903	35.829324	36.242676	138.254148	0.078297	0.077946	0.078651	0.095055
20150815125849.378900	84254.750000	337020.000000	29.652287	28.186236	224.943561	22.766358	0.663118	0.099296	0.653888	0.096338	36.037678	35.833197	36.244326	138.297047	0.076252	0.076222	0.076283	0.092824
20150815130259.378900	84504.750000	338020.000000	29.649283	28.187425	224.788334	22.577790	0.662724	0.099129	0.653635	0.096338	36.021565	35.818325	36.226947	138.206222	0.077156	0.076547	0.077771	0.093802
20150815130709.390600	84754.750000	339020.000000	29.649998	28.188838	224.941648	22.786854	0.663002	0.099388	0.653814	0.096667	36.015736	35.813484	36.220116	138.255002	0.078195	0.077482	0.078915	0.098531
20150815131119.410200	85004.750000	340020.000000	29.648406	28.187103	224.741056	22.710334	0.662957	0.099638	0.654114	0.096672	36.007831	35.808605	36.209116	138.221660	0.079462	0.078615	0.080317	0.097931
20150815131529.410200	85254.750000	341020.000000	29.650731	28.189276	225.049049	22.886330	0.663338	0.099802	0.654723	0.096669	35.995650	35.798600	36.194710	138.171602	0.079981	0.078540	0.081435	0.094082
20150815131939.421900	85504.750000	342020.000000	29.648085	28.185735	224.724932	22.606759	0.663381	0.099503	0.654914	0.097114	35.989574	35.792066	36.189113	138.129342	0.082650	0.081766	0.083544	0.099868
20150815132349.421900	85754.750000	343020.000000	29.650660	28.190000	224.865401	22.726731	0.663862	0.099806	0.655214	0.096807	35.982084	35.784473	36.181740	138.131795	0.080225	0.079865	0.080589	0.097817
20150815132759.449200	86004.750000	344020.000000	29.652305	28.187801	224.995485	22.884690	0.664051	0.100074	0.655699	0.097390	35.974806	35.777758	36.173862	138.087969	0.080139	0.080061	0.080217	0.094738
20150815133209.441400	86254.750000	345020.000000	29.653431	28.190134	224.985647	22.401521	0.664380	0.099849	0.656072	0.097057	35.956761	35.759017	36.156540	138.034302	0.080962	0.079609	0.082328	0.095684
20150815133619.449200	86504.750000	346020.000000	29.649605	28.188292	225.000951	22.713613	0.664489	0.100147	0.656086	0.097245	35.962822	35.772138	36.155383	138.045632	0.082568	0.082134	0.083007	0.095870
20150815134029.449200	86754.750000	347020.000000	29.652850	28.188918	225.014068	22.507829	0.664808	0.100316	0.656642	0.097802	35.944113	35.756372	36.133692	137.988482	0.079637	0.078567	0.080718	0.096202
20150815134439.460900	87004.750000	348020.000000	29.655219	28.191895	224.968156	22.701315	0.664648	0.100225	0.656703	0.097975	35.940154	35.757759	36.124261	137.983720	0.082420	0.081098	0.083755	0.100986
20150815134849.468700	87254.750000	349020.000000	29.655219	28.190447	224.910220	22.915298	0.664898	0.100315	0.657484	0.098169	35.918427	35.733767	36.104850	137.809953	0.082242	0.079900	0.084606	0.094797
20150815135259.480500	87504.750000	350020.000000	29.655049	28.187854	225.038937	22.569865	0.664763	0.100036	0.657963	0.098481	35.908280	35.737024	36.081038	137.755408	0.081779	0.079093	0.084490	0.097546
20150815135709.488300	87754.750000	351020.000000	29.655657	28.193156	224.982914	22.707874	0.664905	0.100031	0.658739	0.098373	35.885368	35.719498	36.052644	137.753939	0.085376	0.081869	0.088911	0.102010
20150815140119.488300	88004.750000	352020.000000	29.659770	28.192182	225.088129	22.641739	0.665456	0.100343	0.659211	0.099252	35.875167	35.717075	36.034541	137.636535	0.082436	0.079100	0.085803	0.097627
20150815140529.511700	88254.750000	353020.000000	29.659645	28.191904	225.047682	22.809810	0.665589	0.100451	0.659687	0.099378	35.855646	35.701459	36.011050	137.600283	0.085790	0.083766	0.087832	0.100005
20150815140939.511700	88504.750000	354020.000000	29.660950	28.191949	225.182959	22.887696	0.665916	0.100572	0.660373	0.099345	35.844960	35.694250	35.996815	137.480898	0.080543	0.077955	0.083152	0.097050
20150815141349.519500	88754.750000	355020.000000	29.660763	28.192503	224.913499	22.556747	0.665834	0.100210	0.660158	0.099555	35.831337	35.682733	35.981065	137.514531	0.084516	0.082018	0.087037	0.100992
20150815141759.519500	89004.750000	356020.000000	29.660843	28.191913	224.846544	22.773736	0.665996	0.100394	0.660457	0.099763	35.824416	35.679366	35.970532	137.397789	0.084176	0.081809	0.086564	0.098939
20150815142209.539100	89254.750000	357020.000000	29.660503	28.191806	224.959684	22.760619	0.666658	0.100300	0.661326	0.099733	35.809748	35.671448	35.949013	137.359347	0.084448	0.082467	0.086446	0.101258
20150815142619.570300	89504.750000	358020.000000	29.662765	28.188909	225.075284	22.626708	0.666627	0.100686	0.661331	0.099942	35.795759	35.662372	35.930037	137.315024	0.087611	0.085524	0.089716	0.101931
20150815143029.578100	89754.750000	359020.000000	29.663498	28.191895	224.802818	22.806531	0.666899	0.100762	0.661541	0.099864	35.783262	35.652217	35.915175	137.248571	0.081698	0.079085	0.084333	0.096392
20150815143439.558600	90004.750000	360020.000000	29.664804	28.193800	225.148525	22.588995	0.666915	0.100452	0.661960	0.099721	35.778863	35.653490	35.905033	137.263078	0.086343	0.083905	0.088800	0.100731
20150815143849.558600	90254.750000	361020.000000	29.664384	28.195507	225.009969	22.929783	0.667210	0.101084	0.662505	0.100363	35.776300	35.655652	35.897674	137.230130	0.087054	0.085713	0.088404	0.103116
20150815144259.570300	90504.750000	362020.000000	29.665778	28.193701	225.068452	22.769637	0.667719	0.101449	0.663085	0.100610	35.742828	35.630123	35.856162	137.089848	0.086774	0.085331	0.088227	0.102450
20150815144709.589800	90754.750000	363020.000000	29.666896	28.195963	224.966790	22.626982	0.667594	0.100894	0.663152	0.100040	35.736583	35.628994	35.844750	137.087802	0.088434	0.086952	0.089927	0.103651
20150815145119.589800	91004.750000	364020.000000	29.666806	28.193970	224.885351	22.871299	0.667746	0.101180	0.663558	0.100640	35.737875	35.640418	35.835775	137.080992	0.087354	0.085497	0.089224	0.099495
20150815145529.601600	91254.750000	365020.000000	29.667486	28.195266	225.058067	22.489792	0.668168	0.101057	0.664164	0.100387	35.731523	35.635897	35.827582	137.025137	0.086638	0.085249	0.088036	0.101178
20150815145939.609400	91504.750000	366020.000000	29.669855	28.194980	225.309217	22.797512	0.668671	0.101366	0.665007	0.100930	35.707481	35.613584	35.801788	136.945288	0.086698	0.085622	0.087781	0.101887
20150815150349.609400	91754.750000	367020.000000	29.670016	28.195284	225.008329	22.617143	0.668583	0.102044	0.664848	0.100982	35.686583	35.598701	35.774819	136.870158	0.086644	0.085438	0.087856	0.097948
20150815150759.621100	92004.750000	368020.000000	29.669542	28.195034	224.899835	22.631901	0.668622	0.101827	0.664641	0.100949	35.677615	35.586092	35.769527	136.891445	0.088466	0.088096	0.088839	0.098921
20150815151209.628900	92254.750000	369020.000000	29.672108	28.195785	225.170388	22.495804	0.669227	0.101839	0.665492	0.101335	35.667395	35.578806	35.756332	136.850649	0.087675	0.087673	0.087677	0.102393
20150815151619.660200	92504.750000	370020.000000	29.672189	28.195329	224.924431	22.833039	0.669581	0.102081	0.665979	0.101564	35.641221	35.553980	35.728802	136.741214	0.087890	0.087230	0.088554	0.100646
20150815152029.640600	92754.750000	371020.000000	29.671938	28.197528	225.329167	22.579430	0.669851	0.101745	0.666366	0.101247	35.632177	35.540876	35.723868	136.688239	0.089388	0.088311	0.090470	0.102192
20150815152439.648400	93004.750000	372020.000000	29.672448	28.197913	224.960231	22.828940	0.670379	0.102206	0.666794	0.101556	35.610317	35.528994	35.691921	136.670648	0.091261	0.091175	0.091348	0.105380
20150815152849.660200	93254.750000	373020.000000	29.678340	28.199683	225.081843	22.642559	0.670791	0.102914	0.667579	0.102112	35.604887	35.520584	35.689515	136.565560	0.089413	0.089949	0.088875	0.102206
20150815153259.671900	93504.750000	374020.000000	29.677330	28.196902	224.911313	22.692024	0.671098	0.102864	0.667386	0.102048	35.589501	35.503339	35.676005	136.476248	0.090846	0.090908	0.090783	0.107197
20150815153709.691400	93754.750000	375020.000000	29.677786	28.196831	225.201542	22.817462	0.671497	0.102667	0.667790	0.101792	35.572204	35.488258	35.656464	136.432882	0.088883	0.089901	0.087860	0.101854
20150815154119.679700	94004.750000	376020.000000	29.677553	28.199513	224.897922	22.685738	0.671334	0.103046	0.667883	0.102088	35.567918	35.484326	35.651830	136.443894	0.091081	0.091823	0.090336	0.106958
20150815154529.699200	94254.750000	377020.000000	29.680280	28.197465	225.012702	22.837139	0.671864	0.103124	0.668390	0.102499	35.541384	35.456399	35.626683	136.257540	0.089556	0.090968	0.088136	0.103489
20150815154939.699200	94504.750000	378020.000000	29.680280	28.200997	224.985100	22.696943	0.672428	0.103298	0.668781	0.102392	35.528153	35.448328	35.608241	136.365588	0.091744	0.093379	0.090101	0.105692
20150815155349.738300	94754.750000	379020.000000	29.680691	28.200040	225.049322	22.857088	0.672951	0.103341	0.668938	0.102538	35.504894	35.422706	35.587365	136.177814	0.091044	0.092666	0.089412	0.101882
20150815155759.710900	95004.750000	380020.000000	29.683695	28.200648	224.991386	22.770184	0.673468	0.103599	0.669701	0.102817	35.493090	35.416556	35.569861	136.032077	0.095269	0.097103	0.093425	0.110052
20150815160209.718700	95254.750000	381020.000000	29.683123	28.197859	224.848184	22.843151	0.673588	0.103791	0.669746	0.102610	35.484012	35.407040	35.561228	136.001717	0.090920	0.092992	0.088838	0.106036
20150815160619.750000	95504.750000	382020.000000	29.684366	28.200595	225.065173	22.771550	0.674233	0.104122	0.670267	0.103154	35.459347	35.381295	35.537663	135.959275	0.091841	0.093876	0.089795	0.100040
20150815161029.738300	95754.750000	383020.000000	29.687603	28.201954	224.735317	22.702409	0.674259	0.104278	0.670696	0.103047	35.441036	35.362553	35.519774	135.886992	0.094408	0.096809	0.091997	0.106537
20150815161439.738300	96004.750000	384020.000000	29.688917	28.200175	225.209468	22.735203	0.674965	0.104038	0.671302	0.103011	35.438918	35.366102	35.511945	135.783740	0.092058	0.094696	0.089408	0.102786
20150815161849.750000	96254.750000	385020.000000	29.686512	28.204010	224.867040	22.529419	0.675282	0.103996	0.672017	0.103474	35.401939	35.325941	35.478176	135.724619	0.094925	0.097420	0.092418	0.108032
20150815162259.761700	96504.750000	386020.000000	29.688416	28.200845	224.878792	22.724545	0.675557	0.104526	0.671874	0.103368	35.397859	35.322789	35.473177	135.606826	0.095984	0.098546	0.093411	0.107702
20150815162709.769500	96754.750000	387020.000000	29.688532	28.203849	224.887264	22.770184	0.675773	0.104690	0.672314	0.103990	35.378974	35.301734	35.456467	135.458571	0.096376	0.098861	0.093880	0.110633
20150815163119.781200	97004.750000	388020.000000	29.695873	28.203930	224.940554	22.768271	0.676463	0.104790	0.673211	0.103897	35.358397	35.288292	35.428686	135.456274	0.095649	0.098361	0.092924	0.104109
20150815163529.781200	97254.750000	389020.000000	29.692377	28.201185	224.809650	22.640646	0.677254	0.104965	0.673549	0.103994	35.326085	35.259631	35.392705	135.289835	0.096899	0.099359	0.094427	0.109331
20150815163939.789100	97504.750000	390020.000000	29.694147	28.202356	224.966517	22.684098	0.677136	0.105169	0.674298	0.104202	35.317759	35.255554	35.380116	135.254147	0.098797	0.100138	0.097452	0.113014
20150815164349.800800	97754.750000	391020.000000	29.695846	28.204377	225.044130	22.602386	0.678045	0.105480	0.675293	0.104284	35.302532	35.242372	35.362824	135.283118	0.098576	0.100313	0.096834	0.113489
20150815164759.808600	98004.750000	392020.000000	29.698609	28.205450	225.108625	22.786854	0.678254	0.105633	0.675473	0.104637	35.293928	35.228201	35.359821	135.056169	0.096628	0.099361	0.093888	0.108240
20150815165209.808600	98254.750000	393020.000000	29.698001	28.205101	225.041943	22.652124	0.678745	0.105854	0.676165	0.104913	35.271219	35.210442	35.332117	135.070223	0.097157	0.099389	0.094919	0.110424
20150815165619.820300	98504.750000	394020.000000	29.700504	28.204779	225.096327	22.812270	0.679010	0.106047	0.676252	0.105112	35.255718	35.197027	35.314534	134.917515	0.100165	0.102344	0.097979	0.111785
20150815170029.828100	98754.750000	395020.000000	29.701514	28.207542	225.086216	22.790953	0.679839	0.105803	0.677071	0.105200	35.244451	35.186684	35.302328	135.032304	0.099711	0.101564	0.097852	0.110394
20150815170439.859400	99004.750000	396020.000000	29.700701	28.205208	224.926344	22.895895	0.679678	0.106387	0.677416	0.105711	35.226116	35.168966	35.283387	134.912565	0.100124	0.102065	0.098178	0.111933
20150815170849.851600	99254.750000	397020.000000	29.703964	28.207792	224.967610	22.619056	0.680324	0.106099	0.677983	0.106103	35.207512	35.154370	35.260742	134.796542	0.100689	0.102937	0.098432	0.115133
20150815171259.851600	99504.750000	398020.000000	29.702614	28.204573	224.962144	22.647205	0.680686	0.106497	0.678427	0.105711	35.185983	35.141630	35.230394	134.663120	0.100922	0.102511	0.099328	0.112072
20150815171709.859400	99754.750000	399020.000000	29.705243	28.206889	224.965970	22.607852	0.680981	0.106983	0.679224	0.106381	35.154545	35.117455	35.191648	134.542667	0.100591	0.102810	0.098367	0.110983
20150815172119.878900	100004.750000	400020.000000	29.704071	28.205977	224.794346	22.683279	0.681540	0.107008	0.679761	0.106474	35.139542	35.105987	35.173108	134.552240	0.102481	0.103713	0.101248	0.114950
20150815172529.878900	100254.750000	401020.000000	29.707156	28.209929	225.077197	22.782208	0.682397	0.107504	0.681129	0.106850	35.117756	35.093809	35.141674	134.508620	0.105225	0.107398	0.103049	0.120299
20150815172939.910200	100504.750000	402020.000000	29.709615	28.209294	224.950939	22.936888	0.682508	0.107930	0.681062	0.107299	35.098194	35.075816	35.120555	134.293483	0.105530	0.106710	0.104349	0.116296
20150815173349.890600	100754.750000	403020.000000	29.710973	28.210215	224.922518	22.576970	0.683330	0.108257	0.681971	0.107116	35.081899	35.068390	35.095368	134.192096	0.101690	0.103852	0.099526	0.116860
20150815173759.921900	101004.750000	404020.000000	29.712100	28.210304	224.827687	22.611131	0.684081	0.108529	0.682245	0.107400	35.047246	35.034315	35.060145	134.062496	0.105044	0.106843	0.103244	0.116099
20150815174209.910200	101254.750000	405020.000000	29.716105	28.209786	224.968976	22.774556	0.685011	0.109146	0.683630	0.107592	35.018763	35.007217	35.030267	133.923837	0.105694	0.108227	0.103161	0.114729
20150815174619.921900	101504.750000	406020.000000	29.717330	28.208516	225.061073	22.652671	0.685552	0.109485	0.683839	0.107927	35.010619	35.000720	35.020482	133.787962	0.104874	0.106722	0.103026	0.113361
20150815175029.941400	101754.750000	407020.000000	29.719440	28.211458	225.106986	22.810357	0.686324	0.109452	0.684878	0.108256	34.968158	34.961206	34.975068	133.564544	0.110078	0.111966	0.108189	0.122130
20150815175439.941400	102004.750000	408020.000000	29.722310	28.213487	224.996851	22.710334	0.686829	0.110253	0.685395	0.108712	34.947836	34.938871	34.956769	133.509475	0.109361	0.110455	0.108267	0.117546
20150815175849.941400	102254.750000	409020.000000	29.725726	28.215195	224.898195	22.796966	0.688171	0.110072	0.686288	0.108857	34.926686	34.916529	34.936816	133.342711	0.111376	0.112141	0.110610	0.119366
20150815180259.949200	102504.750000	410020.000000	29.730446	28.217761	225.263852	22.633267	0.688912	0.110401	0.687923	0.109388	34.885737	34.886563	34.884871	133.046784	0.111326	0.111202	0.111451	0.122685
20150815180709.960900	102754.750000	411020.000000	29.741086	28.220622	224.957498	22.818555	0.689425	0.111469	0.689721	0.110690	34.839570	34.872840	34.806321	132.531866	0.112687	0.112429	0.112945	0.123127
20150815180931.460900	102896.250000	411586.000000	29.746271	28.219370	224.872233	22.532971	0.690294	0.111660	0.690720	0.110450	34.799369	34.837668	34.761124	131.848421	0.111392	0.112860	0.109928	0.129707
20150815181038.718700	102963.500000	411855.000000	29.756204	28.222008	224.836979	22.893435	0.691516	0.112048	0.691218	0.111263	34.754792	34.765771	34.743757	131.132877	0.115076	0.117905	0.112249	0.133719
20150815181143.988300	103028.750000	412116.000000	29.767970	28.225021	224.794620	22.740122	0.692839	0.112365	0.692247	0.111384	34.719618	34.725012	34.714133	130.407399	0.114129	0.118839	0.109422	0.133966
20150815181221.000000	103065.750000	412264.000000	29.776920	28.224922	224.779316	22.738209	0.695674	0.113819	0.692264	0.111566	34.667050	34.632284	34.701672	129.747630	0.118637	0.126714	0.110544	0.139461
20150815181318.468700	103123.250000	412494.000000	29.791046	28.230224	225.003137	22.579430	0.697704	0.114167	0.692738	0.111995	34.612188	34.537035	34.687449	129.018060	0.117564	0.124993	0.110100	0.138999
20150815181437.968700	103202.750000	412812.000000	29.798333	28.232647	225.065993	22.813089	0.700299	0.115272	0.694539	0.112534	34.563830	34.454185	34.673928	128.356784	0.117272	0.125059	0.109445	0.139544
20150815181619.718700	103304.500000	413219.000000	29.808400	28.234399	224.869773	22.716619	0.702328	0.116244	0.694994	0.113282	34.493760	34.350454	34.638031	127.680934	0.122132	0.129729	0.114479	0.143039
20150815181749.730500	103394.500000	413579.000000	29.819853	28.237207	224.808831	22.675900	0.705328	0.117491	0.696954	0.113833	34.405818	34.238618	34.574395	127.037266	0.125173	0.132505	0.117781	0.145659
20150815181930.988300	103495.750000	413984.000000	29.831047	28.240041	224.861028	22.425297	0.707921	0.118037	0.699425	0.114806	34.333991	34.159484	34.510030	126.398174	0.124832	0.131133	0.118474	0.144299
20150815182242.480500	103687.250000	414750.000000	29.840819	28.242267	224.935089	22.828120	0.710157	0.119244	0.702161	0.116656	34.229977	34.060595	34.400838	125.752607	0.128662	0.133977	0.123299	0.151209
20150815182615.230500	103900.000000	415601.000000	29.851065	28.245012	224.975808	22.546909	0.712491	0.120226	0.705307	0.117585	34.147165	33.994995	34.300555	125.123119	0.128959	0.132125	0.125768	0.151400
20150815182901.250000	104066.000000	416265.000000	29.862205	28.247918	224.911313	22.766631	0.714624	0.121309	0.708761	0.119027	34.070256	33.950720	34.190544	124.454047	0.133114	0.134999	0.131218	0.155174
20150815183111.000000	104195.750000	416784.000000	29.874374	28.251199	225.006690	22.687651	0.716437	0.122491	0.711863	0.120357	33.983418	33.905965	34.061155	123.824334	0.134230	0.135613	0.132841	0.160401
20150815183214.511700	104259.250000	417038.000000	29.884092	28.256242	224.993845	22.673714	0.716811	0.122757	0.714307	0.121867	33.930884	33.877732	33.984120	123.193922	0.137523	0.137064	0.137983	0.167456
20150815183234.500000	104279.250000	417118.000000	29.898934	28.258182	224.907487	22.831673	0.717204	0.122414	0.716169	0.122557	33.896148	33.869116	33.923143	122.548130	0.138780	0.136443	0.141121	0.176986
20150815183249.019500	104293.750000	417176.000000	29.909385	28.258021	224.862395	22.860368	0.717144	0.122218	0.718011	0.122882	33.854316	33.864865	33.843706	121.883881	0.141750	0.139597	0.143902	0.175955
20150815183324.519500	104329.250000	417318.000000	29.918728	28.262590	224.868134	22.801885	0.718269	0.123194	0.721549	0.123999	33.783566	33.867244	33.700239	121.257713	0.144168	0.140654	0.147667	0.179352
20150815183328.281200	104333.000000	417333.000000	29.931809	28.265656	224.884804	22.703775	0.718589	0.123275	0.723780	0.125008	33.737233	33.851457	33.623691	120.642610	0.146937	0.141953	0.151893	0.187267
20150815183342.511700	104347.250000	417390.000000	29.941804	28.269983	225.043037	22.667701	0.720025	0.124229	0.726174	0.125598	33.674875	33.824744	33.526243	120.031089	0.145829	0.140523	0.151092	0.183647
20150815183402.500000	104367.250000	417470.000000	29.954786	28.273801	225.177493	22.777289	0.721551	0.124831	0.730190	0.126669	33.554397	33.761625	33.349619	119.418400	0.151972	0.146795	0.157091	0.188594
20150815183425.261700	104390.000000	417561.000000	29.964871	28.277798	224.865401	22.787401	0.724037	0.125551	0.735912	0.128522	33.386568	33.656979	33.120297	118.794158	0.154093	0.145021	0.163032	0.185596
20150815183438.531200	104403.250000	417614.000000	29.976950	28.278218	224.915959	22.705688	0.725376	0.125180	0.740413	0.129364	33.242579	33.572149	32.919236	118.176990	0.155679	0.146869	0.164331	0.189662
20150815183440.781200	104405.500000	417623.000000	29.985542	28.281830	224.920878	22.694483	0.726816	0.125573	0.744503	0.130588	33.114264	33.479960	32.756282	117.577813	0.158803	0.149677	0.167741	0.193372
20150815183443.031200	104407.750000	417632.000000	29.997657	28.284065	225.093048	22.640919	0.729203	0.125944	0.747842	0.131111	32.987003	33.367191	32.615218	116.956677	0.163329	0.155422	0.171063	0.197290
20150815183449.261700	104414.000000	417657.000000	30.010237	28.285692	225.090862	22.747228	0.731773	0.126275	0.750205	0.131952	32.873098	33.248220	32.506194	116.365704	0.162882	0.156189	0.169436	0.196429
20150815183456.511700	104421.250000	417686.000000	30.026249	28.291110	225.167382	22.910106	0.734062	0.126454	0.750405	0.131925	32.812960	33.126747	32.504940	115.772474	0.164391	0.158327	0.170349	0.197333
20150815183459.769500	104424.500000	417699.000000	30.061601	28.299550	224.079704	23.031718	0.743321	0.127406	0.760014	0.135530	32.408854	32.645578	32.174882	113.776611	0.220173	0.207400	0.232770	0.254671
20150815183500.281200	104425.000000	417701.000000	30.073349	28.300865	224.909126	22.929509	0.742987	0.127499	0.761027	0.134546	32.332977	32.617607	32.053141	113.040892	0.177426	0.178214	0.176651	0.216333
20150815183502.269500	104427.000000	417709.000000	30.085401	28.304092	224.997944	22.533791	0.743149	0.126196	0.756856	0.132408	32.376675	32.569590	32.185923	112.467306	0.167884	0.169550	0.166239	0.214010
20150815183506.050800	104430.750000	417724.000000	30.099465	28.308786	225.034018	22.717713	0.740959	0.124522	0.750193	0.129732	32.500527	32.599414	32.402089	111.820675	0.153939	0.156746	0.151150	0.219379
20150815183509.000000	104433.750000	417736.000000	30.113832	28.310842	224.670821	22.603752	0.739095	0.123371	0.747607	0.128897	32.572978	32.635699	32.510368	111.219081	0.149978	0.150726	0.149234	0.220039
20150815183511.519500	104436.250000	417746.000000	30.126269	28.314151	224.788061	22.783028	0.738377	0.122843	0.746277	0.128149	32.591598	32.643004	32.540220	110.629198	0.145034	0.145562	0.144509	0.221879
20150815183513.511700	104438.250000	417754.000000	30.139841	28.318773	225.082390	22.734930	0.736263	0.121140	0.746629	0.128577	32.614435	32.679257	32.549724	110.060258	0.140143	0.135834	0.144431	0.226945
20150815183514.761700	104439.500000	417759.000000	30.149506	28.322313	224.616437	22.578883	0.734908	0.120482	0.747569	0.129182	32.605950	32.703079	32.509214	109.445782	0.140075	0.134501	0.145614	0.232578
20150815183516.011700	104440.750000	417764.000000	30.165170	28.327195	224.895189	22.784668	0.731617	0.119034	0.750470	0.129982	32.602986	32.795311	32.412484	108.838512	0.139011	0.125537	0.152314	0.239615
20150815183517.019500	104441.750000	417768.000000	30.181299	28.329824	224.668088	22.797239	0.727360	0.118234	0.752053	0.129396	32.623763	32.967239	32.286653	108.180908	0.129124	0.109822	0.148007	0.244268
20150815183517.769500	104442.500000	417771.000000	30.191768	28.332828	224.680386	22.912292	0.725802	0.118966	0.752995	0.129094	32.656275	33.111571	32.212929	107.596132	0.133946	0.119509	0.147987	0.254649
20150815183518.761700	104443.500000	417775.000000	30.232744	28.341259	224.279202	22.883870	0.711235	0.118243	0.758964	0.132808	32.899921	33.843370	32.006125	105.803903	0.125834	0.095249	0.154799	0.285717
20150815183519.019500	104443.750000	417776.000000	30.248435	28.361456	223.596261	23.378791	0.705299	0.121383	0.760599	0.136588	32.982382	34.112669	31.921492	105.120399	0.165876	0.123599	0.205436	0.382290
20150815183519.269500	104444.000000	417777.000000	30.297045	28.371603	223.116371	22.785214	0.706666	0.120538	0.775144	0.140577	32.799035	34.117674	31.571102	103.163687	0.184481	0.118987	0.244975	0.357292
20150815183519.511700	104444.250000	417778.000000	30.335436	28.389717	223.385557	23.255266	0.702054	0.120549	0.783612	0.141764	32.610465	34.304588	31.072333	101.692137	0.144782	0.103668	0.182031	0.410929
20150815183519.761700	104444.500000	417779.000000	30.387176	28.391407	223.837572	23.188311	0.697911	0.119097	0.785168	0.139420	32.615419	34.554070	30.880293	99.647484	0.115365	0.073895	0.152537	0.366767
20150815183520.000000	104444.750000	417780.000000	30.443842	28.413660	223.143699	23.360208	0.699410	0.118046	0.779541	0.139158	32.663695	34.520644	30.990100	97.588914	0.114384	0.074997	0.150142	0.456969
20150815183520.269500	104445.000000	417781.000000	30.495842	28.420688	223.401408	23.214546	0.683490	0.116875	0.780787	0.135085	32.810769	35.205369	30.717176	95.382434	0.099755	0.046972	0.146072	0.400851
20150815183520.511700	104445.250000	417782.000000	30.532919	28.435082	223.649825	23.115070	0.679622	0.117775	0.781292	0.119790	32.736956	35.554048	30.324390	94.116296	0.012353	0.060972	-0.028942	0.437931
20150815183520.910200	104445.500000	417783.000000	34.615062	29.109247	218.280850	-20.281779	0.651648	-0.387466	0.723336	-0.337113	18.339290	18.530993	17.251140	-37.670723	-2.723376	-3.000295	-2.452029	1.356561
20150815183521.031200	104445.750000	417783.000000	35.068820	34.627490	3.962919	-0.754406	-0.096939	-0.099835	-0.292176	-0.295179	-14.590159	13.548637	-20.427113	0.071945	1.360146	1.809446	0.926809	-0.774505
