Program version:	Fatigue ver. 4.0
Date and time:	31-07-2015 13:52:55
Operator:	sras
Project ID:	44055 I-1
Sample ID:	EQA02-03
	
Mode of operation:	Ten-ten
Low load setpoint [kN]:	0.000000
Displacement rate [mm/s]:	0.030000
Sample rate [Hz]:	10.000000
Procentage of E-max [%]:	90.000000
Sample width [mm]:	25.210000
Sample thickness [mm]:	4.360000
Strain sensor:	Extensometer
Number of strain sensors:	2
Channel configuration:	0 6 1,1,0,0,0,0 1,4,1,2,3,4
	
Machine SN:	88R1342
Load cell SN:	UK 054
Load cell [kN]:	100.000000
Extensometer 1 SN:	2026
Gauge length 1 [mm]:	50.000000
Full scale 1 [%]:	2.000000
Extensometer 2 SN:	2084
Gauge length 2 [mm]:	50.000000
Full scale 2 [%]:	2.000000
	
Modulus estimate from [%]:	0.050000
Modulus estimate to [%]:	0.250000
Strain correction a1 [%]:	-0.000898
Strain correction a2 [%]:	-0.001725
Strain correction b1 [%]:	0.001538
Strain correction b2 [%]:	0.006550
Modulus a [GPa]:	38.278255
Modulus b [GPa]:	38.065126
Difference [%]:	-0.559907
Modulus a1 [GPa]:	37.698644
Modulus b1 [GPa]:	37.768484
Modulus a2 [GPa]:	38.875803
Modulus b2 [GPa]:	38.366275
Max strain [%]:	0.900753
Max stress [MPa]:	344.793920
	
	
Time [ms]	State	Position [mm]	Load [kN]	Strain1 [%]	Strain2 [%]
0.000000E+0	1.000000E+0	-30.843294E+0	-4.506111E-3	-170.230865E-6	-262.618065E-6
100.000000E-3	1.000000E+0	-30.843640E+0	9.894371E-3	-121.235847E-6	-127.315521E-6
200.000000E-3	1.000000E+0	-30.840394E+0	51.319599E-3	1.348972E-3	1.330614E-3
300.000000E-3	1.000000E+0	-30.835623E+0	138.092041E-3	3.162384E-3	2.905846E-3
400.000000E-3	1.000000E+0	-30.832038E+0	188.410282E-3	4.260302E-3	4.092455E-3
500.000000E-3	1.000000E+0	-30.829457E+0	227.439404E-3	5.320549E-3	5.114317E-3
600.000000E-3	1.000000E+0	-30.829597E+0	251.197815E-3	6.460905E-3	6.039858E-3
700.000000E-3	1.000000E+0	-30.825538E+0	327.706337E-3	7.726908E-3	7.367373E-3
800.000000E-3	1.000000E+0	-30.820629E+0	410.115719E-3	9.807348E-3	9.224653E-3
900.000000E-3	1.000000E+0	-30.817959E+0	438.177586E-3	10.657787E-3	9.935617E-3
1.000000E+0	1.000000E+0	-30.816785E+0	483.548641E-3	11.506796E-3	10.934830E-3
1.100000E+0	1.000000E+0	-30.811105E+0	539.028645E-3	12.999296E-3	12.233019E-3
1.200000E+0	1.000000E+0	-30.809620E+0	588.548183E-3	14.174938E-3	13.211012E-3
1.300000E+0	1.000000E+0	-30.806250E+0	643.777847E-3	15.441895E-3	14.684439E-3
1.400000E+0	1.000000E+0	-30.802316E+0	699.365139E-3	16.786575E-3	15.956879E-3
1.500000E+0	1.000000E+0	-30.798823E+0	767.385960E-3	18.396616E-3	17.360449E-3
1.600000E+0	1.000000E+0	-30.796981E+0	818.598270E-3	19.582272E-3	18.551111E-3
1.700000E+0	1.000000E+0	-30.793927E+0	853.896141E-3	20.506382E-3	19.452095E-3
1.800000E+0	1.000000E+0	-30.791155E+0	906.717777E-3	21.827698E-3	20.891905E-3
1.900000E+0	1.000000E+0	-30.786959E+0	964.474678E-3	23.026705E-3	21.765471E-3
2.000000E+0	1.000000E+0	-30.785725E+0	1.004767E+0	23.873568E-3	22.811413E-3
2.100000E+0	1.000000E+0	-30.781970E+0	1.077521E+0	25.691271E-3	24.303198E-3
2.200000E+0	1.000000E+0	-30.778757E+0	1.118314E+0	27.170181E-3	25.848150E-3
2.300000E+0	1.000000E+0	-30.775857E+0	1.171541E+0	27.719021E-3	26.532412E-3
2.400000E+0	1.000000E+0	-30.776653E+0	1.173759E+0	28.241396E-3	27.048111E-3
2.500000E+0	1.000000E+0	-30.769203E+0	1.291525E+0	30.442715E-3	29.043913E-3
2.600000E+0	1.000000E+0	-30.766356E+0	1.343918E+0	31.700373E-3	30.291080E-3
2.700000E+0	1.000000E+0	-30.764407E+0	1.393163E+0	33.042431E-3	31.631708E-3
2.800000E+0	1.000000E+0	-30.760393E+0	1.417792E+0	33.890724E-3	32.436371E-3
2.900000E+0	1.000000E+0	-30.758235E+0	1.537240E+0	36.288261E-3	34.845352E-3
3.000000E+0	1.000000E+0	-30.754444E+0	1.551795E+0	37.182093E-3	35.550594E-3
3.100000E+0	1.000000E+0	-30.752024E+0	1.630247E+0	38.929462E-3	37.240505E-3
3.200000E+0	1.000000E+0	-30.751026E+0	1.633584E+0	38.689852E-3	37.026405E-3
3.300000E+0	1.000000E+0	-30.748266E+0	1.655817E+0	39.523840E-3	37.843227E-3
3.400000E+0	1.000000E+0	-30.746496E+0	1.688147E+0	40.446997E-3	38.648844E-3
3.500000E+0	1.000000E+0	-30.739180E+0	1.815891E+0	43.113232E-3	41.387320E-3
3.600000E+0	1.000000E+0	-30.738160E+0	1.841688E+0	44.229984E-3	42.451859E-3
3.700000E+0	1.000000E+0	-30.732137E+0	1.960838E+0	47.135115E-3	45.187950E-3
3.800000E+0	1.000000E+0	-30.729536E+0	1.988399E+0	47.415733E-3	45.375824E-3
3.900000E+0	1.000000E+0	-30.726031E+0	2.055359E+0	48.932791E-3	46.860456E-3
4.000000E+0	1.000000E+0	-30.722285E+0	2.129006E+0	50.328732E-3	48.429489E-3
4.100000E+0	1.000000E+0	-30.720261E+0	2.170777E+0	51.696777E-3	49.538136E-3
4.200000E+0	1.000000E+0	-30.716598E+0	2.198136E+0	52.771568E-3	50.465822E-3
4.300000E+0	1.000000E+0	-30.717275E+0	2.228737E+0	53.457022E-3	51.326036E-3
4.400000E+0	1.000000E+0	-30.712256E+0	2.275300E+0	54.412603E-3	52.063227E-3
4.500000E+0	1.000000E+0	-30.707300E+0	2.368796E+0	56.993484E-3	54.581404E-3
4.600000E+0	1.000000E+0	-30.703929E+0	2.441573E+0	58.212280E-3	55.795908E-3
4.700000E+0	1.000000E+0	-30.701828E+0	2.450430E+0	58.742523E-3	56.256533E-3
4.800000E+0	1.000000E+0	-30.698380E+0	2.554393E+0	60.856581E-3	58.420658E-3
4.900000E+0	1.000000E+0	-30.693990E+0	2.580690E+0	61.875105E-3	59.257507E-3
5.000000E+0	1.000000E+0	-30.693803E+0	2.631319E+0	62.997103E-3	60.382128E-3
5.100000E+0	1.000000E+0	-30.693284E+0	2.650070E+0	62.978029E-3	60.343027E-3
5.200000E+0	1.000000E+0	-30.688331E+0	2.747738E+0	65.170527E-3	62.461615E-3
5.300000E+0	1.000000E+0	-30.684966E+0	2.765024E+0	66.210270E-3	63.442945E-3
5.400000E+0	1.000000E+0	-30.681202E+0	2.827561E+0	67.510605E-3	64.756632E-3
5.500000E+0	1.000000E+0	-30.678568E+0	2.871609E+0	69.058657E-3	66.009283E-3
5.600000E+0	1.000000E+0	-30.674538E+0	2.976751E+0	70.857048E-3	67.969561E-3
5.700000E+0	1.000000E+0	-30.674261E+0	2.995372E+0	71.371317E-3	68.513155E-3
5.800000E+0	1.000000E+0	-30.670742E+0	3.046286E+0	72.552919E-3	69.598913E-3
5.900000E+0	1.000000E+0	-30.663458E+0	3.115845E+0	74.232101E-3	71.197271E-3
6.000000E+0	1.000000E+0	-30.666423E+0	3.108251E+0	74.210644E-3	71.131468E-3
6.100000E+0	1.000000E+0	-30.659771E+0	3.215635E+0	77.032089E-3	73.841810E-3
6.200000E+0	1.000000E+0	-30.656583E+0	3.261387E+0	77.984571E-3	74.683189E-3
6.300000E+0	1.000000E+0	-30.656237E+0	3.256762E+0	78.037500E-3	74.826479E-3
6.400000E+0	1.000000E+0	-30.656717E+0	3.296423E+0	78.721046E-3	75.598240E-3
6.500000E+0	1.000000E+0	-30.651123E+0	3.406024E+0	81.422806E-3	78.104019E-3
6.600000E+0	1.000000E+0	-30.644474E+0	3.495884E+0	83.580732E-3	80.245018E-3
6.700000E+0	1.000000E+0	-30.640638E+0	3.535497E+0	84.327459E-3	80.800056E-3
6.800000E+0	1.000000E+0	-30.639634E+0	3.551233E+0	84.914684E-3	81.278563E-3
6.900000E+0	1.000000E+0	-30.638057E+0	3.615129E+0	86.147785E-3	82.659960E-3
7.000000E+0	1.000000E+0	-30.636564E+0	3.649378E+0	87.452173E-3	83.775282E-3
7.100000E+0	1.000000E+0	-30.631483E+0	3.704965E+0	88.689566E-3	85.086823E-3
7.200000E+0	1.000000E+0	-30.627168E+0	3.790784E+0	90.459585E-3	86.785793E-3
7.300000E+0	1.000000E+0	-30.624411E+0	3.829026E+0	91.790915E-3	88.002682E-3
7.400000E+0	1.000000E+0	-30.622969E+0	3.874397E+0	92.360258E-3	88.587046E-3
7.500000E+0	1.000000E+0	-30.617780E+0	3.935361E+0	93.807936E-3	90.055466E-3
7.600000E+0	1.000000E+0	-30.614746E+0	3.979123E+0	95.072269E-3	91.151237E-3
7.700000E+0	1.000000E+0	-30.612478E+0	4.036844E+0	96.576929E-3	92.519760E-3
7.800000E+0	1.000000E+0	-30.609000E+0	4.087400E+0	97.724438E-3	93.741417E-3
7.900000E+0	1.000000E+0	-30.606592E+0	4.175520E+0	99.676132E-3	95.562458E-3
8.000000E+0	1.000000E+0	-30.602006E+0	4.199302E+0	100.346088E-3	96.364975E-3
8.100000E+0	1.000000E+0	-30.600241E+0	4.241180E+0	101.624012E-3	97.530365E-3
8.200000E+0	1.000000E+0	-30.599639E+0	4.248250E+0	101.755857E-3	97.668648E-3
8.300000E+0	1.000000E+0	-30.594197E+0	4.343617E+0	103.553534E-3	99.583149E-3
8.400000E+0	1.000000E+0	-30.592329E+0	4.384196E+0	104.938984E-3	100.736141E-3
8.500000E+0	1.000000E+0	-30.588496E+0	4.423332E+0	106.005192E-3	101.797342E-3
8.600000E+0	1.000000E+0	-30.585409E+0	4.501665E+0	107.592583E-3	103.499174E-3
8.700000E+0	1.000000E+0	-30.582482E+0	4.539633E+0	108.390331E-3	104.354858E-3
8.800000E+0	1.000000E+0	-30.578125E+0	4.612362E+0	109.903336E-3	105.593681E-3
8.900000E+0	1.000000E+0	-30.578712E+0	4.646790E+0	110.839844E-3	106.631994E-3
9.000000E+0	1.000000E+0	-30.577198E+0	4.650807E+0	111.324549E-3	107.110500E-3
9.100000E+0	1.000000E+0	-30.569292E+0	4.766512E+0	113.988876E-3	109.579086E-3
9.200000E+0	1.000000E+0	-30.568308E+0	4.801178E+0	115.067244E-3	110.726118E-3
9.300000E+0	1.000000E+0	-30.565545E+0	4.847288E+0	115.745306E-3	111.395359E-3
9.400000E+0	1.000000E+0	-30.561662E+0	4.900014E+0	117.291212E-3	112.712860E-3
9.500000E+0	1.000000E+0	-30.559126E+0	4.948986E+0	118.583918E-3	114.014864E-3
9.600000E+0	1.000000E+0	-30.556453E+0	4.990327E+0	119.727850E-3	115.082264E-3
9.700000E+0	1.000000E+0	-30.552701E+0	5.056763E+0	120.999575E-3	116.467237E-3
9.800000E+0	1.000000E+0	-30.552316E+0	5.078530E+0	121.255159E-3	116.733074E-3
9.900000E+0	1.000000E+0	-30.548445E+0	5.099261E+0	122.143984E-3	117.381334E-3
10.000000E+0	1.000000E+0	-30.545897E+0	5.198467E+0	124.195337E-3	119.536161E-3
10.100000E+0	1.000000E+0	-30.538425E+0	5.285800E+0	126.717091E-3	121.931076E-3
10.200000E+0	1.000000E+0	-30.539272E+0	5.318964E+0	127.229214E-3	122.432709E-3
10.300000E+0	1.000000E+0	-30.533782E+0	5.371499E+0	128.722191E-3	123.819113E-3
10.400000E+0	1.000000E+0	-30.531955E+0	5.402863E+0	129.306316E-3	124.390841E-3
10.500000E+0	1.000000E+0	-30.527077E+0	5.477810E+0	131.090164E-3	126.292706E-3
10.600000E+0	1.000000E+0	-30.526597E+0	5.496943E+0	131.441116E-3	126.319170E-3
10.700000E+0	1.000000E+0	-30.522824E+0	5.570126E+0	133.393526E-3	128.457308E-3
10.800000E+0	1.000000E+0	-30.520824E+0	5.639827E+0	135.100126E-3	130.051374E-3
10.900000E+0	1.000000E+0	-30.517698E+0	5.701399E+0	136.217356E-3	131.021261E-3
11.000000E+0	1.000000E+0	-30.513630E+0	5.706894E+0	136.563063E-3	131.390572E-3
11.100000E+0	1.000000E+0	-30.514154E+0	5.744863E+0	137.416840E-3	132.299423E-3
11.200000E+0	1.000000E+0	-30.507562E+0	5.810082E+0	139.186144E-3	133.874655E-3
11.300000E+0	1.000000E+0	-30.504924E+0	5.885565E+0	141.027212E-3	135.768652E-3
11.400000E+0	1.000000E+0	-30.501041E+0	5.915177E+0	141.704559E-3	136.477470E-3
11.500000E+0	1.000000E+0	-30.498869E+0	5.993760E+0	143.554687E-3	138.185740E-3
11.600000E+0	1.000000E+0	-30.493954E+0	6.072235E+0	145.341873E-3	140.007734E-3
11.700000E+0	1.000000E+0	-30.492381E+0	6.103480E+0	145.890951E-3	140.720844E-3
11.800000E+0	1.000000E+0	-30.487803E+0	6.150818E+0	147.419453E-3	142.001152E-3
11.900000E+0	1.000000E+0	-30.486840E+0	6.199479E+0	148.208857E-3	142.915010E-3
12.000000E+0	1.000000E+0	-30.484233E+0	6.213641E+0	148.880720E-3	143.497467E-3
12.100000E+0	1.000000E+0	-30.481631E+0	6.252384E+0	149.946213E-3	144.453049E-3
12.200000E+0	1.000000E+0	-30.475057E+0	6.351042E+0	152.630329E-3	147.099257E-3
12.300000E+0	1.000000E+0	-30.475912E+0	6.390822E+0	153.281450E-3	147.740602E-3
12.400000E+0	1.000000E+0	-30.469203E+0	6.434643E+0	154.614210E-3	149.000168E-3
12.500000E+0	1.000000E+0	-30.469761E+0	6.492746E+0	155.630350E-3	149.846077E-3
12.600000E+0	1.000000E+0	-30.465207E+0	6.557286E+0	157.006979E-3	151.463985E-3
12.700000E+0	1.000000E+0	-30.463359E+0	6.579185E+0	157.930613E-3	152.142048E-3
12.800000E+0	1.000000E+0	-30.458156E+0	6.645525E+0	159.443855E-3	153.744698E-3
12.900000E+0	1.000000E+0	-30.457396E+0	6.654930E+0	159.929991E-3	154.089212E-3
13.000000E+0	1.000000E+0	-30.456561E+0	6.728613E+0	161.177874E-3	155.330658E-3
13.100000E+0	1.000000E+0	-30.449579E+0	6.779802E+0	162.515163E-3	156.545877E-3
13.200000E+0	1.000000E+0	-30.451388E+0	6.818485E+0	163.218737E-3	157.414675E-3
13.300000E+0	1.000000E+0	-30.440444E+0	6.901920E+0	165.809393E-3	159.862280E-3
13.400000E+0	1.000000E+0	-30.444608E+0	6.920314E+0	165.930510E-3	159.999371E-3
13.500000E+0	1.000000E+0	-30.439249E+0	6.992996E+0	167.608261E-3	161.469460E-3
13.600000E+0	1.000000E+0	-30.434064E+0	7.046676E+0	169.132471E-3	163.141251E-3
13.700000E+0	1.000000E+0	-30.431691E+0	7.109249E+0	170.680285E-3	164.455175E-3
13.800000E+0	1.000000E+0	-30.431730E+0	7.125831E+0	171.150208E-3	165.082216E-3
13.900000E+0	1.000000E+0	-30.428595E+0	7.121670E+0	171.432257E-3	165.363550E-3
14.000000E+0	1.000000E+0	-30.427316E+0	7.244921E+0	173.390150E-3	167.183876E-3
14.100000E+0	1.000000E+0	-30.419267E+0	7.306826E+0	175.424337E-3	169.269800E-3
14.200000E+0	1.000000E+0	-30.420593E+0	7.331610E+0	175.781250E-3	169.749022E-3
14.300000E+0	1.000000E+0	-30.415181E+0	7.397532E+0	177.207947E-3	171.009064E-3
14.400000E+0	1.000000E+0	-30.410517E+0	7.503617E+0	179.519176E-3	173.398733E-3
14.500000E+0	1.000000E+0	-30.409161E+0	7.495010E+0	179.521084E-3	173.366308E-3
14.600000E+0	1.000000E+0	-30.402899E+0	7.582819E+0	181.864262E-3	175.577641E-3
14.700000E+0	1.000000E+0	-30.402530E+0	7.613957E+0	182.395935E-3	176.053286E-3
14.800000E+0	1.000000E+0	-30.399910E+0	7.646108E+0	183.519363E-3	177.159309E-3
14.900000E+0	1.000000E+0	-30.399672E+0	7.691419E+0	184.592247E-3	178.262949E-3
15.000000E+0	1.000000E+0	-30.393812E+0	7.780099E+0	186.817646E-3	180.357933E-3
15.100000E+0	1.000000E+0	-30.389983E+0	7.854283E+0	188.305855E-3	182.003498E-3
15.200000E+0	1.000000E+0	-30.387155E+0	7.861662E+0	188.824654E-3	182.365417E-3
15.300000E+0	1.000000E+0	-30.386582E+0	7.903838E+0	189.854145E-3	183.484793E-3
15.400000E+0	1.000000E+0	-30.385548E+0	7.940471E+0	190.504313E-3	184.102058E-3
15.500000E+0	1.000000E+0	-30.375743E+0	8.034158E+0	192.796707E-3	186.128616E-3
15.600000E+0	1.000000E+0	-30.375070E+0	8.078241E+0	193.908930E-3	187.361240E-3
15.700000E+0	1.000000E+0	-30.373338E+0	8.104026E+0	194.322109E-3	187.608242E-3
15.800000E+0	1.000000E+0	-30.368165E+0	8.168745E+0	195.746183E-3	189.110518E-3
15.900000E+0	1.000000E+0	-30.364573E+0	8.219314E+0	197.487116E-3	190.782547E-3
16.000000E+0	1.000000E+0	-30.365253E+0	8.218932E+0	197.614908E-3	190.975666E-3
16.100000E+0	1.000000E+0	-30.359444E+0	8.329988E+0	200.362206E-3	193.446875E-3
16.200000E+0	1.000000E+0	-30.358318E+0	8.376503E+0	201.221943E-3	194.575071E-3
16.300000E+0	1.000000E+0	-30.355058E+0	8.408046E+0	201.935768E-3	195.165396E-3
16.400000E+0	1.000000E+0	-30.353505E+0	8.474922E+0	203.493834E-3	196.539640E-3
16.500000E+0	1.000000E+0	-30.349276E+0	8.536470E+0	204.744339E-3	198.049068E-3
16.600000E+0	1.000000E+0	-30.347375E+0	8.550870E+0	205.691338E-3	198.818922E-3
16.700000E+0	1.000000E+0	-30.344457E+0	8.578479E+0	206.525803E-3	199.639320E-3
16.800000E+0	1.000000E+0	-30.336962E+0	8.690763E+0	209.147215E-3	202.285528E-3
16.900000E+0	1.000000E+0	-30.334479E+0	8.733952E+0	210.031509E-3	203.017473E-3
17.000000E+0	1.000000E+0	-30.333052E+0	8.757806E+0	210.809231E-3	203.801394E-3
17.100000E+0	1.000000E+0	-30.331406E+0	8.805394E+0	211.524010E-3	204.518318E-3
17.200000E+0	1.000000E+0	-30.326945E+0	8.889067E+0	213.590860E-3	206.378937E-3
17.300000E+0	1.000000E+0	-30.325011E+0	8.888745E+0	213.871241E-3	206.700802E-3
17.400000E+0	1.000000E+0	-30.322805E+0	8.957994E+0	215.238571E-3	208.112955E-3
17.500000E+0	1.000000E+0	-30.317596E+0	9.034359E+0	217.489958E-3	210.300207E-3
17.600000E+0	1.000000E+0	-30.313933E+0	9.072101E+0	218.172789E-3	210.767508E-3
17.700000E+0	1.000000E+0	-30.313370E+0	9.104276E+0	218.903065E-3	211.575270E-3
17.800000E+0	1.000000E+0	-30.308453E+0	9.176254E+0	220.612526E-3	213.271618E-3
17.900000E+0	1.000000E+0	-30.308655E+0	9.225678E+0	221.631765E-3	214.306116E-3
18.000000E+0	1.000000E+0	-30.302048E+0	9.269834E+0	222.875357E-3	215.259552E-3
18.100000E+0	1.000000E+0	-30.301726E+0	9.311926E+0	223.813772E-3	215.999603E-3
18.200000E+0	1.000000E+0	-30.298916E+0	9.388697E+0	225.513697E-3	217.906952E-3
18.300000E+0	1.000000E+0	-30.294055E+0	9.444857E+0	226.899147E-3	219.111681E-3
18.400000E+0	1.000000E+0	-30.291859E+0	9.472466E+0	228.003025E-3	220.082283E-3
18.500000E+0	1.000000E+0	-30.285836E+0	9.580886E+0	230.105162E-3	222.071648E-3
18.600000E+0	1.000000E+0	-30.287576E+0	9.579027E+0	230.291128E-3	222.057343E-3
18.700000E+0	1.000000E+0	-30.283088E+0	9.647930E+0	231.772661E-3	223.628044E-3
18.800000E+0	1.000000E+0	-30.282072E+0	9.662652E+0	232.252121E-3	224.032640E-3
18.900000E+0	1.000000E+0	-30.278892E+0	9.720802E+0	234.257936E-3	226.011753E-3
19.000000E+0	1.000000E+0	-30.274117E+0	9.755337E+0	234.743357E-3	226.481438E-3
19.100000E+0	1.000000E+0	-30.267895E+0	9.862435E+0	237.376690E-3	229.082346E-3
19.200000E+0	1.000000E+0	-30.266828E+0	9.869111E+0	237.340689E-3	229.086399E-3
19.300000E+0	1.000000E+0	-30.268071E+0	9.879017E+0	237.884045E-3	229.696035E-3
19.400000E+0	1.000000E+0	-30.263326E+0	9.949183E+0	239.478588E-3	231.187582E-3
19.500000E+0	1.000000E+0	-30.256197E+0	10.055983E+0	241.997957E-3	233.733416E-3
19.600000E+0	1.000000E+0	-30.255795E+0	10.064089E+0	242.337704E-3	233.986855E-3
19.700000E+0	1.000000E+0	-30.253265E+0	10.135293E+0	243.982077E-3	235.482216E-3
19.800000E+0	1.000000E+0	-30.249986E+0	10.195816E+0	245.276928E-3	236.993790E-3
19.900000E+0	1.000000E+0	-30.244905E+0	10.258877E+0	246.775866E-3	238.532782E-3
20.000000E+0	1.000000E+0	-30.245564E+0	10.265863E+0	247.239828E-3	238.908052E-3
20.100000E+0	1.000000E+0	-30.240789E+0	10.341108E+0	248.870611E-3	240.633011E-3
20.200000E+0	1.000000E+0	-30.240101E+0	10.369039E+0	249.525070E-3	241.312265E-3
20.300000E+0	1.000000E+0	-30.231929E+0	10.459602E+0	252.312899E-3	244.060040E-3
20.400000E+0	1.000000E+0	-30.235079E+0	10.460985E+0	252.098083E-3	243.865728E-3
20.500000E+0	1.000000E+0	-30.225718E+0	10.591924E+0	254.819155E-3	246.728420E-3
20.600000E+0	1.000000E+0	-30.228401E+0	10.550272E+0	254.109383E-3	246.086121E-3
20.700000E+0	1.000000E+0	-30.223334E+0	10.608983E+0	255.646229E-3	247.625589E-3
20.800000E+0	1.000000E+0	-30.217323E+0	10.712588E+0	257.974148E-3	249.828100E-3
20.900000E+0	1.000000E+0	-30.216217E+0	10.743070E+0	258.704901E-3	250.529528E-3
21.000000E+0	1.000000E+0	-30.215291E+0	10.737109E+0	258.798361E-3	250.688314E-3
21.100000E+0	1.000000E+0	-30.211467E+0	10.826516E+0	260.868311E-3	252.847910E-3
21.200000E+0	1.000000E+0	-30.207956E+0	10.918260E+0	262.649775E-3	254.607439E-3
21.300000E+0	1.000000E+0	-30.203054E+0	10.977626E+0	264.303684E-3	256.311417E-3
21.400000E+0	1.000000E+0	-30.199704E+0	11.003149E+0	265.178442E-3	257.173777E-3
21.500000E+0	1.000000E+0	-30.199126E+0	11.010444E+0	265.418053E-3	257.462502E-3
21.600000E+0	1.000000E+0	-30.196566E+0	11.083484E+0	267.174244E-3	259.266376E-3
21.700000E+0	1.000000E+0	-30.190462E+0	11.182749E+0	269.458771E-3	261.530399E-3
21.800000E+0	1.000000E+0	-30.190078E+0	11.169159E+0	269.447803E-3	261.551857E-3
21.900000E+0	1.000000E+0	-30.188087E+0	11.253428E+0	271.066904E-3	263.149977E-3
22.000000E+0	1.000000E+0	-30.184120E+0	11.286807E+0	271.986961E-3	263.954639E-3
22.100000E+0	1.000000E+0	-30.178625E+0	11.354315E+0	273.378372E-3	265.671730E-3
22.200000E+0	1.000000E+0	-30.177924E+0	11.440682E+0	275.396109E-3	267.732143E-3
22.300000E+0	1.000000E+0	-30.174894E+0	11.433566E+0	275.502443E-3	267.884493E-3
22.400000E+0	1.000000E+0	-30.172158E+0	11.487937E+0	277.211905E-3	269.527435E-3
22.500000E+0	1.000000E+0	-30.170420E+0	11.540115E+0	278.277397E-3	270.656586E-3
22.600000E+0	1.000000E+0	-30.167881E+0	11.581481E+0	279.108524E-3	271.517277E-3
22.700000E+0	1.000000E+0	-30.162803E+0	11.636674E+0	280.342340E-3	272.882700E-3
22.800000E+0	1.000000E+0	-30.162010E+0	11.663520E+0	281.220198E-3	273.747683E-3
22.900000E+0	1.000000E+0	-30.158094E+0	11.731172E+0	283.419371E-3	275.876522E-3
23.000000E+0	1.000000E+0	-30.150643E+0	11.795592E+0	284.649372E-3	277.127743E-3
23.100000E+0	1.000000E+0	-30.154592E+0	11.769557E+0	284.235477E-3	276.684046E-3
23.200000E+0	1.000000E+0	-30.148358E+0	11.857128E+0	286.305904E-3	278.911829E-3
23.300000E+0	1.000000E+0	-30.143440E+0	11.965644E+0	288.869143E-3	281.399727E-3
23.400000E+0	1.000000E+0	-30.144778E+0	11.970305E+0	288.717270E-3	281.393528E-3
23.500000E+0	1.000000E+0	-30.137611E+0	12.054753E+0	290.856838E-3	283.592939E-3
23.600000E+0	1.000000E+0	-30.134154E+0	12.092626E+0	291.851759E-3	284.639835E-3
23.700000E+0	1.000000E+0	-30.136311E+0	12.088263E+0	291.537285E-3	284.383297E-3
23.800000E+0	1.000000E+0	-30.129034E+0	12.202334E+0	294.498682E-3	287.154675E-3
23.900000E+0	1.000000E+0	-30.127994E+0	12.249660E+0	295.253277E-3	288.032055E-3
24.000000E+0	1.000000E+0	-30.126158E+0	12.261736E+0	295.819283E-3	288.632393E-3
24.100000E+0	1.000000E+0	-30.122313E+0	12.289536E+0	297.191620E-3	290.073395E-3
24.200000E+0	1.000000E+0	-30.117792E+0	12.424505E+0	299.669504E-3	292.791367E-3
24.300000E+0	1.000000E+0	-30.113262E+0	12.436175E+0	300.593138E-3	293.664694E-3
24.400000E+0	1.000000E+0	-30.113653E+0	12.460554E+0	300.694704E-3	293.948889E-3
24.500000E+0	1.000000E+0	-30.106932E+0	12.572813E+0	303.326845E-3	296.506166E-3
24.600000E+0	1.000000E+0	-30.104799E+0	12.561631E+0	303.487301E-3	296.640396E-3
24.700000E+0	1.000000E+0	-30.103490E+0	12.604702E+0	304.570675E-3	297.683239E-3
24.800000E+0	1.000000E+0	-30.098734E+0	12.698865E+0	306.558847E-3	299.900532E-3
24.900000E+0	1.000000E+0	-30.097157E+0	12.729144E+0	307.538986E-3	300.966501E-3
25.000000E+0	1.000000E+0	-30.094514E+0	12.761414E+0	308.101177E-3	301.340818E-3
25.100000E+0	1.000000E+0	-30.093146E+0	12.795544E+0	308.689833E-3	301.927090E-3
25.200000E+0	1.000000E+0	-30.089033E+0	12.874985E+0	310.851812E-3	304.088831E-3
25.300000E+0	1.000000E+0	-30.082989E+0	12.944162E+0	312.754631E-3	305.861235E-3
25.400000E+0	1.000000E+0	-30.081079E+0	12.974656E+0	313.318968E-3	306.534290E-3
25.500000E+0	1.000000E+0	-30.078510E+0	13.044131E+0	314.730644E-3	307.788849E-3
25.600000E+0	1.000000E+0	-30.075354E+0	13.097167E+0	316.419363E-3	309.448719E-3
25.700000E+0	1.000000E+0	-30.073002E+0	13.114381E+0	317.227602E-3	310.144424E-3
25.800000E+0	1.000000E+0	-30.069501E+0	13.194859E+0	318.698168E-3	311.756134E-3
25.900000E+0	1.000000E+0	-30.067683E+0	13.233614E+0	319.914579E-3	312.910557E-3
26.000000E+0	1.000000E+0	-30.060709E+0	13.327634E+0	321.727991E-3	314.672470E-3
26.100000E+0	1.000000E+0	-30.062160E+0	13.300776E+0	321.497202E-3	314.523697E-3
26.200000E+0	1.000000E+0	-30.057124E+0	13.363457E+0	322.826624E-3	315.921307E-3
26.300000E+0	1.000000E+0	-30.056566E+0	13.379359E+0	323.346615E-3	316.367149E-3
26.400000E+0	1.000000E+0	-30.051932E+0	13.470864E+0	325.538397E-3	318.579912E-3
26.500000E+0	1.000000E+0	-30.048925E+0	13.527596E+0	326.835871E-3	319.709539E-3
26.600000E+0	1.000000E+0	-30.045876E+0	13.576496E+0	328.095198E-3	321.035624E-3
26.700000E+0	1.000000E+0	-30.040977E+0	13.622665E+0	329.236031E-3	322.172403E-3
26.800000E+0	1.000000E+0	-30.038640E+0	13.687408E+0	330.717564E-3	323.652506E-3
26.900000E+0	1.000000E+0	-30.037156E+0	13.676000E+0	330.961943E-3	323.938131E-3
27.000000E+0	1.000000E+0	-30.030606E+0	13.809466E+0	333.681822E-3	326.742411E-3
27.100000E+0	1.000000E+0	-30.030349E+0	13.829470E+0	334.230900E-3	327.417374E-3
27.200000E+0	1.000000E+0	-30.028531E+0	13.866162E+0	335.626125E-3	328.645706E-3
27.300000E+0	1.000000E+0	-30.025787E+0	13.906288E+0	336.153507E-3	329.290152E-3
27.400000E+0	1.000000E+0	-30.022806E+0	13.953471E+0	337.156773E-3	330.265760E-3
27.500000E+0	1.000000E+0	-30.017558E+0	14.030063E+0	339.205742E-3	332.315207E-3
27.600000E+0	1.000000E+0	-30.014706E+0	14.057732E+0	339.964390E-3	333.069563E-3
27.700000E+0	1.000000E+0	-30.015347E+0	14.081836E+0	340.554476E-3	333.695412E-3
27.800000E+0	1.000000E+0	-30.010033E+0	14.156520E+0	342.248440E-3	335.360289E-3
27.900000E+0	1.000000E+0	-30.005625E+0	14.231980E+0	344.290257E-3	337.373018E-3
28.000000E+0	1.000000E+0	-30.004529E+0	14.266396E+0	345.145226E-3	338.152409E-3
28.100000E+0	1.000000E+0	-30.000005E+0	14.327323E+0	346.532822E-3	339.635372E-3
28.200000E+0	1.000000E+0	-29.999507E+0	14.365935E+0	347.408295E-3	340.440512E-3
28.300000E+0	1.000000E+0	-29.991550E+0	14.437473E+0	349.450827E-3	342.354774E-3
28.400000E+0	1.000000E+0	-29.991517E+0	14.444625E+0	349.723339E-3	342.560768E-3
28.500000E+0	1.000000E+0	-29.986144E+0	14.551914E+0	352.032185E-3	344.928503E-3
28.600000E+0	1.000000E+0	-29.986552E+0	14.571142E+0	352.303982E-3	344.969273E-3
28.700000E+0	1.000000E+0	-29.981810E+0	14.629126E+0	353.975058E-3	346.742630E-3
28.800000E+0	1.000000E+0	-29.980994E+0	14.655495E+0	354.700089E-3	347.374678E-3
28.900000E+0	1.000000E+0	-29.974407E+0	14.736497E+0	356.672525E-3	349.156141E-3
29.000000E+0	1.000000E+0	-29.975766E+0	14.749527E+0	356.838942E-3	349.354267E-3
29.100000E+0	1.000000E+0	-29.968694E+0	14.824343E+0	359.065533E-3	351.390600E-3
29.200000E+0	1.000000E+0	-29.969863E+0	14.872944E+0	360.065460E-3	352.353096E-3
29.300000E+0	1.000000E+0	-29.965252E+0	14.917481E+0	360.846758E-3	353.133678E-3
29.400000E+0	1.000000E+0	-29.957721E+0	15.006244E+0	363.512039E-3	355.658293E-3
29.500000E+0	1.000000E+0	-29.960540E+0	15.017426E+0	363.352537E-3	355.388403E-3
29.600000E+0	1.000000E+0	-29.956747E+0	15.047145E+0	364.473820E-3	356.320620E-3
29.700000E+0	1.000000E+0	-29.952050E+0	15.134799E+0	366.814375E-3	358.656883E-3
29.800000E+0	1.000000E+0	-29.952190E+0	15.121210E+0	366.302490E-3	358.179569E-3
29.900000E+0	1.000000E+0	-29.946575E+0	15.208220E+0	368.431330E-3	359.909534E-3
30.000000E+0	1.000000E+0	-29.944045E+0	15.268230E+0	369.824886E-3	361.243963E-3
30.100000E+0	1.000000E+0	-29.939133E+0	15.348852E+0	371.661425E-3	363.072395E-3
30.200000E+0	1.000000E+0	-29.941816E+0	15.324652E+0	371.104240E-3	362.585306E-3
30.300000E+0	1.000000E+0	-29.932943E+0	15.457428E+0	374.135017E-3	365.654945E-3
30.400000E+0	1.000000E+0	-29.931948E+0	15.482783E+0	374.908209E-3	366.136789E-3
30.500000E+0	1.000000E+0	-29.930103E+0	15.497971E+0	375.186920E-3	366.438389E-3
30.600000E+0	1.000000E+0	-29.926444E+0	15.541530E+0	376.556158E-3	367.587090E-3
30.700000E+0	1.000000E+0	-29.926092E+0	15.574837E+0	377.349377E-3	368.381262E-3
30.800000E+0	1.000000E+0	-29.919595E+0	15.640664E+0	378.877878E-3	369.770527E-3
30.900000E+0	1.000000E+0	-29.918832E+0	15.706611E+0	380.453348E-3	371.293545E-3
31.000000E+0	1.000000E+0	-29.915831E+0	15.720594E+0	381.170034E-3	371.796608E-3
31.100000E+0	1.000000E+0	-29.912419E+0	15.766418E+0	382.347345E-3	372.887373E-3
31.200000E+0	1.000000E+0	-29.906616E+0	15.878808E+0	384.602070E-3	374.935865E-3
31.300000E+0	1.000000E+0	-29.905722E+0	15.898633E+0	385.365725E-3	375.746012E-3
31.400000E+0	1.000000E+0	-29.901132E+0	15.980101E+0	387.381077E-3	377.496958E-3
31.500000E+0	1.000000E+0	-29.902068E+0	15.956533E+0	387.249470E-3	377.438307E-3
31.600000E+0	1.000000E+0	-29.896245E+0	16.047347E+0	388.964891E-3	379.184246E-3
31.700000E+0	1.000000E+0	-29.892764E+0	16.105747E+0	390.270710E-3	380.478144E-3
31.800000E+0	1.000000E+0	-29.887829E+0	16.185331E+0	392.031670E-3	382.280588E-3
31.900000E+0	1.000000E+0	-29.886830E+0	16.201043E+0	392.746449E-3	382.948160E-3
32.000000E+0	1.000000E+0	-29.883591E+0	16.253734E+0	393.972635E-3	384.058475E-3
32.100000E+0	1.000000E+0	-29.882709E+0	16.244650E+0	394.251823E-3	384.269953E-3
32.200000E+0	1.000000E+0	-29.877532E+0	16.352129E+0	396.449089E-3	386.524439E-3
32.300000E+0	1.000000E+0	-29.875195E+0	16.392040E+0	397.597313E-3	387.669325E-3
32.400000E+0	1.000000E+0	-29.869569E+0	16.489458E+0	399.936676E-3	389.818668E-3
32.500000E+0	1.000000E+0	-29.868943E+0	16.482580E+0	399.590731E-3	389.423847E-3
32.600000E+0	1.000000E+0	-29.863629E+0	16.569376E+0	401.967764E-3	391.836405E-3
32.700000E+0	1.000000E+0	-29.865352E+0	16.592872E+0	402.470112E-3	392.185926E-3
32.800000E+0	1.000000E+0	-29.859797E+0	16.634345E+0	403.687000E-3	393.562555E-3
32.900000E+0	1.000000E+0	-29.855317E+0	16.686797E+0	404.925108E-3	394.671202E-3
33.000000E+0	1.000000E+0	-29.853341E+0	16.758180E+0	406.725883E-3	396.553040E-3
33.100000E+0	1.000000E+0	-29.852865E+0	16.756558E+0	406.799316E-3	396.677971E-3
33.200000E+0	1.000000E+0	-29.848651E+0	16.824365E+0	408.444881E-3	398.272276E-3
33.300000E+0	1.000000E+0	-29.844565E+0	16.883719E+0	409.323454E-3	399.232864E-3
33.400000E+0	1.000000E+0	-29.842487E+0	16.920245E+0	410.717964E-3	400.605440E-3
33.500000E+0	1.000000E+0	-29.838339E+0	17.006683E+0	412.439108E-3	402.520895E-3
33.600000E+0	1.000000E+0	-29.836157E+0	17.031980E+0	413.444996E-3	403.527737E-3
33.700000E+0	1.000000E+0	-29.833943E+0	17.056572E+0	414.340973E-3	404.560804E-3
33.800000E+0	1.000000E+0	-29.830000E+0	17.117012E+0	415.540934E-3	405.644417E-3
33.900000E+0	1.000000E+0	-29.829470E+0	17.177057E+0	416.471481E-3	406.780958E-3
34.000000E+0	1.000000E+0	-29.824549E+0	17.219925E+0	417.926788E-3	408.210516E-3
34.100000E+0	1.000000E+0	-29.818944E+0	17.276502E+0	419.614077E-3	409.862280E-3
34.200000E+0	1.000000E+0	-29.817909E+0	17.327571E+0	420.796394E-3	411.146164E-3
34.300000E+0	1.000000E+0	-29.813075E+0	17.386031E+0	422.357798E-3	412.508011E-3
34.400000E+0	1.000000E+0	-29.809794E+0	17.428970E+0	423.343897E-3	413.489819E-3
34.500000E+0	1.000000E+0	-29.807085E+0	17.483878E+0	424.652576E-3	415.005207E-3
34.600000E+0	1.000000E+0	-29.806564E+0	17.518401E+0	425.683737E-3	416.043282E-3
34.700000E+0	1.000000E+0	-29.799015E+0	17.642987E+0	428.252697E-3	418.359995E-3
34.800000E+0	1.000000E+0	-29.801470E+0	17.640436E+0	428.076506E-3	418.044567E-3
34.900000E+0	1.000000E+0	-29.797227E+0	17.673194E+0	429.087877E-3	419.213533E-3
35.000000E+0	1.000000E+0	-29.791359E+0	17.742574E+0	430.776358E-3	420.864344E-3
35.100000E+0	1.000000E+0	-29.792685E+0	17.803741E+0	432.151556E-3	421.972275E-3
35.200000E+0	1.000000E+0	-29.787094E+0	17.828894E+0	433.090687E-3	422.905445E-3
35.300000E+0	1.000000E+0	-29.787058E+0	17.850804E+0	433.415890E-3	423.328876E-3
35.400000E+0	1.000000E+0	-29.779643E+0	17.964554E+0	436.390162E-3	426.148176E-3
35.500000E+0	1.000000E+0	-29.782075E+0	17.947578E+0	436.054945E-3	425.687790E-3
35.600000E+0	1.000000E+0	-29.775525E+0	18.020356E+0	437.956572E-3	427.632809E-3
35.700000E+0	1.000000E+0	-29.775849E+0	18.060160E+0	438.579798E-3	428.122044E-3
35.800000E+0	1.000000E+0	-29.768926E+0	18.126690E+0	440.485954E-3	430.032015E-3
35.900000E+0	1.000000E+0	-29.765454E+0	18.166339E+0	441.534042E-3	431.049585E-3
36.000000E+0	1.000000E+0	-29.762561E+0	18.209732E+0	442.714214E-3	431.962967E-3
36.100000E+0	1.000000E+0	-29.762805E+0	18.249822E+0	443.563223E-3	432.831764E-3
36.200000E+0	1.000000E+0	-29.755941E+0	18.359685E+0	446.206093E-3	435.212374E-3
36.300000E+0	1.000000E+0	-29.752997E+0	18.383384E+0	446.790695E-3	435.631275E-3
36.400000E+0	1.000000E+0	-29.752666E+0	18.402934E+0	447.075367E-3	435.718060E-3
36.500000E+0	1.000000E+0	-29.749468E+0	18.441248E+0	448.241711E-3	436.791658E-3
36.600000E+0	1.000000E+0	-29.745698E+0	18.529105E+0	450.293779E-3	438.646078E-3
36.700000E+0	1.000000E+0	-29.743842E+0	18.553269E+0	450.957060E-3	439.120293E-3
36.800000E+0	1.000000E+0	-29.738358E+0	18.630540E+0	452.679873E-3	440.810919E-3
36.900000E+0	1.000000E+0	-29.735712E+0	18.669486E+0	453.742266E-3	441.520691E-3
37.000000E+0	1.000000E+0	-29.731709E+0	18.721676E+0	455.471039E-3	443.150282E-3
37.100000E+0	1.000000E+0	-29.733205E+0	18.760419E+0	456.167936E-3	443.607807E-3
37.200000E+0	1.000000E+0	-29.725689E+0	18.812358E+0	457.556248E-3	444.993019E-3
37.300000E+0	1.000000E+0	-29.725075E+0	18.835604E+0	458.218575E-3	445.376396E-3
37.400000E+0	1.000000E+0	-29.718358E+0	18.961918E+0	460.977793E-3	448.041677E-3
37.500000E+0	1.000000E+0	-29.717943E+0	18.932855E+0	460.799456E-3	447.693586E-3
37.600000E+0	1.000000E+0	-29.717136E+0	18.995667E+0	461.890936E-3	448.601007E-3
37.700000E+0	1.000000E+0	-29.714987E+0	19.022250E+0	462.663174E-3	449.225426E-3
37.800000E+0	1.000000E+0	-29.710776E+0	19.074714E+0	464.127541E-3	450.597048E-3
37.900000E+0	1.000000E+0	-29.703904E+0	19.152784E+0	465.968609E-3	452.229023E-3
38.000000E+0	1.000000E+0	-29.704711E+0	19.176626E+0	466.808796E-3	452.931881E-3
38.100000E+0	1.000000E+0	-29.699678E+0	19.263041E+0	468.713999E-3	454.582930E-3
38.200000E+0	1.000000E+0	-29.693899E+0	19.333076E+0	470.453501E-3	456.002474E-3
38.300000E+0	1.000000E+0	-29.695577E+0	19.327545E+0	470.220566E-3	455.796957E-3
38.400000E+0	1.000000E+0	-29.692105E+0	19.382226E+0	471.970558E-3	457.249641E-3
38.500000E+0	1.000000E+0	-29.688806E+0	19.443202E+0	473.315477E-3	458.441734E-3
38.600000E+0	1.000000E+0	-29.685548E+0	19.492722E+0	474.108458E-3	459.217072E-3
38.700000E+0	1.000000E+0	-29.682833E+0	19.543672E+0	475.508690E-3	460.687160E-3
38.800000E+0	1.000000E+0	-29.680142E+0	19.590807E+0	476.742268E-3	461.597443E-3
38.900000E+0	1.000000E+0	-29.677329E+0	19.630325E+0	478.168249E-3	462.702751E-3
39.000000E+0	1.000000E+0	-29.675150E+0	19.687319E+0	478.853703E-3	463.409662E-3
39.100000E+0	1.000000E+0	-29.671261E+0	19.748902E+0	480.943680E-3	465.305567E-3
39.200000E+0	1.000000E+0	-29.666818E+0	19.800508E+0	481.967211E-3	466.233730E-3
39.300000E+0	1.000000E+0	-29.663268E+0	19.853592E+0	483.200550E-3	467.496872E-3
39.400000E+0	1.000000E+0	-29.662863E+0	19.868052E+0	483.592033E-3	467.799902E-3
39.500000E+0	1.000000E+0	-29.656986E+0	19.950867E+0	485.548735E-3	469.396591E-3
39.600000E+0	1.000000E+0	-29.658470E+0	19.937146E+0	485.399008E-3	469.168186E-3
39.700000E+0	1.000000E+0	-29.654864E+0	20.029199E+0	487.580061E-3	471.379995E-3
39.800000E+0	1.000000E+0	-29.650847E+0	20.069671E+0	488.742113E-3	472.309351E-3
39.900000E+0	1.000000E+0	-29.645718E+0	20.129275E+0	490.387440E-3	473.669291E-3
40.000000E+0	1.000000E+0	-29.643089E+0	20.181787E+0	491.615772E-3	474.816322E-3
40.100000E+0	1.000000E+0	-29.640031E+0	20.219660E+0	492.481709E-3	475.661516E-3
40.200000E+0	1.000000E+0	-29.640413E+0	20.258164E+0	493.257046E-3	476.521969E-3
40.300000E+0	1.000000E+0	-29.634390E+0	20.331287E+0	495.142221E-3	478.358507E-3
40.400000E+0	1.000000E+0	-29.631466E+0	20.355129E+0	496.152878E-3	479.282856E-3
40.500000E+0	1.000000E+0	-29.629454E+0	20.439219E+0	497.662783E-3	480.882645E-3
40.600000E+0	1.000000E+0	-29.629040E+0	20.425737E+0	497.729778E-3	480.964899E-3
40.700000E+0	1.000000E+0	-29.623965E+0	20.472908E+0	498.850584E-3	482.152462E-3
40.800000E+0	1.000000E+0	-29.619793E+0	20.574307E+0	501.701117E-3	485.249519E-3
40.900000E+0	1.000000E+0	-29.615334E+0	20.611465E+0	502.505779E-3	485.956192E-3
41.000000E+0	1.000000E+0	-29.613030E+0	20.683336E+0	503.935337E-3	487.389326E-3
41.100000E+0	1.000000E+0	-29.610709E+0	20.702684E+0	504.745722E-3	488.440752E-3
41.200000E+0	1.000000E+0	-29.609687E+0	20.724106E+0	505.000114E-3	488.539696E-3
41.300000E+0	1.000000E+0	-29.603285E+0	20.824111E+0	507.641554E-3	491.316795E-3
41.400000E+0	1.000000E+0	-29.602197E+0	20.881891E+0	508.751869E-3	492.596626E-3
41.500000E+0	1.000000E+0	-29.596883E+0	20.915794E+0	509.774446E-3	493.603468E-3
41.600000E+0	1.000000E+0	-29.594425E+0	20.983362E+0	511.609316E-3	495.452404E-3
41.700000E+0	1.000000E+0	-29.592076E+0	20.996976E+0	512.155771E-3	496.206045E-3
41.800000E+0	1.000000E+0	-29.589555E+0	21.083975E+0	513.840199E-3	497.670650E-3
41.900000E+0	1.000000E+0	-29.585746E+0	21.101916E+0	514.359713E-3	498.418570E-3
42.000000E+0	1.000000E+0	-29.582295E+0	21.165133E+0	516.036749E-3	500.073910E-3
42.100000E+0	1.000000E+0	-29.580731E+0	21.198249E+0	516.799688E-3	500.931263E-3
42.200000E+0	1.000000E+0	-29.580033E+0	21.243453E+0	518.116951E-3	502.248049E-3
42.300000E+0	1.000000E+0	-29.574350E+0	21.303892E+0	519.801378E-3	504.119635E-3
42.400000E+0	1.000000E+0	-29.571671E+0	21.323562E+0	520.165682E-3	504.421473E-3
42.500000E+0	1.000000E+0	-29.570491E+0	21.364152E+0	521.102905E-3	505.513191E-3
42.600000E+0	1.000000E+0	-29.564733E+0	21.463776E+0	523.600340E-3	508.408308E-3
42.700000E+0	1.000000E+0	-29.560504E+0	21.547723E+0	525.244474E-3	509.992599E-3
42.800000E+0	1.000000E+0	-29.560179E+0	21.546066E+0	525.690079E-3	510.406494E-3
42.900000E+0	1.000000E+0	-29.558850E+0	21.566486E+0	526.140451E-3	511.221170E-3
43.000000E+0	1.000000E+0	-29.553000E+0	21.658123E+0	528.375149E-3	513.492584E-3
43.100000E+0	1.000000E+0	-29.551667E+0	21.690452E+0	528.849363E-3	514.243841E-3
43.200000E+0	1.000000E+0	-29.547340E+0	21.774173E+0	530.670881E-3	516.297102E-3
43.300000E+0	1.000000E+0	-29.544506E+0	21.808243E+0	531.954050E-3	517.574072E-3
43.400000E+0	1.000000E+0	-29.538978E+0	21.881127E+0	533.416748E-3	519.413233E-3
43.500000E+0	1.000000E+0	-29.538301E+0	21.894312E+0	533.895016E-3	519.808769E-3
43.600000E+0	1.000000E+0	-29.537946E+0	21.908998E+0	534.505367E-3	520.565987E-3
43.700000E+0	1.000000E+0	-29.530645E+0	22.014308E+0	537.364721E-3	523.662567E-3
43.800000E+0	1.000000E+0	-29.529399E+0	22.038615E+0	537.615299E-3	523.994684E-3
43.900000E+0	1.000000E+0	-29.524935E+0	22.080386E+0	538.899660E-3	525.255919E-3
44.000000E+0	1.000000E+0	-29.525510E+0	22.081256E+0	539.164782E-3	525.843620E-3
44.100000E+0	1.000000E+0	-29.519430E+0	22.186995E+0	541.397095E-3	528.229475E-3
44.200000E+0	1.000000E+0	-29.518757E+0	22.221065E+0	542.206526E-3	529.253006E-3
44.300000E+0	1.000000E+0	-29.516599E+0	22.241747E+0	542.832375E-3	530.136108E-3
44.400000E+0	1.000000E+0	-29.513669E+0	22.297597E+0	544.365644E-3	531.741142E-3
44.500000E+0	1.000000E+0	-29.507515E+0	22.410035E+0	547.039747E-3	534.747124E-3
44.600000E+0	1.000000E+0	-29.503319E+0	22.425520E+0	547.774315E-3	535.749197E-3
44.700000E+0	1.000000E+0	-29.502756E+0	22.467291E+0	548.369884E-3	536.604881E-3
44.800000E+0	1.000000E+0	-29.499552E+0	22.552657E+0	550.518990E-3	539.160013E-3
44.900000E+0	1.000000E+0	-29.495752E+0	22.591007E+0	551.553726E-3	540.230513E-3
45.000000E+0	1.000000E+0	-29.495109E+0	22.580266E+0	551.697016E-3	540.735006E-3
45.100000E+0	1.000000E+0	-29.492131E+0	22.685564E+0	553.737402E-3	542.860270E-3
45.200000E+0	1.000000E+0	-29.487870E+0	22.733414E+0	555.221558E-3	544.623852E-3
45.300000E+0	1.000000E+0	-29.484609E+0	22.765660E+0	556.044102E-3	545.756340E-3
45.400000E+0	1.000000E+0	-29.481948E+0	22.786093E+0	556.654692E-3	546.652555E-3
45.500000E+0	1.000000E+0	-29.479582E+0	22.822130E+0	557.432413E-3	547.418118E-3
45.600000E+0	1.000000E+0	-29.475984E+0	22.915423E+0	559.454203E-3	549.469709E-3
45.700000E+0	1.000000E+0	-29.472903E+0	22.942507E+0	560.570955E-3	550.653934E-3
45.800000E+0	1.000000E+0	-29.468552E+0	22.972655E+0	561.398506E-3	551.877260E-3
45.900000E+0	1.000000E+0	-29.468075E+0	23.029232E+0	562.619448E-3	553.055525E-3
46.000000E+0	1.000000E+0	-29.462061E+0	23.140991E+0	565.297365E-3	556.003809E-3
46.100000E+0	1.000000E+0	-29.462976E+0	23.123848E+0	564.972162E-3	555.911064E-3
46.200000E+0	1.000000E+0	-29.457418E+0	23.229730E+0	567.499161E-3	558.666468E-3
46.300000E+0	1.000000E+0	-29.453910E+0	23.238456E+0	568.278313E-3	559.557676E-3
46.400000E+0	1.000000E+0	-29.451344E+0	23.273993E+0	569.180250E-3	560.567856E-3
46.500000E+0	1.000000E+0	-29.448927E+0	23.337245E+0	570.386648E-3	561.973572E-3
46.600000E+0	1.000000E+0	-29.446957E+0	23.367310E+0	571.367025E-3	563.123226E-3
46.700000E+0	1.000000E+0	-29.443422E+0	23.419142E+0	572.134972E-3	564.167738E-3
46.800000E+0	1.000000E+0	-29.440397E+0	23.491490E+0	574.148655E-3	566.306353E-3
46.900000E+0	1.000000E+0	-29.436124E+0	23.531449E+0	575.161219E-3	567.487955E-3
47.000000E+0	1.000000E+0	-29.436446E+0	23.576927E+0	576.347351E-3	568.884134E-3
47.100000E+0	1.000000E+0	-29.431981E+0	23.624694E+0	577.728748E-3	570.256472E-3
47.200000E+0	1.000000E+0	-29.428313E+0	23.703337E+0	579.450130E-3	572.181940E-3
47.300000E+0	1.000000E+0	-29.426915E+0	23.714137E+0	579.421997E-3	572.038889E-3
47.400000E+0	1.000000E+0	-29.420123E+0	23.805356E+0	582.155943E-3	574.886560E-3
47.500000E+0	1.000000E+0	-29.418225E+0	23.805225E+0	582.244635E-3	574.863195E-3
47.600000E+0	1.000000E+0	-29.416368E+0	23.864353E+0	583.734989E-3	576.390505E-3
47.700000E+0	1.000000E+0	-29.409632E+0	23.938620E+0	585.734844E-3	578.319788E-3
47.800000E+0	1.000000E+0	-29.409954E+0	23.950326E+0	585.720539E-3	578.403234E-3
47.900000E+0	1.000000E+0	-29.408846E+0	23.967552E+0	586.405039E-3	578.990936E-3
48.000000E+0	1.000000E+0	-29.406193E+0	24.014342E+0	587.805986E-3	580.560923E-3
48.100000E+0	1.000000E+0	-29.400233E+0	24.132895E+0	589.749098E-3	582.536697E-3
48.200000E+0	1.000000E+0	-29.397259E+0	24.184191E+0	591.395617E-3	584.068775E-3
48.300000E+0	1.000000E+0	-29.395256E+0	24.208665E+0	592.462778E-3	584.870577E-3
48.400000E+0	1.000000E+0	-29.390532E+0	24.280620E+0	594.023943E-3	586.403847E-3
48.500000E+0	1.000000E+0	-29.387367E+0	24.313986E+0	595.214605E-3	587.627649E-3
48.600000E+0	1.000000E+0	-29.383287E+0	24.387050E+0	596.645355E-3	588.919878E-3
48.700000E+0	1.000000E+0	-29.383004E+0	24.419403E+0	597.484350E-3	589.653492E-3
48.800000E+0	1.000000E+0	-29.379169E+0	24.457622E+0	598.446608E-3	590.932131E-3
48.900000E+0	1.000000E+0	-29.374683E+0	24.513972E+0	599.947453E-3	592.163563E-3
49.000000E+0	1.000000E+0	-29.371709E+0	24.573290E+0	601.499319E-3	593.681574E-3
49.100000E+0	1.000000E+0	-29.370326E+0	24.598157E+0	602.051497E-3	594.268799E-3
49.200000E+0	1.000000E+0	-29.369036E+0	24.643493E+0	603.033066E-3	595.125675E-3
49.300000E+0	1.000000E+0	-29.363349E+0	24.719334E+0	605.043650E-3	596.896887E-3
49.400000E+0	1.000000E+0	-29.361934E+0	24.754906E+0	605.842590E-3	597.634792E-3
49.500000E+0	1.000000E+0	-29.357914E+0	24.830353E+0	607.475996E-3	599.260807E-3
49.600000E+0	1.000000E+0	-29.356715E+0	24.806249E+0	607.223511E-3	598.938942E-3
49.700000E+0	1.000000E+0	-29.351291E+0	24.915707E+0	609.849215E-3	601.402283E-3
49.800000E+0	1.000000E+0	-29.350698E+0	24.931192E+0	610.577106E-3	602.150202E-3
49.900000E+0	1.000000E+0	-29.345885E+0	25.023460E+0	612.693310E-3	604.061842E-3
50.000000E+0	1.000000E+0	-29.342354E+0	25.060451E+0	613.433838E-3	605.059624E-3
50.100000E+0	1.000000E+0	-29.341409E+0	25.105298E+0	614.446163E-3	605.799437E-3
50.200000E+0	1.000000E+0	-29.338268E+0	25.126672E+0	615.488768E-3	606.678486E-3
50.300000E+0	1.000000E+0	-29.334733E+0	25.203156E+0	616.980314E-3	608.157158E-3
50.400000E+0	1.000000E+0	-29.329840E+0	25.267220E+0	618.534327E-3	609.666348E-3
50.500000E+0	1.000000E+0	-29.329303E+0	25.278580E+0	619.273186E-3	610.402107E-3
50.600000E+0	1.000000E+0	-29.325715E+0	25.337851E+0	620.751381E-3	611.730337E-3
50.700000E+0	1.000000E+0	-29.323757E+0	25.382781E+0	621.486902E-3	612.626314E-3
50.800000E+0	1.000000E+0	-29.318005E+0	25.451779E+0	623.142958E-3	613.970757E-3
50.900000E+0	1.000000E+0	-29.313898E+0	25.522149E+0	625.023603E-3	615.649223E-3
51.000000E+0	1.000000E+0	-29.314226E+0	25.492895E+0	624.704838E-3	615.228891E-3
51.100000E+0	1.000000E+0	-29.309848E+0	25.585389E+0	626.821756E-3	617.346525E-3
51.200000E+0	1.000000E+0	-29.311335E+0	25.583243E+0	626.647234E-3	617.065191E-3
51.300000E+0	1.000000E+0	-29.306925E+0	25.647318E+0	628.291130E-3	618.730545E-3
51.400000E+0	1.000000E+0	-29.302946E+0	25.685108E+0	629.288912E-3	619.568825E-3
51.500000E+0	1.000000E+0	-29.296363E+0	25.794160E+0	631.793261E-3	622.053146E-3
51.600000E+0	1.000000E+0	-29.295534E+0	25.830817E+0	632.537603E-3	622.881174E-3
51.700000E+0	1.000000E+0	-29.291627E+0	25.857401E+0	633.816719E-3	623.832464E-3
51.800000E+0	1.000000E+0	-29.289312E+0	25.917256E+0	635.138035E-3	625.134468E-3
51.900000E+0	1.000000E+0	-29.286245E+0	25.938451E+0	636.007786E-3	625.882387E-3
52.000000E+0	1.000000E+0	-29.281789E+0	26.031470E+0	637.940168E-3	627.710104E-3
52.100000E+0	1.000000E+0	-29.282290E+0	26.075637E+0	638.970613E-3	628.611565E-3
52.200000E+0	1.000000E+0	-29.278079E+0	26.095521E+0	639.681816E-3	629.259825E-3
52.300000E+0	1.000000E+0	-29.273823E+0	26.187050E+0	641.737223E-3	631.236553E-3
52.400000E+0	1.000000E+0	-29.271686E+0	26.225364E+0	642.900229E-3	632.387877E-3
52.500000E+0	1.000000E+0	-29.269565E+0	26.247025E+0	643.411160E-3	632.954121E-3
52.600000E+0	1.000000E+0	-29.266298E+0	26.310575E+0	645.119190E-3	634.442568E-3
52.700000E+0	1.000000E+0	-29.261449E+0	26.368237E+0	646.337748E-3	635.681868E-3
52.800000E+0	1.000000E+0	-29.262147E+0	26.381493E+0	646.711111E-3	635.816574E-3
52.900000E+0	1.000000E+0	-29.256201E+0	26.438475E+0	648.015738E-3	637.184858E-3
53.000000E+0	1.000000E+0	-29.252878E+0	26.529455E+0	650.260925E-3	639.171362E-3
53.100000E+0	1.000000E+0	-29.248840E+0	26.557684E+0	651.037693E-3	639.521360E-3
53.200000E+0	1.000000E+0	-29.249299E+0	26.566648E+0	651.584625E-3	639.726877E-3
53.300000E+0	1.000000E+0	-29.244864E+0	26.634467E+0	653.043747E-3	641.180277E-3
53.400000E+0	1.000000E+0	-29.243476E+0	26.681221E+0	654.052496E-3	642.023802E-3
53.500000E+0	1.000000E+0	-29.241845E+0	26.707613E+0	654.995680E-3	642.721891E-3
53.600000E+0	1.000000E+0	-29.234019E+0	26.787949E+0	656.994343E-3	644.655943E-3
53.700000E+0	1.000000E+0	-29.230929E+0	26.874328E+0	658.928394E-3	646.280527E-3
53.800000E+0	1.000000E+0	-29.230124E+0	26.869500E+0	659.053326E-3	646.457195E-3
53.900000E+0	1.000000E+0	-29.226569E+0	26.949549E+0	660.650730E-3	647.860527E-3
54.000000E+0	1.000000E+0	-29.223264E+0	26.988018E+0	661.827326E-3	648.958206E-3
54.100000E+0	1.000000E+0	-29.220868E+0	27.035677E+0	663.117170E-3	650.269747E-3
54.200000E+0	1.000000E+0	-29.218638E+0	27.068877E+0	664.063454E-3	651.046038E-3
54.300000E+0	1.000000E+0	-29.215241E+0	27.145576E+0	665.518522E-3	652.461767E-3
54.400000E+0	1.000000E+0	-29.209790E+0	27.182448E+0	666.765690E-3	653.781414E-3
54.500000E+0	1.000000E+0	-29.208899E+0	27.244067E+0	668.156862E-3	655.104399E-3
54.600000E+0	1.000000E+0	-29.206187E+0	27.220762E+0	668.078423E-3	654.835463E-3
54.700000E+0	1.000000E+0	-29.205972E+0	27.297425E+0	669.714689E-3	656.529427E-3
54.800000E+0	1.000000E+0	-29.200095E+0	27.381086E+0	671.622276E-3	658.272266E-3
54.900000E+0	1.000000E+0	-29.198885E+0	27.380872E+0	671.864510E-3	658.460855E-3
55.000000E+0	1.000000E+0	-29.193795E+0	27.477741E+0	674.085855E-3	660.662413E-3
55.100000E+0	1.000000E+0	-29.191566E+0	27.499759E+0	675.060272E-3	661.646605E-3
55.200000E+0	1.000000E+0	-29.187501E+0	27.552927E+0	675.882578E-3	662.320375E-3
55.300000E+0	1.000000E+0	-29.184863E+0	27.593803E+0	677.333832E-3	663.623095E-3
55.400000E+0	1.000000E+0	-29.182265E+0	27.636206E+0	678.333998E-3	664.627075E-3
55.500000E+0	1.000000E+0	-29.179827E+0	27.714586E+0	680.210829E-3	666.381836E-3
55.600000E+0	1.000000E+0	-29.175067E+0	27.748811E+0	681.119680E-3	667.194366E-3
55.700000E+0	1.000000E+0	-29.172823E+0	27.790618E+0	682.154655E-3	668.213606E-3
55.800000E+0	1.000000E+0	-29.171592E+0	27.788806E+0	682.610273E-3	668.575048E-3
55.900000E+0	1.000000E+0	-29.166413E+0	27.883601E+0	684.548140E-3	670.395613E-3
56.000000E+0	1.000000E+0	-29.162959E+0	27.978766E+0	686.715364E-3	672.593355E-3
56.100000E+0	1.000000E+0	-29.162115E+0	27.977645E+0	686.836243E-3	672.714710E-3
56.200000E+0	1.000000E+0	-29.159627E+0	28.020060E+0	687.916756E-3	673.692465E-3
56.300000E+0	1.000000E+0	-29.158518E+0	28.026509E+0	688.226223E-3	674.042702E-3
56.400000E+0	1.000000E+0	-29.150698E+0	28.151703E+0	691.164732E-3	676.922083E-3
56.500000E+0	1.000000E+0	-29.149300E+0	28.163946E+0	691.674948E-3	677.362204E-3
56.600000E+0	1.000000E+0	-29.144624E+0	28.253591E+0	693.861961E-3	679.534912E-3
56.700000E+0	1.000000E+0	-29.138175E+0	28.330028E+0	695.817709E-3	681.406975E-3
56.800000E+0	1.000000E+0	-29.142541E+0	28.289771E+0	694.782257E-3	680.341482E-3
56.900000E+0	1.000000E+0	-29.137618E+0	28.356445E+0	696.601868E-3	682.093143E-3
57.000000E+0	1.000000E+0	-29.133618E+0	28.433204E+0	698.423862E-3	684.000731E-3
57.100000E+0	1.000000E+0	-29.132599E+0	28.445625E+0	698.746681E-3	684.261799E-3
57.200000E+0	1.000000E+0	-29.127410E+0	28.519583E+0	700.700760E-3	686.157465E-3
57.300000E+0	1.000000E+0	-29.124025E+0	28.572547E+0	702.040434E-3	687.465429E-3
57.400000E+0	1.000000E+0	-29.119972E+0	28.659189E+0	703.835487E-3	689.448118E-3
57.500000E+0	1.000000E+0	-29.117355E+0	28.714037E+0	705.442190E-3	690.925598E-3
57.600000E+0	1.000000E+0	-29.115183E+0	28.709853E+0	705.270767E-3	690.747976E-3
57.700000E+0	1.000000E+0	-29.115698E+0	28.705096E+0	705.368757E-3	690.898418E-3
57.800000E+0	1.000000E+0	-29.109258E+0	28.821242E+0	708.200455E-3	693.582058E-3
57.900000E+0	1.000000E+0	-29.105592E+0	28.866327E+0	709.289074E-3	694.756508E-3
58.000000E+0	1.000000E+0	-29.107127E+0	28.866041E+0	709.484816E-3	695.015430E-3
58.100000E+0	1.000000E+0	-29.099831E+0	28.936374E+0	711.286545E-3	696.610689E-3
58.200000E+0	1.000000E+0	-29.099933E+0	28.985989E+0	712.217569E-3	697.800398E-3
58.300000E+0	1.000000E+0	-29.093191E+0	29.081166E+0	714.429617E-3	700.048447E-3
58.400000E+0	1.000000E+0	-29.092440E+0	29.083049E+0	714.620829E-3	700.229883E-3
58.500000E+0	1.000000E+0	-29.088864E+0	29.138827E+0	716.366053E-3	701.924801E-3
58.600000E+0	1.000000E+0	-29.087681E+0	29.189765E+0	717.342138E-3	702.946663E-3
58.700000E+0	1.000000E+0	-29.083369E+0	29.218638E+0	718.400002E-3	703.878403E-3
58.800000E+0	1.000000E+0	-29.080388E+0	29.286826E+0	719.681263E-3	705.319881E-3
58.900000E+0	1.000000E+0	-29.078255E+0	29.299748E+0	720.282078E-3	705.857515E-3
59.000000E+0	1.000000E+0	-29.072020E+0	29.426777E+0	723.484755E-3	709.203482E-3
59.100000E+0	1.000000E+0	-29.071621E+0	29.424047E+0	723.463058E-3	709.154367E-3
59.200000E+0	1.000000E+0	-29.068527E+0	29.490483E+0	724.766493E-3	710.577726E-3
59.300000E+0	1.000000E+0	-29.064387E+0	29.541802E+0	726.446152E-3	712.364435E-3
59.400000E+0	1.000000E+0	-29.064465E+0	29.551339E+0	726.476669E-3	712.422848E-3
59.500000E+0	1.000000E+0	-29.059703E+0	29.625154E+0	728.444576E-3	714.334726E-3
59.600000E+0	1.000000E+0	-29.057011E+0	29.665339E+0	729.578018E-3	715.547562E-3
59.700000E+0	1.000000E+0	-29.051784E+0	29.716015E+0	730.940580E-3	717.123032E-3
59.800000E+0	1.000000E+0	-29.051090E+0	29.764211E+0	732.170820E-3	718.259573E-3
59.900000E+0	1.000000E+0	-29.046369E+0	29.841840E+0	733.945131E-3	720.291615E-3
60.000000E+0	1.000000E+0	-29.044459E+0	29.817283E+0	733.711481E-3	720.102072E-3
60.100000E+0	1.000000E+0	-29.040027E+0	29.961598E+0	736.729383E-3	723.331928E-3
60.200000E+0	1.000000E+0	-29.038990E+0	29.968309E+0	737.108946E-3	723.914146E-3
60.300000E+0	1.000000E+0	-29.034618E+0	30.001962E+0	737.947226E-3	724.778652E-3
60.400000E+0	1.000000E+0	-29.030961E+0	30.104601E+0	740.370750E-3	727.403164E-3
60.500000E+0	1.000000E+0	-29.028753E+0	30.112708E+0	740.632772E-3	727.660179E-3
60.600000E+0	1.000000E+0	-29.026574E+0	30.141211E+0	741.737604E-3	728.744030E-3
60.700000E+0	1.000000E+0	-29.020301E+0	30.210626E+0	743.578911E-3	730.643511E-3
60.800000E+0	1.000000E+0	-29.017932E+0	30.262387E+0	744.918108E-3	731.930017E-3
60.900000E+0	1.000000E+0	-29.014391E+0	30.329847E+0	746.082067E-3	733.234882E-3
61.000000E+0	1.000000E+0	-29.014379E+0	30.330944E+0	746.485949E-3	733.700037E-3
61.100000E+0	1.000000E+0	-29.011530E+0	30.364382E+0	747.496367E-3	734.761715E-3
61.200000E+0	1.000000E+0	-29.007236E+0	30.450761E+0	749.210835E-3	736.534595E-3
61.300000E+0	1.000000E+0	-29.003895E+0	30.496657E+0	750.544071E-3	737.900734E-3
61.400000E+0	1.000000E+0	-29.004854E+0	30.529320E+0	751.359463E-3	738.742590E-3
61.500000E+0	1.000000E+0	-29.000405E+0	30.569375E+0	752.443552E-3	739.894867E-3
61.600000E+0	1.000000E+0	-28.996984E+0	30.603373E+0	753.433704E-3	740.740776E-3
61.700000E+0	1.000000E+0	-28.989530E+0	30.722570E+0	755.979538E-3	743.349075E-3
61.800000E+0	1.000000E+0	-28.990427E+0	30.691969E+0	755.665541E-3	743.147135E-3
61.900000E+0	1.000000E+0	-28.988552E+0	30.744183E+0	756.837845E-3	744.362593E-3
62.000000E+0	1.000000E+0	-28.979633E+0	30.860662E+0	759.899139E-3	747.481346E-3
62.100000E+0	1.000000E+0	-28.981030E+0	30.867326E+0	759.798288E-3	747.378111E-3
62.200000E+0	1.000000E+0	-28.978250E+0	30.928791E+0	761.343241E-3	749.104023E-3
62.300000E+0	1.000000E+0	-28.974846E+0	30.949044E+0	762.170792E-3	749.885321E-3
62.400000E+0	1.000000E+0	-28.972456E+0	30.997217E+0	763.162613E-3	750.880480E-3
62.500000E+0	1.000000E+0	-28.968445E+0	31.045473E+0	764.693022E-3	752.431393E-3
62.600000E+0	1.000000E+0	-28.967381E+0	31.070566E+0	765.185118E-3	752.942801E-3
62.700000E+0	1.000000E+0	-28.963429E+0	31.179261E+0	767.811537E-3	755.494356E-3
62.800000E+0	1.000000E+0	-28.959734E+0	31.199026E+0	768.564224E-3	756.108284E-3
62.900000E+0	1.000000E+0	-28.958020E+0	31.253302E+0	769.396305E-3	757.218122E-3
63.000000E+0	1.000000E+0	-28.952375E+0	31.356621E+0	772.086382E-3	760.024786E-3
63.100000E+0	1.000000E+0	-28.948644E+0	31.376052E+0	772.812128E-3	760.571003E-3
63.200000E+0	1.000000E+0	-28.948403E+0	31.411266E+0	773.770332E-3	761.546373E-3
63.300000E+0	1.000000E+0	-28.945825E+0	31.456780E+0	774.409771E-3	762.405157E-3
63.400000E+0	1.000000E+0	-28.943748E+0	31.477666E+0	775.455475E-3	763.326883E-3
63.500000E+0	1.000000E+0	-28.939322E+0	31.531477E+0	776.868582E-3	764.708281E-3
63.600000E+0	1.000000E+0	-28.939701E+0	31.541765E+0	776.921511E-3	765.040636E-3
63.700000E+0	1.000000E+0	-28.932134E+0	31.637323E+0	779.474497E-3	767.712593E-3
63.800000E+0	1.000000E+0	-28.932408E+0	31.638932E+0	779.829741E-3	768.147707E-3
63.900000E+0	1.000000E+0	-28.922993E+0	31.817901E+0	783.352613E-3	771.979332E-3
64.000000E+0	1.000000E+0	-28.921047E+0	31.840301E+0	784.322262E-3	773.059607E-3
64.100000E+0	1.000000E+0	-28.922439E+0	31.839097E+0	784.491062E-3	773.419619E-3
64.200000E+0	1.000000E+0	-28.916544E+0	31.880176E+0	785.831451E-3	774.929762E-3
64.300000E+0	1.000000E+0	-28.913916E+0	31.948793E+0	787.060738E-3	776.032925E-3
64.400000E+0	1.000000E+0	-28.912023E+0	31.954396E+0	787.243605E-3	776.693106E-3
64.500000E+0	1.000000E+0	-28.909809E+0	32.006204E+0	788.770676E-3	778.085947E-3
64.600000E+0	1.000000E+0	-28.905502E+0	32.087409E+0	790.654898E-3	780.098438E-3
64.700000E+0	1.000000E+0	-28.901512E+0	32.106292E+0	791.241884E-3	780.776739E-3
64.800000E+0	1.000000E+0	-28.902725E+0	32.106662E+0	791.397095E-3	780.921459E-3
64.900000E+0	1.000000E+0	-28.892690E+0	32.266748E+0	794.947147E-3	784.568787E-3
65.000000E+0	1.000000E+0	-28.893212E+0	32.270253E+0	795.255661E-3	785.297632E-3
65.100000E+0	1.000000E+0	-28.893087E+0	32.292795E+0	796.092272E-3	786.012650E-3
65.200000E+0	1.000000E+0	-28.890717E+0	32.342184E+0	797.218084E-3	787.224054E-3
65.300000E+0	1.000000E+0	-28.884694E+0	32.432234E+0	799.273968E-3	789.205313E-3
65.400000E+0	1.000000E+0	-28.881398E+0	32.465112E+0	800.558805E-3	790.415287E-3
65.500000E+0	1.000000E+0	-28.878791E+0	32.499588E+0	801.298141E-3	791.468859E-3
65.600000E+0	1.000000E+0	-28.876204E+0	32.511377E+0	801.891565E-3	792.007685E-3
65.700000E+0	1.000000E+0	-28.870655E+0	32.629979E+0	804.366589E-3	794.399023E-3
65.800000E+0	1.000000E+0	-28.870783E+0	32.644987E+0	804.786921E-3	794.782400E-3
65.900000E+0	1.000000E+0	-28.869453E+0	32.683325E+0	805.635929E-3	795.828819E-3
66.000000E+0	1.000000E+0	-28.863585E+0	32.757854E+0	807.910681E-3	798.175573E-3
66.100000E+0	1.000000E+0	-28.859941E+0	32.785797E+0	808.436394E-3	798.666000E-3
66.200000E+0	1.000000E+0	-28.857643E+0	32.833087E+0	809.561491E-3	799.903870E-3
66.300000E+0	1.000000E+0	-28.858757E+0	32.859445E+0	810.200691E-3	800.654173E-3
66.400000E+0	1.000000E+0	-28.851125E+0	32.919168E+0	812.126637E-3	802.519083E-3
66.500000E+0	1.000000E+0	-28.847570E+0	32.994211E+0	813.655138E-3	804.269552E-3
66.600000E+0	1.000000E+0	-28.845147E+0	33.032525E+0	814.488411E-3	805.053711E-3
66.700000E+0	1.000000E+0	-28.838531E+0	33.134270E+0	817.345381E-3	808.102369E-3
66.800000E+0	1.000000E+0	-28.837318E+0	33.205092E+0	818.729162E-3	809.532642E-3
66.900000E+0	1.000000E+0	-28.836227E+0	33.159935E+0	818.069935E-3	808.853149E-3
67.000000E+0	1.000000E+0	-28.835205E+0	33.208346E+0	819.189787E-3	809.931040E-3
67.100000E+0	1.000000E+0	-28.832847E+0	33.263922E+0	820.366859E-3	811.256647E-3
67.200000E+0	1.000000E+0	-28.827799E+0	33.325660E+0	822.120428E-3	812.967062E-3
67.300000E+0	1.000000E+0	-28.821657E+0	33.410800E+0	824.293137E-3	815.254927E-3
67.400000E+0	1.000000E+0	-28.821233E+0	33.426678E+0	824.487209E-3	815.559387E-3
67.500000E+0	1.000000E+0	-28.819064E+0	33.445871E+0	825.093269E-3	815.852404E-3
67.600000E+0	1.000000E+0	-28.818575E+0	33.483791E+0	826.232672E-3	817.118883E-3
67.700000E+0	1.000000E+0	-28.814981E+0	33.535790E+0	827.427864E-3	818.313122E-3
67.800000E+0	1.000000E+0	-28.814325E+0	33.561385E+0	828.103781E-3	819.008112E-3
67.900000E+0	1.000000E+0	-28.807548E+0	33.624828E+0	829.954147E-3	820.821047E-3
68.000000E+0	1.000000E+0	-28.801966E+0	33.724046E+0	832.502604E-3	823.185444E-3
68.100000E+0	1.000000E+0	-28.803394E+0	33.723319E+0	832.252979E-3	823.106527E-3
68.200000E+0	1.000000E+0	-28.798455E+0	33.764064E+0	833.437443E-3	824.208736E-3
68.300000E+0	1.000000E+0	-28.793008E+0	33.864665E+0	835.651636E-3	826.412439E-3
68.400000E+0	1.000000E+0	-28.793577E+0	33.872759E+0	835.819960E-3	826.721907E-3
68.500000E+0	1.000000E+0	-28.789002E+0	33.932471E+0	837.438583E-3	828.215599E-3
68.600000E+0	1.000000E+0	-28.787488E+0	33.971238E+0	838.356495E-3	829.248190E-3
68.700000E+0	1.000000E+0	-28.784472E+0	33.978069E+0	838.707685E-3	829.534769E-3
68.800000E+0	1.000000E+0	-28.780204E+0	34.077895E+0	841.485739E-3	832.214594E-3
68.900000E+0	1.000000E+0	-28.775981E+0	34.130788E+0	842.859507E-3	833.548546E-3
69.000000E+0	1.000000E+0	-28.773174E+0	34.181857E+0	843.706846E-3	834.403992E-3
69.100000E+0	1.000000E+0	-28.772682E+0	34.210253E+0	844.782591E-3	835.452318E-3
69.200000E+0	1.000000E+0	-28.768969E+0	34.259295E+0	845.696926E-3	836.546183E-3
69.300000E+0	1.000000E+0	-28.761262E+0	34.354985E+0	848.629951E-3	839.257956E-3
69.400000E+0	1.000000E+0	-28.763399E+0	34.380090E+0	848.752975E-3	839.492321E-3
69.500000E+0	1.000000E+0	-28.756085E+0	34.429061E+0	850.449324E-3	840.996027E-3
69.600000E+0	1.000000E+0	-28.759888E+0	34.397840E+0	849.503756E-3	840.258837E-3
69.700000E+0	1.000000E+0	-28.751326E+0	34.526157E+0	852.555275E-3	843.207598E-3
69.800000E+0	1.000000E+0	-28.751055E+0	34.513819E+0	852.520466E-3	843.195438E-3
69.900000E+0	1.000000E+0	-28.747213E+0	34.620655E+0	854.992151E-3	845.638275E-3
70.000000E+0	1.000000E+0	-28.746960E+0	34.609735E+0	854.410410E-3	845.105648E-3
70.100000E+0	1.000000E+0	-28.740251E+0	34.686112E+0	856.740475E-3	847.362041E-3
70.200000E+0	1.000000E+0	-28.736887E+0	34.728515E+0	858.165741E-3	848.689556E-3
70.300000E+0	1.000000E+0	-28.732318E+0	34.821212E+0	860.337734E-3	850.898027E-3
70.400000E+0	1.000000E+0	-28.731475E+0	34.850800E+0	860.980272E-3	851.470709E-3
70.500000E+0	1.000000E+0	-28.728110E+0	34.877610E+0	861.777544E-3	852.230549E-3
70.600000E+0	1.000000E+0	-28.725201E+0	34.966922E+0	863.634586E-3	854.198933E-3
70.700000E+0	1.000000E+0	-28.721172E+0	34.961414E+0	864.317179E-3	854.824305E-3
70.800000E+0	1.000000E+0	-28.720284E+0	35.005724E+0	865.157843E-3	855.723858E-3
70.900000E+0	1.000000E+0	-28.714854E+0	35.088682E+0	867.326498E-3	857.816219E-3
71.000000E+0	1.000000E+0	-28.714675E+0	35.109138E+0	867.543697E-3	858.159304E-3
71.100000E+0	1.000000E+0	-28.712485E+0	35.167849E+0	868.602037E-3	859.079361E-3
71.200000E+0	1.000000E+0	-28.708119E+0	35.201311E+0	869.496107E-3	860.064745E-3
71.300000E+0	1.000000E+0	-28.703425E+0	35.280967E+0	871.810436E-3	862.317562E-3
71.400000E+0	1.000000E+0	-28.703610E+0	35.306406E+0	872.579336E-3	863.065243E-3
71.500000E+0	1.000000E+0	-28.701455E+0	35.304582E+0	872.688055E-3	863.166809E-3
71.600000E+0	1.000000E+0	-28.691718E+0	35.438573E+0	876.240969E-3	866.616488E-3
71.700000E+0	1.000000E+0	-28.690574E+0	35.472071E+0	877.146482E-3	867.489100E-3
71.800000E+0	1.000000E+0	-28.690726E+0	35.457623E+0	876.541376E-3	866.809845E-3
71.900000E+0	1.000000E+0	-28.685627E+0	35.562563E+0	879.191399E-3	869.512081E-3
72.000000E+0	1.000000E+0	-28.685961E+0	35.556471E+0	879.378080E-3	869.828224E-3
72.100000E+0	1.000000E+0	-28.679109E+0	35.664272E+0	881.590843E-3	872.017384E-3
72.200000E+0	1.000000E+0	-28.677902E+0	35.688961E+0	882.316113E-3	872.611046E-3
72.300000E+0	1.000000E+0	-28.675068E+0	35.735822E+0	883.622646E-3	873.976946E-3
72.400000E+0	1.000000E+0	-28.673610E+0	35.786414E+0	884.521484E-3	874.866486E-3
72.500000E+0	1.000000E+0	-28.668490E+0	35.843825E+0	886.372805E-3	876.713753E-3
72.600000E+0	1.000000E+0	-28.666246E+0	35.829353E+0	885.980368E-3	876.234531E-3
72.700000E+0	1.000000E+0	-28.662208E+0	35.930204E+0	888.430834E-3	878.759623E-3
72.800000E+0	1.000000E+0	-28.661210E+0	35.910976E+0	888.550997E-3	879.067898E-3
72.900000E+0	1.000000E+0	-28.656903E+0	36.002541E+0	890.756369E-3	880.956650E-3
73.000000E+0	1.000000E+0	-28.655422E+0	36.029243E+0	891.167641E-3	881.417274E-3
73.100000E+0	1.000000E+0	-28.652278E+0	36.106515E+0	892.997503E-3	883.295536E-3
73.200000E+0	1.000000E+0	-28.646836E+0	36.165869E+0	894.743443E-3	884.957075E-3
73.300000E+0	1.000000E+0	-28.646380E+0	36.170089E+0	894.912958E-3	885.205030E-3
73.400000E+0	1.000000E+0	-28.639019E+0	36.269021E+0	897.154808E-3	887.296915E-3
73.500000E+0	1.000000E+0	-28.637290E+0	36.283731E+0	897.898912E-3	888.147116E-3
73.600000E+0	1.000000E+0	-28.636197E+0	36.293387E+0	898.322105E-3	888.491869E-3
73.700000E+0	1.000000E+0	-28.631646E+0	36.378145E+0	900.218725E-3	890.323400E-3
73.800000E+0	1.000000E+0	-28.628141E+0	36.494923E+0	902.525902E-3	892.707109E-3
73.900000E+0	1.000000E+0	-28.624398E+0	36.506093E+0	903.260469E-3	893.441439E-3
74.000000E+0	1.000000E+0	-28.625638E+0	36.514354E+0	903.485775E-3	893.563986E-3
74.100000E+0	1.000000E+0	-28.618691E+0	36.622977E+0	905.941010E-3	895.947456E-3
74.200000E+0	1.000000E+0	-28.618303E+0	36.635792E+0	906.416416E-3	896.558046E-3
74.300000E+0	1.000000E+0	-28.615511E+0	36.636341E+0	906.876326E-3	896.920443E-3
74.400000E+0	1.000000E+0	-28.611905E+0	36.695433E+0	908.470154E-3	898.469925E-3
74.500000E+0	1.000000E+0	-28.607899E+0	36.772883E+0	910.166502E-3	900.159836E-3
74.600000E+0	1.000000E+0	-28.607133E+0	36.787224E+0	910.688400E-3	900.751829E-3
74.700000E+0	1.000000E+0	-28.603289E+0	36.857080E+0	912.384510E-3	902.484179E-3
74.800000E+0	1.000000E+0	-28.600273E+0	36.897147E+0	913.580656E-3	903.592110E-3
74.900000E+0	1.000000E+0	-28.598896E+0	36.925137E+0	914.397717E-3	904.428482E-3
75.000000E+0	1.000000E+0	-28.591121E+0	37.016594E+0	916.445732E-3	906.365156E-3
75.100000E+0	1.000000E+0	-28.590203E+0	37.029672E+0	916.723728E-3	906.746387E-3
75.200000E+0	1.000000E+0	-28.591019E+0	37.060714E+0	917.587519E-3	907.455206E-3
75.300000E+0	1.000000E+0	-28.585276E+0	37.104690E+0	919.029713E-3	908.919334E-3
75.400000E+0	1.000000E+0	-28.584877E+0	37.147248E+0	919.844866E-3	909.831285E-3
75.500000E+0	1.000000E+0	-28.574425E+0	37.302899E+0	923.543692E-3	913.363218E-3
75.600000E+0	1.000000E+0	-28.576088E+0	37.266839E+0	922.941685E-3	912.840128E-3
75.700000E+0	1.000000E+0	-28.571961E+0	37.327802E+0	924.622297E-3	914.492607E-3
75.800000E+0	1.000000E+0	-28.568426E+0	37.372553E+0	925.701141E-3	915.550232E-3
75.900000E+0	1.000000E+0	-28.567633E+0	37.394750E+0	926.496744E-3	916.354656E-3
76.000000E+0	1.000000E+0	-28.563106E+0	37.468803E+0	928.293943E-3	918.145418E-3
76.100000E+0	1.000000E+0	-28.561047E+0	37.494791E+0	929.117680E-3	918.938160E-3
76.200000E+0	1.000000E+0	-28.557054E+0	37.548983E+0	930.646658E-3	920.380354E-3
76.300000E+0	1.000000E+0	-28.552577E+0	37.589991E+0	931.730747E-3	921.406031E-3
76.400000E+0	1.000000E+0	-28.550736E+0	37.630868E+0	932.472467E-3	922.248363E-3
76.500000E+0	1.000000E+0	-28.550962E+0	37.672627E+0	933.471203E-3	923.247099E-3
76.600000E+0	1.000000E+0	-28.546989E+0	37.722361E+0	934.800148E-3	924.526215E-3
76.700000E+0	1.000000E+0	-28.543717E+0	37.779450E+0	936.107397E-3	925.829887E-3
76.800000E+0	1.000000E+0	-28.541831E+0	37.807727E+0	936.726093E-3	926.526546E-3
76.900000E+0	1.000000E+0	-28.536046E+0	37.898231E+0	939.046860E-3	928.759813E-3
77.000000E+0	2.000000E+0	-28.535018E+0	37.874258E+0	939.027786E-3	928.819656E-3
77.100000E+0	2.000000E+0	-28.531057E+0	37.966049E+0	940.989971E-3	930.769444E-3
77.200000E+0	2.000000E+0	-28.574258E+0	37.215877E+0	922.833443E-3	912.769556E-3
77.300000E+0	2.000000E+0	-28.614396E+0	36.462438E+0	905.182123E-3	895.132780E-3
77.400000E+0	2.000000E+0	-28.656724E+0	35.716975E+0	887.200832E-3	877.345085E-3
77.500000E+0	2.000000E+0	-28.700596E+0	34.952080E+0	868.773937E-3	858.997583E-3
77.600000E+0	2.000000E+0	-28.745056E+0	34.158158E+0	849.645376E-3	839.961290E-3
77.700000E+0	2.000000E+0	-28.787825E+0	33.414090E+0	831.626892E-3	822.127581E-3
77.800000E+0	2.000000E+0	-28.832183E+0	32.653093E+0	813.007832E-3	803.604603E-3
77.900000E+0	2.000000E+0	-28.878266E+0	31.876349E+0	793.975592E-3	784.828424E-3
78.000000E+0	2.000000E+0	-28.918922E+0	31.124496E+0	776.159525E-3	767.207861E-3
78.100000E+0	2.000000E+0	-28.964827E+0	30.346847E+0	757.253885E-3	748.474121E-3
78.200000E+0	2.000000E+0	-29.011569E+0	29.595423E+0	738.779306E-3	730.086327E-3
78.300000E+0	2.000000E+0	-29.055918E+0	28.820479E+0	719.809055E-3	711.298943E-3
78.400000E+0	2.000000E+0	-29.098413E+0	28.096521E+0	702.234030E-3	693.880558E-3
78.500000E+0	2.000000E+0	-29.144308E+0	27.291787E+0	682.847023E-3	674.744606E-3
78.600000E+0	2.000000E+0	-29.186774E+0	26.569271E+0	664.617062E-3	656.654119E-3
78.700000E+0	2.000000E+0	-29.233706E+0	25.781453E+0	645.712137E-3	637.950897E-3
78.800000E+0	2.000000E+0	-29.278267E+0	25.035071E+0	627.471924E-3	619.758368E-3
78.900000E+0	2.000000E+0	-29.325146E+0	24.249434E+0	608.477831E-3	600.621700E-3
79.000000E+0	2.000000E+0	-29.370016E+0	23.476756E+0	589.391232E-3	581.304550E-3
79.100000E+0	2.000000E+0	-29.414452E+0	22.725689E+0	570.932388E-3	563.039780E-3
79.200000E+0	2.000000E+0	-29.460332E+0	21.976101E+0	552.237034E-3	544.548512E-3
79.300000E+0	2.000000E+0	-29.505015E+0	21.239460E+0	534.259319E-3	526.944160E-3
79.400000E+0	2.000000E+0	-29.552630E+0	20.458043E+0	515.181303E-3	508.228779E-3
79.500000E+0	2.000000E+0	-29.597155E+0	19.725752E+0	496.653080E-3	490.594625E-3
79.600000E+0	2.000000E+0	-29.642433E+0	18.938100E+0	477.717161E-3	471.862316E-3
79.700000E+0	2.000000E+0	-29.686687E+0	18.193293E+0	459.197283E-3	453.515768E-3
79.800000E+0	2.000000E+0	-29.732681E+0	17.431152E+0	440.979958E-3	435.482502E-3
79.900000E+0	2.000000E+0	-29.780215E+0	16.643023E+0	421.650648E-3	416.510820E-3
80.000000E+0	2.000000E+0	-29.826588E+0	15.917468E+0	403.362751E-3	398.512125E-3
80.100000E+0	2.000000E+0	-29.871014E+0	15.146208E+0	384.574652E-3	380.002737E-3
80.200000E+0	2.000000E+0	-29.917315E+0	14.398992E+0	366.118193E-3	361.734867E-3
80.300000E+0	2.000000E+0	-29.963407E+0	13.648796E+0	347.718716E-3	343.550920E-3
80.400000E+0	2.000000E+0	-30.010072E+0	12.864709E+0	328.540802E-3	324.496031E-3
80.500000E+0	2.000000E+0	-30.055774E+0	12.121272E+0	310.004950E-3	306.108475E-3
80.600000E+0	2.000000E+0	-30.100322E+0	11.369288E+0	291.669130E-3	287.997007E-3
80.700000E+0	2.000000E+0	-30.148030E+0	10.632896E+0	273.252010E-3	269.812107E-3
80.800000E+0	2.000000E+0	-30.194807E+0	9.840679E+0	253.938913E-3	251.062632E-3
80.900000E+0	2.000000E+0	-30.240959E+0	9.108925E+0	235.462904E-3	232.972383E-3
81.000000E+0	2.000000E+0	-30.287704E+0	8.342576E+0	216.757774E-3	214.432478E-3
81.100000E+0	2.000000E+0	-30.333218E+0	7.577741E+0	197.837830E-3	195.884705E-3
81.200000E+0	2.000000E+0	-30.379883E+0	6.853569E+0	179.790735E-3	177.978754E-3
81.300000E+0	2.000000E+0	-30.425710E+0	6.081033E+0	160.793543E-3	159.410238E-3
81.400000E+0	2.000000E+0	-30.474163E+0	5.304003E+0	141.772747E-3	140.984058E-3
81.500000E+0	2.000000E+0	-30.520219E+0	4.548085E+0	122.702837E-3	122.474670E-3
81.600000E+0	2.000000E+0	-30.567915E+0	3.777623E+0	103.758574E-3	104.514599E-3
81.700000E+0	2.000000E+0	-30.615014E+0	3.034329E+0	84.929228E-3	86.315870E-3
81.800000E+0	2.000000E+0	-30.664206E+0	2.263558E+0	65.848589E-3	68.222284E-3
81.900000E+0	2.000000E+0	-30.709354E+0	1.499414E+0	46.856880E-3	50.330639E-3
82.000000E+0	2.000000E+0	-30.754754E+0	744.616985E-3	27.262926E-3	32.166243E-3
82.100000E+0	2.000000E+0	-30.795074E+0	90.849400E-3	10.388851E-3	16.780615E-3
82.200000E+0	2.000000E+0	-30.806750E+0	-44.155121E-3	6.104946E-3	12.958765E-3
82.300000E+0	2.000000E+0	-30.810747E+0	-43.636560E-3	5.535364E-3	12.647867E-3
82.400000E+0	2.000000E+0	-30.811343E+0	-50.914288E-3	4.720211E-3	12.188196E-3
82.500000E+0	2.000000E+0	-30.813402E+0	-50.967932E-3	4.632711E-3	11.930704E-3
82.600000E+0	2.000000E+0	-30.812499E+0	-69.582462E-3	4.272461E-3	11.645794E-3
82.700000E+0	2.000000E+0	-30.812547E+0	-53.483248E-3	4.267454E-3	11.737585E-3
82.800000E+0	2.000000E+0	-30.811918E+0	-25.910139E-3	4.500628E-3	11.787176E-3
82.900000E+0	2.000000E+0	-30.813894E+0	-46.277046E-3	4.174471E-3	11.754036E-3
83.000000E+0	2.000000E+0	-30.813700E+0	-16.748905E-3	4.085302E-3	11.473894E-3
83.100000E+0	2.000000E+0	-30.814547E+0	-28.431416E-3	4.168749E-3	11.740923E-3
83.200000E+0	2.000000E+0	-30.816210E+0	-31.906366E-3	3.858089E-3	11.519432E-3
83.300000E+0	2.000000E+0	-30.815375E+0	-17.923117E-3	4.068851E-3	11.370182E-3
83.400000E+0	2.000000E+0	-30.817068E+0	-13.262033E-3	3.863573E-3	11.401653E-3
83.500000E+0	2.000000E+0	-30.815921E+0	-3.707409E-3	3.904343E-3	11.291504E-3
83.600000E+0	2.000000E+0	-30.817330E+0	-23.186207E-3	3.763914E-3	11.115074E-3
83.700000E+0	2.000000E+0	-30.817351E+0	-30.857325E-3	3.381491E-3	10.821104E-3
83.800000E+0	2.000000E+0	-30.818314E+0	-26.762486E-3	3.253698E-3	10.658979E-3
83.900000E+0	2.000000E+0	-30.818537E+0	-13.923645E-3	3.576040E-3	11.004448E-3
84.000000E+0	2.000000E+0	-30.818770E+0	4.136562E-3	3.584385E-3	11.090755E-3
84.100000E+0	2.000000E+0	-30.818382E+0	-12.809038E-3	3.463745E-3	10.854483E-3
84.200000E+0	2.000000E+0	-30.817828E+0	-24.598837E-3	3.398180E-3	11.132240E-3
84.300000E+0	2.000000E+0	-30.817056E+0	-5.662441E-3	3.313780E-3	11.017799E-3
84.400000E+0	2.000000E+0	-30.818832E+0	-25.075674E-3	3.437757E-3	10.931492E-3
84.500000E+0	2.000000E+0	-30.818275E+0	-1.668930E-3	3.330708E-3	10.813475E-3
84.600000E+0	2.000000E+0	-30.819625E+0	-9.286404E-3	3.187895E-3	10.524750E-3
84.700000E+0	2.000000E+0	-30.819029E+0	-2.270937E-3	3.288746E-3	10.649443E-3
84.800000E+0	2.000000E+0	-30.821157E+0	-25.016069E-3	2.216339E-3	9.870768E-3
84.900000E+0	2.000000E+0	-30.820522E+0	-41.413307E-3	2.191782E-3	9.588718E-3
85.000000E+0	2.000000E+0	-30.821971E+0	-48.971176E-3	2.198935E-3	9.865284E-3
85.100000E+0	2.000000E+0	-30.820358E+0	-50.890446E-3	2.260685E-3	9.736300E-3
85.200000E+0	2.000000E+0	-30.820930E+0	-25.719404E-3	2.363682E-3	9.907484E-3
85.300000E+0	2.000000E+0	-30.820650E+0	-36.346912E-3	2.285242E-3	10.008335E-3
85.400000E+0	2.000000E+0	-30.818940E+0	-8.988380E-3	2.523422E-3	9.697914E-3
85.500000E+0	2.000000E+0	-30.820966E+0	-37.074089E-3	2.275467E-3	9.751081E-3
85.600000E+0	2.000000E+0	-30.822415E+0	-38.540363E-3	2.018690E-3	9.615898E-3
85.700000E+0	2.000000E+0	-30.822802E+0	-16.313791E-3	2.635479E-3	9.911299E-3
85.800000E+0	2.000000E+0	-30.821908E+0	-8.779764E-3	2.350569E-3	9.719133E-3
85.900000E+0	2.000000E+0	-30.821366E+0	-23.561716E-3	2.189398E-3	9.394169E-3
86.000000E+0	2.000000E+0	-30.822728E+0	-18.292665E-3	2.231836E-3	9.647131E-3
86.100000E+0	2.000000E+0	-30.822573E+0	-8.541346E-3	2.389669E-3	9.988546E-3
86.200000E+0	2.000000E+0	-30.823118E+0	-6.425381E-3	1.923084E-3	9.388924E-3
86.300000E+0	2.000000E+0	-30.821100E+0	-22.363663E-3	2.369881E-3	9.828329E-3
86.400000E+0	2.000000E+0	-30.821935E+0	-26.804209E-3	1.862764E-3	9.343386E-3
86.500000E+0	2.000000E+0	-30.824253E+0	-48.798323E-3	1.624584E-3	8.950472E-3
86.600000E+0	2.000000E+0	-30.822909E+0	-35.125017E-3	1.722813E-3	9.124279E-3
86.700000E+0	2.000000E+0	-30.823276E+0	-32.365322E-3	1.705647E-3	9.091616E-3
86.800000E+0	3.000000E+0	-30.824173E+0	-40.858984E-3	1.751184E-3	8.915186E-3
86.900000E+0	3.000000E+0	-30.828226E+0	-89.603662E-3	285.863876E-6	7.774353E-3
87.000000E+0	3.000000E+0	-30.828244E+0	-128.340721E-3	-599.741936E-6	6.856918E-3
87.100000E+0	3.000000E+0	-30.826799E+0	-107.610226E-3	-48.637390E-6	7.252932E-3
87.200000E+0	3.000000E+0	-30.826286E+0	-90.545416E-3	77.724457E-6	7.726669E-3
87.300000E+0	3.000000E+0	-30.824528E+0	-25.677681E-3	1.896381E-3	9.063721E-3
87.400000E+0	3.000000E+0	-30.821914E+0	48.017502E-3	2.990246E-3	10.334969E-3
87.500000E+0	3.000000E+0	-30.816722E+0	77.593327E-3	4.294872E-3	11.453152E-3
87.600000E+0	3.000000E+0	-30.814472E+0	148.236752E-3	5.724430E-3	12.636662E-3
87.700000E+0	3.000000E+0	-30.810714E+0	224.769115E-3	7.347584E-3	14.219761E-3
87.800000E+0	3.000000E+0	-30.806914E+0	262.558460E-3	8.560658E-3	15.404463E-3
87.900000E+0	3.000000E+0	-30.803651E+0	315.999985E-3	9.914398E-3	16.637564E-3
88.000000E+0	3.000000E+0	-30.798182E+0	383.067131E-3	11.923075E-3	18.417597E-3
88.100000E+0	3.000000E+0	-30.797032E+0	443.339348E-3	12.957573E-3	19.446135E-3
88.200000E+0	3.000000E+0	-30.798394E+0	447.916985E-3	13.336658E-3	19.865513E-3
88.300000E+0	3.000000E+0	-30.791942E+0	554.478168E-3	15.412092E-3	21.675348E-3
88.400000E+0	3.000000E+0	-30.786419E+0	608.110428E-3	16.697407E-3	23.019075E-3
88.500000E+0	3.000000E+0	-30.783251E+0	674.140453E-3	18.624544E-3	24.742603E-3
88.600000E+0	3.000000E+0	-30.781827E+0	707.483292E-3	19.475698E-3	25.688410E-3
88.700000E+0	3.000000E+0	-30.779174E+0	773.143768E-3	21.003485E-3	27.046680E-3
88.800000E+0	3.000000E+0	-30.772433E+0	840.580463E-3	22.560120E-3	28.646469E-3
88.900000E+0	3.000000E+0	-30.773193E+0	881.421566E-3	23.515463E-3	29.355288E-3
89.000000E+0	3.000000E+0	-30.768148E+0	955.545902E-3	25.060415E-3	30.924082E-3
89.100000E+0	3.000000E+0	-30.764303E+0	1.009297E+0	26.617050E-3	32.326698E-3
89.200000E+0	3.000000E+0	-30.763683E+0	1.054084E+0	27.389050E-3	33.270836E-3
89.300000E+0	3.000000E+0	-30.759511E+0	1.143599E+0	29.355049E-3	35.185814E-3
89.400000E+0	3.000000E+0	-30.757955E+0	1.123285E+0	29.307604E-3	35.044432E-3
89.500000E+0	3.000000E+0	-30.752123E+0	1.208079E+0	31.138182E-3	36.864281E-3
89.600000E+0	3.000000E+0	-30.750534E+0	1.299071E+0	32.987118E-3	38.588524E-3
89.700000E+0	3.000000E+0	-30.747223E+0	1.338542E+0	34.304857E-3	39.814711E-3
89.800000E+0	3.000000E+0	-30.745703E+0	1.345980E+0	34.580708E-3	40.104151E-3
89.900000E+0	3.000000E+0	-30.744288E+0	1.375079E+0	35.349846E-3	40.817976E-3
90.000000E+0	3.000000E+0	-30.739156E+0	1.501811E+0	38.088799E-3	43.437243E-3
90.100000E+0	3.000000E+0	-30.734709E+0	1.538718E+0	39.185286E-3	44.552565E-3
90.200000E+0	3.000000E+0	-30.735013E+0	1.558268E+0	39.679766E-3	44.901371E-3
90.300000E+0	3.000000E+0	-30.731869E+0	1.614583E+0	40.680170E-3	46.070576E-3
90.400000E+0	3.000000E+0	-30.725974E+0	1.698112E+0	43.020964E-3	48.155785E-3
90.500000E+0	3.000000E+0	-30.724758E+0	1.748312E+0	43.620825E-3	48.747540E-3
90.600000E+0	3.000000E+0	-30.721355E+0	1.798463E+0	45.341969E-3	50.506115E-3
90.700000E+0	3.000000E+0	-30.717355E+0	1.842284E+0	46.530724E-3	51.513195E-3
90.800000E+0	3.000000E+0	-30.716324E+0	1.856375E+0	46.964169E-3	51.954746E-3
90.900000E+0	3.000000E+0	-30.710826E+0	1.932859E+0	48.845768E-3	53.825140E-3
91.000000E+0	3.000000E+0	-30.710751E+0	1.987267E+0	49.697161E-3	54.570675E-3
91.100000E+0	3.000000E+0	-30.707685E+0	2.006245E+0	50.418377E-3	55.402040E-3
91.200000E+0	3.000000E+0	-30.702368E+0	2.115500E+0	52.957535E-3	57.820082E-3
91.300000E+0	3.000000E+0	-30.700764E+0	2.136934E+0	53.421259E-3	58.069229E-3
91.400000E+0	3.000000E+0	-30.698914E+0	2.205837E+0	54.929256E-3	59.722900E-3
91.500000E+0	3.000000E+0	-30.694822E+0	2.278733E+0	56.487799E-3	61.249256E-3
91.600000E+0	3.000000E+0	-30.689544E+0	2.326560E+0	58.288097E-3	62.870264E-3
91.700000E+0	3.000000E+0	-30.687914E+0	2.396262E+0	59.299231E-3	63.730717E-3
91.800000E+0	3.000000E+0	-30.678621E+0	2.541053E+0	62.748909E-3	67.193985E-3
91.900000E+0	3.000000E+0	-30.679027E+0	2.537990E+0	62.945843E-3	67.444324E-3
92.000000E+0	3.000000E+0	-30.675909E+0	2.585995E+0	63.870430E-3	68.236828E-3
92.100000E+0	3.000000E+0	-30.670524E+0	2.677083E+0	66.058636E-3	70.391178E-3
92.200000E+0	3.000000E+0	-30.662534E+0	2.820587E+0	69.893360E-3	73.997259E-3
92.300000E+0	3.000000E+0	-30.663693E+0	2.834356E+0	69.623232E-3	73.557377E-3
92.400000E+0	3.000000E+0	-30.662221E+0	2.843857E+0	70.397377E-3	74.552774E-3
92.500000E+0	3.000000E+0	-30.656881E+0	2.906537E+0	71.799755E-3	75.916052E-3
92.600000E+0	3.000000E+0	-30.654955E+0	2.947116E+0	72.537422E-3	76.617002E-3
92.700000E+0	3.000000E+0	-30.649752E+0	3.044128E+0	74.843168E-3	78.891039E-3
92.800000E+0	3.000000E+0	-30.647415E+0	3.058124E+0	75.642109E-3	79.654932E-3
92.900000E+0	3.000000E+0	-30.645889E+0	3.085637E+0	75.970888E-3	79.869270E-3
93.000000E+0	3.000000E+0	-30.642701E+0	3.162813E+0	78.019381E-3	81.807613E-3
93.100000E+0	3.000000E+0	-30.640847E+0	3.203642E+0	78.638792E-3	82.495928E-3
93.200000E+0	3.000000E+0	-30.637831E+0	3.247106E+0	79.872847E-3	83.672285E-3
93.300000E+0	3.000000E+0	-30.636508E+0	3.311336E+0	81.010818E-3	84.902763E-3
93.400000E+0	3.000000E+0	-30.631829E+0	3.359628E+0	82.176685E-3	86.085081E-3
93.500000E+0	3.000000E+0	-30.627504E+0	3.413975E+0	84.034920E-3	87.693930E-3
93.600000E+0	3.000000E+0	-30.627671E+0	3.474355E+0	85.159779E-3	88.821173E-3
93.700000E+0	3.000000E+0	-30.622215E+0	3.509831E+0	86.486578E-3	90.102196E-3
93.800000E+0	3.000000E+0	-30.622441E+0	3.556418E+0	87.114811E-3	90.885162E-3
93.900000E+0	3.000000E+0	-30.618743E+0	3.594840E+0	88.177919E-3	91.717720E-3
94.000000E+0	3.000000E+0	-30.617065E+0	3.609359E+0	88.783503E-3	92.490911E-3
94.100000E+0	3.000000E+0	-30.612952E+0	3.676867E+0	90.395212E-3	93.855143E-3
94.200000E+0	3.000000E+0	-30.610449E+0	3.684258E+0	90.634823E-3	94.146967E-3
94.300000E+0	3.000000E+0	-30.608321E+0	3.750825E+0	92.265129E-3	95.822096E-3
94.400000E+0	3.000000E+0	-30.602745E+0	3.859472E+0	94.087839E-3	97.518682E-3
94.500000E+0	3.000000E+0	-30.602321E+0	3.891385E+0	95.037937E-3	98.527431E-3
94.600000E+0	3.000000E+0	-30.600584E+0	3.902209E+0	95.504284E-3	99.031925E-3
94.700000E+0	3.000000E+0	-30.592063E+0	4.033458E+0	98.759174E-3	102.153063E-3
94.800000E+0	3.000000E+0	-30.592591E+0	4.018211E+0	98.250389E-3	101.608276E-3
94.900000E+0	3.000000E+0	-30.586967E+0	4.108357E+0	100.514889E-3	103.777885E-3
95.000000E+0	3.000000E+0	-30.585111E+0	4.158652E+0	101.643801E-3	105.067492E-3
95.100000E+0	3.000000E+0	-30.583868E+0	4.200637E+0	102.705002E-3	106.021881E-3
95.200000E+0	3.000000E+0	-30.579642E+0	4.283500E+0	104.432821E-3	107.765913E-3
95.300000E+0	3.000000E+0	-30.577690E+0	4.281998E+0	104.639292E-3	107.880831E-3
95.400000E+0	3.000000E+0	-30.574534E+0	4.324722E+0	106.024265E-3	109.292507E-3
95.500000E+0	3.000000E+0	-30.570585E+0	4.394758E+0	107.405663E-3	110.610008E-3
95.600000E+0	3.000000E+0	-30.569607E+0	4.411399E+0	107.780457E-3	110.923290E-3
95.700000E+0	3.000000E+0	-30.565662E+0	4.512632E+0	110.081673E-3	113.266945E-3
95.800000E+0	3.000000E+0	-30.560807E+0	4.575109E+0	111.546993E-3	114.719629E-3
95.900000E+0	3.000000E+0	-30.560196E+0	4.574192E+0	111.823797E-3	114.804745E-3
96.000000E+0	3.000000E+0	-30.556027E+0	4.675508E+0	114.094734E-3	117.139816E-3
96.100000E+0	3.000000E+0	-30.554408E+0	4.695380E+0	114.708662E-3	117.757082E-3
96.200000E+0	3.000000E+0	-30.550489E+0	4.797816E+0	117.074966E-3	120.079279E-3
96.300000E+0	3.000000E+0	-30.549491E+0	4.770947E+0	116.640568E-3	119.584084E-3
96.400000E+0	3.000000E+0	-30.545780E+0	4.867017E+0	118.207216E-3	121.299744E-3
96.500000E+0	3.000000E+0	-30.542058E+0	4.902947E+0	119.544744E-3	122.598410E-3
96.600000E+0	3.000000E+0	-30.537576E+0	4.965782E+0	121.267080E-3	124.141216E-3
96.700000E+0	3.000000E+0	-30.536449E+0	4.982936E+0	121.580124E-3	124.703169E-3
96.800000E+0	3.000000E+0	-30.534178E+0	5.075204E+0	123.243570E-3	126.235723E-3
96.900000E+0	3.000000E+0	-30.530006E+0	5.123091E+0	124.750614E-3	127.667904E-3
97.000000E+0	3.000000E+0	-30.525199E+0	5.179036E+0	126.265764E-3	129.162788E-3
97.100000E+0	3.000000E+0	-30.525136E+0	5.210829E+0	126.963854E-3	129.864931E-3
97.200000E+0	3.000000E+0	-30.520967E+0	5.257618E+0	128.135204E-3	131.131411E-3
97.300000E+0	3.000000E+0	-30.518923E+0	5.311811E+0	129.250526E-3	132.045507E-3
97.400000E+0	3.000000E+0	-30.514381E+0	5.390501E+0	131.195784E-3	133.924723E-3
97.500000E+0	3.000000E+0	-30.512289E+0	5.437076E+0	132.162809E-3	135.183096E-3
97.600000E+0	3.000000E+0	-30.507032E+0	5.513930E+0	134.148836E-3	136.877537E-3
97.700000E+0	3.000000E+0	-30.506891E+0	5.523062E+0	134.602547E-3	137.280703E-3
97.800000E+0	3.000000E+0	-30.503050E+0	5.572593E+0	135.539293E-3	138.189554E-3
97.900000E+0	3.000000E+0	-30.497534E+0	5.653334E+0	137.739897E-3	140.424013E-3
98.000000E+0	3.000000E+0	-30.496979E+0	5.674183E+0	138.081074E-3	140.881538E-3
98.100000E+0	3.000000E+0	-30.494610E+0	5.687213E+0	138.767481E-3	141.405582E-3
98.200000E+0	3.000000E+0	-30.491397E+0	5.792570E+0	140.980244E-3	143.686295E-3
98.300000E+0	3.000000E+0	-30.489272E+0	5.834353E+0	141.654968E-3	144.310713E-3
98.400000E+0	3.000000E+0	-30.487162E+0	5.878186E+0	142.870188E-3	145.541191E-3
98.500000E+0	3.000000E+0	-30.482188E+0	5.946171E+0	144.749880E-3	147.399902E-3
98.600000E+0	3.000000E+0	-30.479008E+0	5.974722E+0	145.560980E-3	148.253918E-3
98.700000E+0	3.000000E+0	-30.475706E+0	6.054235E+0	147.320747E-3	149.848223E-3
98.800000E+0	3.000000E+0	-30.472056E+0	6.094933E+0	148.181200E-3	150.785446E-3
98.900000E+0	3.000000E+0	-30.470640E+0	6.152058E+0	149.358034E-3	152.050495E-3
99.000000E+0	3.000000E+0	-30.466608E+0	6.179893E+0	150.544405E-3	153.061390E-3
99.100000E+0	3.000000E+0	-30.464665E+0	6.251276E+0	151.956081E-3	154.508591E-3
99.200000E+0	3.000000E+0	-30.459819E+0	6.295919E+0	153.003454E-3	155.450821E-3
99.300000E+0	3.000000E+0	-30.459232E+0	6.317830E+0	153.679848E-3	156.236410E-3
99.400000E+0	3.000000E+0	-30.458686E+0	6.366861E+0	154.490471E-3	156.923294E-3
99.500000E+0	3.000000E+0	-30.452419E+0	6.439638E+0	156.650782E-3	159.087181E-3
99.600000E+0	3.000000E+0	-30.446986E+0	6.512153E+0	157.971382E-3	160.424232E-3
99.700000E+0	3.000000E+0	-30.450556E+0	6.511569E+0	158.066988E-3	160.419941E-3
99.800000E+0	3.000000E+0	-30.443871E+0	6.594777E+0	160.076141E-3	162.536144E-3
99.900000E+0	3.000000E+0	-30.438450E+0	6.684482E+0	162.375450E-3	164.839506E-3
100.000000E+0	3.000000E+0	-30.437118E+0	6.700075E+0	162.960052E-3	165.390015E-3
100.100000E+0	3.000000E+0	-30.433697E+0	6.760132E+0	164.433241E-3	166.848660E-3
100.200000E+0	3.000000E+0	-30.431199E+0	6.776702E+0	164.691925E-3	167.025566E-3
100.300000E+0	3.000000E+0	-30.427194E+0	6.832922E+0	166.243076E-3	168.529749E-3
100.400000E+0	3.000000E+0	-30.424080E+0	6.939769E+0	168.049812E-3	170.409918E-3
100.500000E+0	3.000000E+0	-30.423245E+0	6.953323E+0	168.924570E-3	171.188593E-3
100.600000E+0	3.000000E+0	-30.420220E+0	7.028508E+0	170.540094E-3	172.926426E-3
100.700000E+0	3.000000E+0	-30.415392E+0	7.045245E+0	171.308041E-3	173.601151E-3
100.800000E+0	3.000000E+0	-30.414772E+0	7.092130E+0	172.268629E-3	174.605131E-3
100.900000E+0	3.000000E+0	-30.409474E+0	7.177448E+0	174.335480E-3	176.512718E-3
101.000000E+0	3.000000E+0	-30.408410E+0	7.211888E+0	175.138235E-3	177.410364E-3
101.100000E+0	3.000000E+0	-30.403090E+0	7.246530E+0	175.878763E-3	178.160906E-3
101.200000E+0	3.000000E+0	-30.403215E+0	7.303464E+0	177.467585E-3	179.676294E-3
101.300000E+0	3.000000E+0	-30.397770E+0	7.351696E+0	178.615332E-3	180.713892E-3
101.400000E+0	3.000000E+0	-30.396262E+0	7.409441E+0	179.471493E-3	181.771517E-3
101.500000E+0	3.000000E+0	-30.390272E+0	7.513571E+0	182.079315E-3	184.329748E-3
101.600000E+0	3.000000E+0	-30.389077E+0	7.529974E+0	182.946444E-3	185.155153E-3
101.700000E+0	3.000000E+0	-30.385292E+0	7.582366E+0	184.303045E-3	186.441660E-3
101.800000E+0	3.000000E+0	-30.382634E+0	7.620871E+0	185.190201E-3	187.281847E-3
101.900000E+0	3.000000E+0	-30.382282E+0	7.642937E+0	185.499430E-3	187.491417E-3
102.000000E+0	3.000000E+0	-30.377216E+0	7.691240E+0	186.812878E-3	188.772678E-3
102.100000E+0	3.000000E+0	-30.375749E+0	7.740009E+0	187.961817E-3	189.932585E-3
102.200000E+0	3.000000E+0	-30.368549E+0	7.846248E+0	190.438271E-3	192.453861E-3
102.300000E+0	3.000000E+0	-30.368740E+0	7.880759E+0	191.122770E-3	193.070650E-3
102.400000E+0	3.000000E+0	-30.364615E+0	7.933235E+0	192.640781E-3	194.667578E-3
102.500000E+0	3.000000E+0	-30.359441E+0	7.988822E+0	193.984985E-3	195.950985E-3
102.600000E+0	3.000000E+0	-30.361098E+0	8.005679E+0	194.209814E-3	196.237087E-3
102.700000E+0	3.000000E+0	-30.355138E+0	8.107924E+0	196.727753E-3	198.765993E-3
102.800000E+0	3.000000E+0	-30.348885E+0	8.180225E+0	198.555231E-3	200.510263E-3
102.900000E+0	3.000000E+0	-30.347595E+0	8.203197E+0	198.986292E-3	200.944185E-3
103.000000E+0	3.000000E+0	-30.347208E+0	8.238542E+0	199.838161E-3	201.850176E-3
103.100000E+0	3.000000E+0	-30.345011E+0	8.278275E+0	201.043844E-3	202.997208E-3
103.200000E+0	3.000000E+0	-30.341167E+0	8.335185E+0	202.214241E-3	204.158306E-3
103.300000E+0	3.000000E+0	-30.338899E+0	8.367372E+0	202.892780E-3	204.798222E-3
103.400000E+0	3.000000E+0	-30.332753E+0	8.463967E+0	205.215693E-3	207.069635E-3
103.500000E+0	3.000000E+0	-30.329863E+0	8.493733E+0	206.110477E-3	207.922220E-3
103.600000E+0	3.000000E+0	-30.328539E+0	8.524108E+0	206.857204E-3	208.564520E-3
103.700000E+0	3.000000E+0	-30.327732E+0	8.553171E+0	207.651854E-3	209.507942E-3
103.800000E+0	3.000000E+0	-30.323005E+0	8.636558E+0	209.454536E-3	211.226463E-3
103.900000E+0	3.000000E+0	-30.319947E+0	8.680081E+0	210.796595E-3	212.578773E-3
104.000000E+0	3.000000E+0	-30.315102E+0	8.771408E+0	212.579489E-3	214.323044E-3
104.100000E+0	3.000000E+0	-30.313677E+0	8.781028E+0	213.338137E-3	215.000391E-3
104.200000E+0	3.000000E+0	-30.309847E+0	8.871806E+0	215.049982E-3	216.777086E-3
104.300000E+0	3.000000E+0	-30.309189E+0	8.877230E+0	215.490341E-3	217.128992E-3
104.400000E+0	3.000000E+0	-30.305759E+0	8.921492E+0	216.540337E-3	218.205452E-3
104.500000E+0	3.000000E+0	-30.303348E+0	8.989441E+0	218.222141E-3	219.855785E-3
104.600000E+0	3.000000E+0	-30.298168E+0	9.024763E+0	219.168425E-3	220.857143E-3
104.700000E+0	3.000000E+0	-30.295492E+0	9.098160E+0	220.552921E-3	222.261429E-3
104.800000E+0	3.000000E+0	-30.293158E+0	9.148812E+0	221.696138E-3	223.335266E-3
104.900000E+0	3.000000E+0	-30.289734E+0	9.219325E+0	223.871231E-3	225.421190E-3
105.000000E+0	3.000000E+0	-30.287227E+0	9.249020E+0	224.350452E-3	226.003647E-3
105.100000E+0	3.000000E+0	-30.284015E+0	9.322405E+0	226.032257E-3	227.510691E-3
105.200000E+0	3.000000E+0	-30.281210E+0	9.353864E+0	226.948738E-3	228.535652E-3
105.300000E+0	3.000000E+0	-30.280838E+0	9.349442E+0	227.045536E-3	228.737116E-3
105.400000E+0	3.000000E+0	-30.273393E+0	9.433055E+0	229.105711E-3	230.674982E-3
105.500000E+0	3.000000E+0	-30.272088E+0	9.513509E+0	230.664968E-3	232.236147E-3
105.600000E+0	3.000000E+0	-30.268988E+0	9.557927E+0	231.613874E-3	233.225822E-3
105.700000E+0	3.000000E+0	-30.265144E+0	9.601760E+0	233.232737E-3	234.599829E-3
105.800000E+0	3.000000E+0	-30.262435E+0	9.658766E+0	234.344482E-3	235.939741E-3
105.900000E+0	3.000000E+0	-30.258102E+0	9.707737E+0	235.896587E-3	237.331867E-3
106.000000E+0	3.000000E+0	-30.258376E+0	9.731066E+0	236.552238E-3	238.015413E-3
106.100000E+0	3.000000E+0	-30.251763E+0	9.804952E+0	238.237619E-3	239.685059E-3
106.200000E+0	3.000000E+0	-30.251053E+0	9.859526E+0	239.001036E-3	240.475178E-3
106.300000E+0	3.000000E+0	-30.248744E+0	9.885395E+0	239.836931E-3	241.301298E-3
106.400000E+0	3.000000E+0	-30.245346E+0	9.967375E+0	241.696119E-3	243.133307E-3
106.500000E+0	3.000000E+0	-30.241570E+0	10.020411E+0	243.106365E-3	244.506121E-3
106.600000E+0	3.000000E+0	-30.240635E+0	10.028899E+0	242.909908E-3	244.426966E-3
106.700000E+0	3.000000E+0	-30.234597E+0	10.119867E+0	245.671749E-3	247.022867E-3
106.800000E+0	3.000000E+0	-30.234361E+0	10.150230E+0	246.387959E-3	247.644663E-3
106.900000E+0	3.000000E+0	-30.229658E+0	10.219371E+0	247.923374E-3	249.212265E-3
107.000000E+0	3.000000E+0	-30.228967E+0	10.224962E+0	248.102665E-3	249.483347E-3
107.100000E+0	3.000000E+0	-30.223176E+0	10.339868E+0	250.898838E-3	252.373219E-3
107.200000E+0	3.000000E+0	-30.222479E+0	10.342264E+0	250.787735E-3	252.132416E-3
107.300000E+0	3.000000E+0	-30.218158E+0	10.389435E+0	251.950979E-3	253.293514E-3
107.400000E+0	3.000000E+0	-30.216819E+0	10.448039E+0	253.676176E-3	254.925251E-3
107.500000E+0	3.000000E+0	-30.214307E+0	10.524142E+0	254.903793E-3	256.183863E-3
107.600000E+0	3.000000E+0	-30.210680E+0	10.547757E+0	256.112814E-3	257.390499E-3
107.700000E+0	3.000000E+0	-30.205808E+0	10.634482E+0	257.966280E-3	259.169817E-3
107.800000E+0	3.000000E+0	-30.205507E+0	10.630822E+0	257.916451E-3	259.093523E-3
107.900000E+0	3.000000E+0	-30.201465E+0	10.707903E+0	259.763479E-3	261.039734E-3
108.000000E+0	3.000000E+0	-30.196232E+0	10.786784E+0	262.192965E-3	263.204336E-3
108.100000E+0	3.000000E+0	-30.193904E+0	10.789490E+0	262.104988E-3	263.264656E-3
108.200000E+0	3.000000E+0	-30.190283E+0	10.857463E+0	263.504267E-3	264.593363E-3
108.300000E+0	3.000000E+0	-30.189747E+0	10.902739E+0	264.665365E-3	265.847206E-3
108.400000E+0	3.000000E+0	-30.186236E+0	10.942554E+0	265.827417E-3	267.021656E-3
108.500000E+0	3.000000E+0	-30.182028E+0	11.013579E+0	267.285109E-3	268.444777E-3
108.600000E+0	3.000000E+0	-30.178062E+0	11.063516E+0	268.862724E-3	269.748449E-3
108.700000E+0	3.000000E+0	-30.173511E+0	11.143148E+0	270.440817E-3	271.551847E-3
108.800000E+0	3.000000E+0	-30.171141E+0	11.184323E+0	271.531343E-3	272.496700E-3
108.900000E+0	3.000000E+0	-30.169854E+0	11.235833E+0	272.611618E-3	273.636103E-3
109.000000E+0	3.000000E+0	-30.164996E+0	11.281288E+0	274.050474E-3	275.038958E-3
109.100000E+0	3.000000E+0	-30.164028E+0	11.280215E+0	274.204493E-3	275.128365E-3
109.200000E+0	3.000000E+0	-30.161295E+0	11.370587E+0	275.907040E-3	276.808023E-3
109.300000E+0	3.000000E+0	-30.158854E+0	11.398840E+0	276.582003E-3	277.594566E-3
109.400000E+0	3.000000E+0	-30.154688E+0	11.460984E+0	278.128624E-3	279.078007E-3
109.500000E+0	3.000000E+0	-30.153192E+0	11.480343E+0	278.886795E-3	279.890537E-3
109.600000E+0	4.000000E+0	-30.148915E+0	11.566854E+0	280.413389E-3	281.461000E-3
109.700000E+0	4.000000E+0	-30.146686E+0	11.601734E+0	281.596422E-3	282.509327E-3
109.800000E+0	4.000000E+0	-30.161065E+0	11.335361E+0	275.657654E-3	276.412487E-3
109.900000E+0	4.000000E+0	-30.174557E+0	11.109829E+0	270.042896E-3	271.033287E-3
110.000000E+0	4.000000E+0	-30.186645E+0	10.886824E+0	264.862537E-3	265.831232E-3
110.100000E+0	4.000000E+0	-30.202052E+0	10.639262E+0	258.807421E-3	259.930611E-3
110.200000E+0	4.000000E+0	-30.213815E+0	10.419250E+0	253.669024E-3	254.777908E-3
110.300000E+0	4.000000E+0	-30.226928E+0	10.181868E+0	248.323679E-3	249.421358E-3
110.400000E+0	4.000000E+0	-30.240536E+0	9.964502E+0	242.904425E-3	244.160891E-3
110.500000E+0	4.000000E+0	-30.254686E+0	9.692609E+0	237.055540E-3	238.179445E-3
110.600000E+0	4.000000E+0	-30.266372E+0	9.487557E+0	231.889725E-3	233.102322E-3
110.700000E+0	4.000000E+0	-30.281789E+0	9.235048E+0	226.147890E-3	227.388382E-3
110.800000E+0	4.000000E+0	-30.292911E+0	9.006143E+0	220.676422E-3	221.949816E-3
110.900000E+0	4.000000E+0	-30.308068E+0	8.772349E+0	214.987516E-3	216.411352E-3
111.000000E+0	4.000000E+0	-30.320061E+0	8.534348E+0	209.569931E-3	211.045265E-3
111.100000E+0	4.000000E+0	-30.332119E+0	8.312142E+0	204.292536E-3	205.738306E-3
111.200000E+0	4.000000E+0	-30.346978E+0	8.081281E+0	198.461771E-3	199.985981E-3
111.300000E+0	4.000000E+0	-30.358339E+0	7.836330E+0	193.305254E-3	194.826603E-3
111.400000E+0	4.000000E+0	-30.374805E+0	7.619071E+0	187.403917E-3	189.030647E-3
111.500000E+0	4.000000E+0	-30.388037E+0	7.384431E+0	182.079792E-3	183.715820E-3
111.600000E+0	4.000000E+0	-30.402244E+0	7.140219E+0	176.293135E-3	178.077936E-3
111.700000E+0	4.000000E+0	-30.413613E+0	6.942379E+0	171.487093E-3	173.349380E-3
111.800000E+0	4.000000E+0	-30.427421E+0	6.674075E+0	165.588617E-3	167.423964E-3
111.900000E+0	4.000000E+0	-30.441553E+0	6.462693E+0	159.895182E-3	161.946297E-3
112.000000E+0	4.000000E+0	-30.456266E+0	6.221020E+0	154.156446E-3	156.225681E-3
112.100000E+0	4.000000E+0	-30.468557E+0	6.000412E+0	148.977518E-3	151.137114E-3
112.200000E+0	4.000000E+0	-30.484027E+0	5.769777E+0	143.008471E-3	145.197153E-3
112.300000E+0	4.000000E+0	-30.496958E+0	5.506635E+0	137.053490E-3	139.389753E-3
112.400000E+0	4.000000E+0	-30.507967E+0	5.280387E+0	131.646395E-3	134.088755E-3
112.500000E+0	4.000000E+0	-30.525360E+0	5.057895E+0	126.265526E-3	128.747225E-3
112.600000E+0	4.000000E+0	-30.537633E+0	4.854763E+0	121.158838E-3	123.765945E-3
112.700000E+0	4.000000E+0	-30.549032E+0	4.584014E+0	115.184546E-3	117.949963E-3
112.800000E+0	4.000000E+0	-30.561477E+0	4.376531E+0	109.921455E-3	112.910032E-3
112.900000E+0	4.000000E+0	-30.576200E+0	4.136693E+0	103.863955E-3	106.910706E-3
113.000000E+0	4.000000E+0	-30.589760E+0	3.897238E+0	98.438740E-3	101.580858E-3
113.100000E+0	4.000000E+0	-30.603871E+0	3.658271E+0	92.724800E-3	96.010685E-3
113.200000E+0	4.000000E+0	-30.615950E+0	3.436220E+0	87.198496E-3	90.613604E-3
113.300000E+0	4.000000E+0	-30.629978E+0	3.193784E+0	81.597090E-3	85.090160E-3
113.400000E+0	4.000000E+0	-30.644045E+0	2.968979E+0	75.890779E-3	79.704762E-3
113.500000E+0	4.000000E+0	-30.658159E+0	2.730858E+0	70.318222E-3	74.327946E-3
113.600000E+0	4.000000E+0	-30.672008E+0	2.507901E+0	64.620018E-3	68.586588E-3
113.700000E+0	4.000000E+0	-30.686003E+0	2.274227E+0	59.096336E-3	63.520193E-3
113.800000E+0	4.000000E+0	-30.698049E+0	2.041137E+0	53.634644E-3	58.124304E-3
113.900000E+0	4.000000E+0	-30.711651E+0	1.804423E+0	47.395945E-3	52.088499E-3
114.000000E+0	4.000000E+0	-30.724562E+0	1.599336E+0	42.313099E-3	47.543526E-3
114.100000E+0	4.000000E+0	-30.741084E+0	1.345050E+0	36.192417E-3	41.733742E-3
114.200000E+0	4.000000E+0	-30.752567E+0	1.120138E+0	30.607224E-3	36.514759E-3
114.300000E+0	4.000000E+0	-30.765319E+0	929.319859E-3	25.683403E-3	32.052755E-3
114.400000E+0	4.000000E+0	-30.777127E+0	722.062588E-3	20.490646E-3	27.138710E-3
114.500000E+0	4.000000E+0	-30.790839E+0	503.075123E-3	14.758587E-3	22.031546E-3
114.600000E+0	4.000000E+0	-30.802712E+0	288.999081E-3	9.840965E-3	17.667770E-3
114.700000E+0	4.000000E+0	-30.816600E+0	78.475475E-3	4.394293E-3	12.591600E-3
114.800000E+0	4.000000E+0	-30.817259E+0	28.800964E-3	3.140688E-3	11.336565E-3
114.900000E+0	4.000000E+0	-30.819747E+0	15.091896E-3	2.740145E-3	11.150599E-3
115.000000E+0	4.000000E+0	-30.821190E+0	8.356571E-3	2.634048E-3	11.017799E-3
115.100000E+0	4.000000E+0	-30.821890E+0	-3.421307E-3	2.560854E-3	11.050701E-3
115.200000E+0	4.000000E+0	-30.819539E+0	5.018711E-3	2.357483E-3	10.743380E-3
115.300000E+0	4.000000E+0	-30.820814E+0	-2.819300E-3	2.105713E-3	10.624170E-3
115.400000E+0	4.000000E+0	-30.820001E+0	17.452240E-3	2.165556E-3	10.697126E-3
115.500000E+0	4.000000E+0	-30.823142E+0	107.288361E-6	2.116203E-3	10.698795E-3
115.600000E+0	4.000000E+0	-30.821917E+0	8.010864E-3	1.862526E-3	10.295391E-3
115.700000E+0	4.000000E+0	-30.823029E+0	3.397465E-3	1.757860E-3	10.347843E-3
115.800000E+0	4.000000E+0	-30.826220E+0	-32.556057E-3	741.243362E-6	9.307861E-3
115.900000E+0	4.000000E+0	-30.821214E+0	-42.480230E-3	1.156092E-3	9.516239E-3
116.000000E+0	4.000000E+0	-30.823482E+0	-32.758713E-3	1.051426E-3	9.538889E-3
116.100000E+0	4.000000E+0	-30.823303E+0	-31.840801E-3	1.031399E-3	9.480238E-3
116.200000E+0	4.000000E+0	-30.825362E+0	-29.987097E-3	940.799713E-6	9.270430E-3
116.300000E+0	4.000000E+0	-30.824343E+0	-26.637316E-3	987.768173E-6	9.588480E-3
116.400000E+0	4.000000E+0	-30.823857E+0	-11.259317E-3	1.029968E-3	9.533882E-3
116.500000E+0	4.000000E+0	-30.824355E+0	-32.693148E-3	804.901123E-6	9.068012E-3
116.600000E+0	4.000000E+0	-30.824706E+0	-21.654367E-3	1.006603E-3	9.410381E-3
116.700000E+0	4.000000E+0	-30.824408E+0	13.780594E-3	1.283884E-3	9.615898E-3
116.800000E+0	4.000000E+0	-30.824760E+0	-22.870302E-3	896.215439E-6	9.284735E-3
116.900000E+0	4.000000E+0	-30.824227E+0	-12.332201E-3	1.116514E-3	9.644747E-3
117.000000E+0	4.000000E+0	-30.824557E+0	-22.691488E-3	919.342041E-6	9.322643E-3
117.100000E+0	4.000000E+0	-30.823660E+0	-10.704994E-3	1.096249E-3	9.524584E-3
117.200000E+0	4.000000E+0	-30.824304E+0	3.254414E-3	1.094580E-3	9.657145E-3
117.300000E+0	4.000000E+0	-30.826176E+0	-9.042025E-3	936.985016E-6	9.371281E-3
117.400000E+0	4.000000E+0	-30.824039E+0	-22.268295E-3	905.752182E-6	9.580135E-3
117.500000E+0	4.000000E+0	-30.823955E+0	-6.419420E-3	892.639160E-6	9.413719E-3
117.600000E+0	4.000000E+0	-30.824572E+0	10.597706E-3	1.168966E-3	9.465218E-3
117.700000E+0	4.000000E+0	-30.825025E+0	-22.619963E-3	890.970230E-6	9.370327E-3
117.800000E+0	4.000000E+0	-30.825890E+0	-989.437103E-6	888.109207E-6	9.319544E-3
117.900000E+0	4.000000E+0	-30.825103E+0	607.967377E-6	981.092453E-6	9.371281E-3
118.000000E+0	4.000000E+0	-30.826453E+0	-4.917383E-3	640.153885E-6	9.289503E-3
118.100000E+0	4.000000E+0	-30.823833E+0	-3.200769E-3	1.018763E-3	9.520054E-3
118.200000E+0	4.000000E+0	-30.824087E+0	59.604645E-6	882.863998E-6	9.424686E-3
118.300000E+0	4.000000E+0	-30.825362E+0	-566.244125E-6	590.562820E-6	9.286404E-3
118.400000E+0	4.000000E+0	-30.824751E+0	-2.837181E-3	919.580460E-6	9.338140E-3
118.500000E+0	4.000000E+0	-30.825666E+0	-15.354156E-3	761.747360E-6	9.199858E-3
118.600000E+0	4.000000E+0	-30.826873E+0	-9.268522E-3	659.942627E-6	9.304285E-3
118.700000E+0	4.000000E+0	-30.826936E+0	4.708767E-3	1.099586E-3	9.551048E-3
118.800000E+0	4.000000E+0	-30.824268E+0	11.444092E-3	1.191854E-3	9.508848E-3
118.900000E+0	4.000000E+0	-30.826650E+0	-6.318092E-3	826.120377E-6	9.474516E-3
119.000000E+0	4.000000E+0	-30.824593E+0	22.554398E-3	1.216412E-3	9.502411E-3
119.100000E+0	4.000000E+0	-30.826402E+0	-11.283159E-3	397.682190E-6	8.956671E-3
119.200000E+0	4.000000E+0	-30.826089E+0	3.278255E-3	890.493393E-6	9.460926E-3
119.300000E+0	4.000000E+0	-30.824003E+0	1.406670E-3	826.358795E-6	9.154081E-3
