Program version:	Fatigue ver. 4.0
Date and time:	14-08-2015 13:35:26
Operator:	vanj
Project ID:	44584
Sample ID:	EQA03-08
	
Mode of operation:	Ten-ten
Low load setpoint [kN]:	0.000000
Displacement rate [mm/s]:	0.030000
Sample rate [Hz]:	10.000000
Procentage of E-max [%]:	90.000000
Sample width [mm]:	25.390000
Sample thickness [mm]:	4.300000
Strain sensor:	Extensometer
Number of strain sensors:	2
Channel configuration:	0 6 1,1,0,0,0,0 1,4,1,2,3,4
	
Machine SN:	88R1332
Load cell SN:	UK413
Load cell [kN]:	100.000000
Extensometer 1 SN:	2144
Gauge length 1 [mm]:	50.000000
Full scale 1 [%]:	5.000000
Extensometer 2 SN:	2146
Gauge length 2 [mm]:	50.000000
Full scale 2 [%]:	5.000000
	
Modulus estimate from [%]:	0.050000
Modulus estimate to [%]:	0.250000
Strain correction a1 [%]:	-0.001422
Strain correction a2 [%]:	-0.002470
Strain correction b1 [%]:	0.004651
Strain correction b2 [%]:	0.003264
Modulus a [GPa]:	37.780033
Modulus b [GPa]:	37.981124
Difference [%]:	0.529449
Modulus a1 [GPa]:	37.249068
Modulus b1 [GPa]:	37.452676
Modulus a2 [GPa]:	38.325939
Modulus b2 [GPa]:	38.524347
Max strain [%]:	0.450459
Max stress [MPa]:	170.185709
	
	
Time [ms]	State	Position [mm]	Load [kN]	Strain1 [%]	Strain2 [%]
0.000000E+0	1.000000E+0	-330.638890E-3	-5.674362E-3	-264.048597E-6	257.492086E-6
100.000000E-3	1.000000E+0	-329.130893E-3	42.700768E-3	1.234412E-3	894.069743E-6
200.000000E-3	1.000000E+0	-325.050955E-3	88.751316E-3	2.116561E-3	2.049804E-3
300.000000E-3	1.000000E+0	-321.659450E-3	137.460232E-3	3.244877E-3	3.146529E-3
400.000000E-3	1.000000E+0	-320.360069E-3	175.333023E-3	4.726649E-3	4.208684E-3
500.000000E-3	1.000000E+0	-314.819817E-3	218.296051E-3	5.658269E-3	5.284548E-3
600.000000E-3	1.000000E+0	-313.141946E-3	276.958942E-3	6.607771E-3	6.174446E-3
700.000000E-3	1.000000E+0	-310.483579E-3	330.770016E-3	7.907749E-3	7.478595E-3
800.000000E-3	1.000000E+0	-308.203702E-3	376.904011E-3	8.974672E-3	8.862615E-3
900.000000E-3	1.000000E+0	-303.778057E-3	428.831577E-3	10.144711E-3	9.601117E-3
1.000000E+0	1.000000E+0	-300.645832E-3	486.099720E-3	11.761785E-3	10.840894E-3
1.100000E+0	1.000000E+0	-298.273568E-3	534.546375E-3	12.733341E-3	12.373925E-3
1.200000E+0	1.000000E+0	-295.442347E-3	585.305691E-3	13.978482E-3	13.505221E-3
1.300000E+0	1.000000E+0	-294.119124E-3	632.560253E-3	15.223624E-3	14.568568E-3
1.400000E+0	1.000000E+0	-290.691857E-3	669.252872E-3	16.484858E-3	15.329124E-3
1.500000E+0	1.000000E+0	-288.358335E-3	723.123550E-3	17.856957E-3	16.860367E-3
1.600000E+0	1.000000E+0	-282.859806E-3	768.589973E-3	18.431546E-3	17.867686E-3
1.700000E+0	1.000000E+0	-279.653076E-3	818.538666E-3	19.847156E-3	18.873216E-3
1.800000E+0	1.000000E+0	-277.286772E-3	874.209404E-3	20.742418E-3	19.808413E-3
1.900000E+0	1.000000E+0	-275.424127E-3	917.649269E-3	22.282006E-3	21.309258E-3
2.000000E+0	1.000000E+0	-270.000104E-3	965.225697E-3	23.666622E-3	22.219421E-3
2.100000E+0	1.000000E+0	-267.666582E-3	1.012838E+0	24.716856E-3	23.247601E-3
2.200000E+0	1.000000E+0	-264.680389E-3	1.063228E+0	25.595429E-3	24.204852E-3
2.300000E+0	1.000000E+0	-262.439255E-3	1.113176E+0	26.636126E-3	25.214555E-3
2.400000E+0	1.000000E+0	-259.926919E-3	1.161873E+0	27.483704E-3	26.603343E-3
2.500000E+0	1.000000E+0	-256.496671E-3	1.199543E+0	29.099586E-3	27.770402E-3
2.600000E+0	1.000000E+0	-256.046656E-3	1.246738E+0	30.366781E-3	28.554799E-3
2.700000E+0	1.000000E+0	-250.622634E-3	1.301527E+0	31.316283E-3	29.971006E-3
2.800000E+0	1.000000E+0	-246.903304E-3	1.346505E+0	32.582882E-3	31.017068E-3
2.900000E+0	1.000000E+0	-242.242220E-3	1.391983E+0	34.052732E-3	32.309296E-3
3.000000E+0	1.000000E+0	-240.787867E-3	1.444745E+0	35.114291E-3	33.251050E-3
3.100000E+0	1.000000E+0	-239.300731E-3	1.486135E+0	35.821202E-3	34.064653E-3
3.200000E+0	1.000000E+0	-235.185030E-3	1.533067E+0	37.094358E-3	35.167935E-3
3.300000E+0	1.000000E+0	-228.953365E-3	1.576412E+0	38.409832E-3	36.720636E-3
3.400000E+0	1.000000E+0	-228.816274E-3	1.623249E+0	39.334896E-3	37.471655E-3
3.500000E+0	1.000000E+0	-224.801901E-3	1.665139E+0	40.510300E-3	38.601759E-3
3.600000E+0	1.000000E+0	-223.156813E-3	1.716101E+0	41.275028E-3	39.771202E-3
3.700000E+0	1.000000E+0	-220.495466E-3	1.760685E+0	42.821172E-3	40.683154E-3
3.800000E+0	1.000000E+0	-216.123465E-3	1.812041E+0	43.920878E-3	42.065981E-3
3.900000E+0	1.000000E+0	-214.681032E-3	1.862752E+0	45.316223E-3	42.455200E-3
4.000000E+0	1.000000E+0	-209.078196E-3	1.917851E+0	45.995716E-3	44.196848E-3
4.100000E+0	1.000000E+0	-209.426883E-3	1.960516E+0	47.738556E-3	45.331124E-3
4.200000E+0	1.000000E+0	-206.121805E-3	2.008796E+0	48.279766E-3	46.136979E-3
4.300000E+0	1.000000E+0	-202.468040E-3	2.053142E+0	50.002937E-3	47.391061E-3
4.400000E+0	1.000000E+0	-197.908285E-3	2.096045E+0	50.205592E-3	48.464541E-3
4.500000E+0	1.000000E+0	-197.213891E-3	2.146435E+0	52.174930E-3	49.790744E-3
4.600000E+0	1.000000E+0	-193.265083E-3	2.187753E+0	53.050522E-3	50.784354E-3
4.700000E+0	1.000000E+0	-190.678242E-3	2.240872E+0	53.964262E-3	51.732663E-3
4.800000E+0	1.000000E+0	-188.910964E-3	2.285278E+0	55.337553E-3	53.284769E-3
4.900000E+0	1.000000E+0	-183.108452E-3	2.343845E+0	56.548719E-3	53.789620E-3
5.000000E+0	1.000000E+0	-181.642177E-3	2.389944E+0	57.688956E-3	55.159335E-3
5.100000E+0	1.000000E+0	-177.019837E-3	2.441752E+0	58.954959E-3	56.293611E-3
5.200000E+0	1.000000E+0	-175.225737E-3	2.493513E+0	60.221558E-3	57.638888E-3
5.300000E+0	1.000000E+0	-173.160436E-3	2.534974E+0	61.135893E-3	58.532362E-3
5.400000E+0	1.000000E+0	-168.013575E-3	2.570844E+0	62.291627E-3	59.710150E-3
5.500000E+0	1.000000E+0	-166.365507E-3	2.621853E+0	63.332920E-3	60.692434E-3
5.600000E+0	1.000000E+0	-161.460044E-3	2.665424E+0	64.774161E-3	61.952477E-3
5.700000E+0	1.000000E+0	-159.502032E-3	2.713668E+0	65.414315E-3	62.630182E-3
5.800000E+0	1.000000E+0	-157.994034E-3	2.766061E+0	66.928869E-3	64.221030E-3
5.900000E+0	1.000000E+0	-153.940918E-3	2.811420E+0	67.726975E-3	64.756875E-3
6.000000E+0	1.000000E+0	-151.985886E-3	2.860284E+0	68.820720E-3	66.386467E-3
6.100000E+0	1.000000E+0	-146.356227E-3	2.917683E+0	70.494419E-3	67.201262E-3
6.200000E+0	1.000000E+0	-144.523384E-3	2.957177E+0	71.145302E-3	68.365341E-3
6.300000E+0	1.000000E+0	-140.446426E-3	3.000009E+0	72.405940E-3	69.619423E-3
6.400000E+0	1.000000E+0	-137.683751E-3	3.047848E+0	73.719031E-3	70.765620E-3
6.500000E+0	1.000000E+0	-136.050584E-3	3.080845E+0	74.942714E-3	71.625715E-3
6.600000E+0	1.000000E+0	-133.475663E-3	3.141093E+0	76.202160E-3	73.030597E-3
6.700000E+0	1.000000E+0	-131.779911E-3	3.191543E+0	77.221996E-3	74.026591E-3
6.800000E+0	1.000000E+0	-126.591327E-3	3.233087E+0	78.156597E-3	75.086361E-3
6.900000E+0	1.000000E+0	-124.615433E-3	3.292227E+0	79.123980E-3	76.142556E-3
7.000000E+0	1.000000E+0	-120.988490E-3	3.329551E+0	80.617673E-3	77.081925E-3
7.100000E+0	1.000000E+0	-117.129089E-3	3.379476E+0	81.804997E-3	78.123218E-3
7.200000E+0	1.000000E+0	-116.440655E-3	3.424394E+0	82.604296E-3	79.244382E-3
7.300000E+0	1.000000E+0	-112.393500E-3	3.475249E+0	84.347732E-3	80.740458E-3
7.400000E+0	1.000000E+0	-107.857586E-3	3.526103E+0	85.355646E-3	81.840164E-3
7.500000E+0	1.000000E+0	-107.014181E-3	3.570473E+0	86.575157E-3	82.984573E-3
7.600000E+0	1.000000E+0	-102.487208E-3	3.609324E+0	87.777979E-3	83.543069E-3
7.700000E+0	1.000000E+0	-99.828841E-3	3.651130E+0	88.474758E-3	84.827549E-3
7.800000E+0	1.000000E+0	-96.753241E-3	3.695858E+0	89.761026E-3	85.983879E-3
7.900000E+0	1.000000E+0	-93.978645E-3	3.745925E+0	91.003187E-3	86.872585E-3
8.000000E+0	1.000000E+0	-90.709330E-3	3.801942E+0	91.654070E-3	88.315017E-3
8.100000E+0	1.000000E+0	-87.803603E-3	3.848946E+0	93.078621E-3	89.173920E-3
8.200000E+0	1.000000E+0	-83.422662E-3	3.891504E+0	94.054349E-3	90.436943E-3
8.300000E+0	1.000000E+0	-82.844497E-3	3.933179E+0	95.674999E-3	91.800101E-3
8.400000E+0	1.000000E+0	-79.411269E-3	3.981531E+0	96.718677E-3	92.598207E-3
8.500000E+0	1.000000E+0	-77.107550E-3	4.033625E+0	97.303994E-3	93.512543E-3
8.600000E+0	1.000000E+0	-71.120263E-3	4.064751E+0	98.997958E-3	94.696291E-3
8.700000E+0	1.000000E+0	-69.758297E-3	4.114664E+0	100.030311E-3	95.836528E-3
8.800000E+0	1.000000E+0	-67.695976E-3	4.162979E+0	100.948819E-3	96.946366E-3
8.900000E+0	1.000000E+0	-63.198806E-3	4.208410E+0	102.161177E-3	98.122962E-3
9.000000E+0	1.000000E+0	-60.200692E-3	4.263306E+0	103.392609E-3	99.039086E-3
9.100000E+0	1.000000E+0	-58.171154E-3	4.320121E+0	103.915938E-3	100.705632E-3
9.200000E+0	1.000000E+0	-53.733588E-3	4.355216E+0	105.335125E-3	101.338633E-3
9.300000E+0	1.000000E+0	-51.552058E-3	4.399800E+0	106.738218E-3	102.434167E-3
9.400000E+0	1.000000E+0	-49.588085E-3	4.443204E+0	107.789644E-3	103.253730E-3
9.500000E+0	1.000000E+0	-43.150783E-3	4.488599E+0	109.383473E-3	105.006107E-3
9.600000E+0	1.000000E+0	-42.828918E-3	4.535043E+0	110.306749E-3	105.682024E-3
9.700000E+0	1.000000E+0	-38.185716E-3	4.575324E+0	111.135849E-3	106.975445E-3
9.800000E+0	1.000000E+0	-37.264824E-3	4.625511E+0	112.128863E-3	107.883224E-3
9.900000E+0	1.000000E+0	-35.631657E-3	4.668510E+0	113.413939E-3	109.039554E-3
10.000000E+0	1.000000E+0	-31.080842E-3	4.728043E+0	114.266286E-3	110.123166E-3
10.100000E+0	1.000000E+0	-25.522709E-3	4.767346E+0	115.660438E-3	111.148366E-3
10.200000E+0	1.000000E+0	-25.972724E-3	4.817843E+0	116.532454E-3	112.329134E-3
10.300000E+0	1.000000E+0	-22.006035E-3	4.860437E+0	117.737064E-3	113.019952E-3
10.400000E+0	1.000000E+0	-17.422438E-3	4.902709E+0	119.176517E-3	114.470729E-3
10.500000E+0	1.000000E+0	-15.342236E-3	4.950988E+0	120.142708E-3	115.437517E-3
10.600000E+0	1.000000E+0	-11.244416E-3	4.986525E+0	121.283541E-3	116.536627E-3
10.700000E+0	1.000000E+0	-12.111664E-3	5.040598E+0	122.154961E-3	117.810974E-3
10.800000E+0	1.000000E+0	-8.079410E-3	5.096066E+0	122.976909E-3	118.858824E-3
10.900000E+0	1.000000E+0	-4.732609E-3	5.139923E+0	124.463449E-3	119.827399E-3
11.000000E+0	1.000000E+0	-3.278256E-3	5.172455E+0	125.753890E-3	120.960484E-3
11.100000E+0	1.000000E+0	3.540516E-3	5.224514E+0	127.101551E-3	122.225890E-3
11.200000E+0	1.000000E+0	3.540516E-3	5.272627E+0	128.082643E-3	123.424540E-3
11.300000E+0	1.000000E+0	8.624792E-3	5.323052E+0	129.355203E-3	124.477158E-3
11.400000E+0	1.000000E+0	11.670590E-3	5.378783E+0	130.159269E-3	125.675808E-3
11.500000E+0	1.000000E+0	15.890599E-3	5.421722E+0	131.570707E-3	126.443515E-3
11.600000E+0	1.000000E+0	17.708540E-3	5.459893E+0	132.610212E-3	127.876411E-3
11.700000E+0	1.000000E+0	20.831824E-3	5.499399E+0	134.108077E-3	128.906380E-3
11.800000E+0	1.000000E+0	24.139881E-3	5.552483E+0	134.901415E-3	129.680644E-3
11.900000E+0	1.000000E+0	26.589632E-3	5.602145E+0	136.185895E-3	131.083737E-3
12.000000E+0	1.000000E+0	29.897690E-3	5.654299E+0	137.610446E-3	132.258545E-3
12.100000E+0	1.000000E+0	32.943488E-3	5.694759E+0	138.540279E-3	133.092414E-3
12.200000E+0	1.000000E+0	34.475327E-3	5.740798E+0	139.535081E-3	134.572398E-3
12.300000E+0	1.000000E+0	39.631129E-3	5.796647E+0	140.952479E-3	135.618459E-3
12.400000E+0	1.000000E+0	40.423871E-3	5.831504E+0	141.386997E-3	136.417161E-3
12.500000E+0	1.000000E+0	43.439866E-3	5.881417E+0	142.917644E-3	137.885820E-3
12.600000E+0	1.000000E+0	47.850609E-3	5.915415E+0	143.775951E-3	138.660680E-3
12.700000E+0	1.000000E+0	48.720837E-3	5.965543E+0	144.587767E-3	139.931452E-3
12.800000E+0	1.000000E+0	53.590537E-3	6.007683E+0	146.074307E-3	140.720021E-3
12.900000E+0	1.000000E+0	57.226420E-3	6.061018E+0	146.887314E-3	142.110001E-3
13.000000E+0	1.000000E+0	57.965518E-3	6.113827E+0	148.133051E-3	143.145930E-3
13.100000E+0	1.000000E+0	61.601401E-3	6.156552E+0	149.708998E-3	144.040000E-3
13.200000E+0	1.000000E+0	64.420701E-3	6.200540E+0	150.339615E-3	145.019304E-3
13.300000E+0	1.000000E+0	68.473817E-3	6.245625E+0	152.014506E-3	146.455180E-3
13.400000E+0	1.000000E+0	71.257354E-3	6.290925E+0	152.308953E-3	147.193682E-3
13.500000E+0	1.000000E+0	74.607135E-3	6.329072E+0	153.942120E-3	148.686182E-3
13.600000E+0	1.000000E+0	77.587367E-3	6.380761E+0	155.367268E-3	149.642837E-3
13.700000E+0	1.000000E+0	80.055000E-3	6.413817E+0	155.555618E-3	150.251401E-3
13.800000E+0	1.000000E+0	83.458425E-3	6.454122E+0	157.459987E-3	151.472104E-3
13.900000E+0	1.000000E+0	84.769727E-3	6.506181E+0	158.351672E-3	152.876389E-3
14.000000E+0	1.000000E+0	87.887050E-3	6.561315E+0	159.331573E-3	153.914702E-3
14.100000E+0	1.000000E+0	93.311073E-3	6.605315E+0	160.780562E-3	155.056727E-3
14.200000E+0	1.000000E+0	93.501808E-3	6.656039E+0	161.557807E-3	156.059874E-3
14.300000E+0	1.000000E+0	96.517803E-3	6.697869E+0	162.958516E-3	157.102955E-3
14.400000E+0	1.000000E+0	99.891426E-3	6.732869E+0	164.121403E-3	158.099545E-3
14.500000E+0	1.000000E+0	104.117395E-3	6.780922E+0	164.967192E-3	159.230245E-3
14.600000E+0	1.000000E+0	107.228757E-3	6.828094E+0	166.001333E-3	160.650624E-3
14.700000E+0	1.000000E+0	111.013652E-3	6.876945E+0	167.402042E-3	161.479128E-3
14.800000E+0	1.000000E+0	110.954048E-3	6.922424E+0	168.358697E-3	162.397636E-3
14.900000E+0	1.000000E+0	114.554168E-3	6.967413E+0	169.628872E-3	163.869275E-3
15.000000E+0	1.000000E+0	119.948389E-3	7.019913E+0	170.755400E-3	164.830102E-3
15.100000E+0	1.000000E+0	121.694805E-3	7.064557E+0	172.256245E-3	165.995969E-3
15.200000E+0	1.000000E+0	125.610830E-3	7.110596E+0	173.075213E-3	167.012824E-3
15.300000E+0	1.000000E+0	129.753353E-3	7.141030E+0	174.484863E-3	168.065442E-3
15.400000E+0	1.000000E+0	131.648781E-3	7.189786E+0	175.126209E-3	168.975605E-3
15.500000E+0	1.000000E+0	134.640934E-3	7.235467E+0	176.292672E-3	170.152201E-3
15.600000E+0	1.000000E+0	138.205292E-3	7.274520E+0	177.869215E-3	171.407475E-3
15.700000E+0	1.000000E+0	139.248373E-3	7.328248E+0	178.349032E-3	172.604336E-3
15.800000E+0	1.000000E+0	143.367054E-3	7.374370E+0	179.584637E-3	173.372640E-3
15.900000E+0	1.000000E+0	145.548584E-3	7.432270E+0	180.681362E-3	174.806132E-3
16.000000E+0	1.000000E+0	149.685147E-3	7.468677E+0	182.138696E-3	176.027431E-3
16.100000E+0	1.000000E+0	151.866677E-3	7.513976E+0	183.011308E-3	176.906600E-3
16.200000E+0	1.000000E+0	155.925753E-3	7.554317E+0	184.489503E-3	178.232803E-3
16.300000E+0	1.000000E+0	157.642367E-3	7.610106E+0	185.199991E-3	178.908720E-3
16.400000E+0	1.000000E+0	159.925225E-3	7.649100E+0	186.370626E-3	179.976239E-3
16.500000E+0	1.000000E+0	163.465741E-3	7.692862E+0	187.147275E-3	181.129589E-3
16.600000E+0	1.000000E+0	166.475775E-3	7.725322E+0	188.401953E-3	182.157769E-3
16.700000E+0	1.000000E+0	172.233584E-3	7.777703E+0	190.034524E-3	183.365956E-3
16.800000E+0	1.000000E+0	172.418358E-3	7.814252E+0	190.700308E-3	184.194460E-3
16.900000E+0	1.000000E+0	175.529721E-3	7.875359E+0	191.693321E-3	185.066476E-3
17.000000E+0	1.000000E+0	180.333855E-3	7.914448E+0	193.029658E-3	186.440364E-3
17.100000E+0	1.000000E+0	181.448462E-3	7.964039E+0	194.424406E-3	187.822595E-3
17.200000E+0	1.000000E+0	184.988978E-3	8.005989E+0	195.350067E-3	188.653484E-3
17.300000E+0	1.000000E+0	187.414887E-3	8.049154E+0	196.672694E-3	189.810410E-3
17.400000E+0	1.000000E+0	187.504294E-3	8.094513E+0	197.553054E-3	190.754548E-3
17.500000E+0	1.000000E+0	191.843512E-3	8.139610E+0	198.918597E-3	192.256585E-3
17.600000E+0	1.000000E+0	195.276740E-3	8.182418E+0	199.443714E-3	192.938462E-3
17.700000E+0	1.000000E+0	200.420621E-3	8.216894E+0	200.811045E-3	193.884984E-3
17.800000E+0	1.000000E+0	202.810767E-3	8.273077E+0	201.519744E-3	195.049063E-3
17.900000E+0	1.000000E+0	205.171111E-3	8.323872E+0	203.136222E-3	196.071283E-3
18.000000E+0	1.000000E+0	207.942727E-3	8.365679E+0	204.108970E-3	197.210924E-3
18.100000E+0	1.000000E+0	211.626294E-3	8.420539E+0	205.357687E-3	198.310629E-3
18.200000E+0	1.000000E+0	216.633084E-3	8.462524E+0	206.549184E-3	199.596302E-3
18.300000E+0	1.000000E+0	219.637159E-3	8.505821E+0	207.700150E-3	200.756804E-3
18.400000E+0	1.000000E+0	218.814614E-3	8.545375E+0	208.967345E-3	201.715247E-3
18.500000E+0	1.000000E+0	221.765044E-3	8.590698E+0	209.968107E-3	202.867405E-3
18.600000E+0	1.000000E+0	225.216153E-3	8.633292E+0	211.168544E-3	203.984992E-3
18.700000E+0	1.000000E+0	231.438878E-3	8.680058E+0	212.159174E-3	205.065624E-3
18.800000E+0	1.000000E+0	234.252218E-3	8.724499E+0	213.451999E-3	206.387060E-3
18.900000E+0	1.000000E+0	236.237052E-3	8.771658E+0	214.608925E-3	207.222121E-3
19.000000E+0	1.000000E+0	241.178278E-3	8.822560E+0	215.553063E-3	208.403485E-3
19.100000E+0	1.000000E+0	242.489580E-3	8.868241E+0	217.002052E-3	209.512131E-3
19.200000E+0	1.000000E+0	244.957212E-3	8.906710E+0	217.787641E-3	210.476535E-3
19.300000E+0	1.000000E+0	250.250105E-3	8.957589E+0	219.237822E-3	211.836713E-3
19.400000E+0	1.000000E+0	250.673298E-3	9.000278E+0	219.804066E-3	212.984698E-3
19.500000E+0	1.000000E+0	255.405906E-3	9.044015E+0	221.254843E-3	213.775056E-3
19.600000E+0	1.000000E+0	258.803371E-3	9.082937E+0	222.294944E-3	215.147751E-3
19.700000E+0	1.000000E+0	259.315971E-3	9.135747E+0	223.442334E-3	215.985792E-3
19.800000E+0	1.000000E+0	264.817480E-3	9.174085E+0	224.539059E-3	217.227357E-3
19.900000E+0	1.000000E+0	267.577175E-3	9.217882E+0	225.577969E-3	217.958110E-3
20.000000E+0	1.000000E+0	271.451477E-3	9.260523E+0	226.472038E-3	219.103115E-3
20.100000E+0	1.000000E+0	274.407867E-3	9.314370E+0	227.800626E-3	220.150965E-3
20.200000E+0	1.000000E+0	273.805861E-3	9.362841E+0	228.338856E-3	221.709031E-3
20.300000E+0	1.000000E+0	278.270248E-3	9.399605E+0	230.010766E-3	222.395080E-3
20.400000E+0	1.000000E+0	282.192234E-3	9.450018E+0	231.183190E-3	223.615783E-3
20.500000E+0	1.000000E+0	283.414129E-3	9.488297E+0	231.983680E-3	224.647540E-3
20.600000E+0	1.000000E+0	288.039450E-3	9.527862E+0	233.417768E-3	225.898045E-3
20.700000E+0	1.000000E+0	291.073326E-3	9.565103E+0	234.416146E-3	227.041859E-3
20.800000E+0	1.000000E+0	292.366747E-3	9.627438E+0	235.382933E-3	227.859635E-3
20.900000E+0	1.000000E+0	297.409300E-3	9.673274E+0	236.700792E-3	228.943843E-3
21.000000E+0	1.000000E+0	298.070912E-3	9.707832E+0	237.859507E-3	230.052490E-3
21.100000E+0	1.000000E+0	302.797560E-3	9.758449E+0	239.475985E-3	231.386442E-3
21.200000E+0	1.000000E+0	306.004290E-3	9.807014E+0	239.694138E-3	232.011098E-3
21.300000E+0	1.000000E+0	307.923560E-3	9.846449E+0	240.805168E-3	233.159680E-3
21.400000E+0	1.000000E+0	310.504441E-3	9.889817E+0	242.279191E-3	234.756489E-3
21.500000E+0	1.000000E+0	315.099959E-3	9.929669E+0	243.124385E-3	235.272069E-3
21.600000E+0	1.000000E+0	315.469508E-3	9.971941E+0	243.964811E-3	236.405749E-3
21.700000E+0	1.000000E+0	319.421296E-3	10.013223E+0	245.340486E-3	237.699766E-3
21.800000E+0	1.000000E+0	322.443251E-3	10.068786E+0	246.721526E-3	238.671322E-3
21.900000E+0	1.000000E+0	327.008967E-3	10.116017E+0	247.764011E-3	239.820500E-3
22.000000E+0	1.000000E+0	329.875951E-3	10.167420E+0	249.013921E-3	240.990539E-3
22.100000E+0	1.000000E+0	331.795220E-3	10.211682E+0	249.259492E-3	241.980572E-3
22.200000E+0	1.000000E+0	335.407262E-3	10.243475E+0	251.218697E-3	243.195911E-3
22.300000E+0	1.000000E+0	337.588792E-3	10.304046E+0	252.224227E-3	244.413038E-3
22.400000E+0	1.000000E+0	338.774924E-3	10.354412E+0	253.352543E-3	245.561619E-3
22.500000E+0	1.000000E+0	345.343356E-3	10.389948E+0	255.227109E-3	247.007628E-3
22.600000E+0	1.000000E+0	347.626214E-3	10.428917E+0	255.520364E-3	247.592946E-3
22.700000E+0	1.000000E+0	347.453361E-3	10.475147E+0	256.455561E-3	248.566290E-3
22.800000E+0	1.000000E+0	353.300576E-3	10.515022E+0	258.102438E-3	249.856134E-3
22.900000E+0	1.000000E+0	357.556348E-3	10.565078E+0	259.087106E-3	250.884911E-3
23.000000E+0	1.000000E+0	358.289485E-3	10.607207E+0	260.265490E-3	251.955410E-3
23.100000E+0	1.000000E+0	362.312799E-3	10.664225E+0	261.476657E-3	253.248235E-3
23.200000E+0	1.000000E+0	364.595657E-3	10.698414E+0	262.394568E-3	253.961703E-3
23.300000E+0	1.000000E+0	369.936233E-3	10.738134E+0	263.366124E-3	254.910013E-3
23.400000E+0	1.000000E+0	370.514398E-3	10.785520E+0	264.627359E-3	255.965611E-3
23.500000E+0	1.000000E+0	373.959547E-3	10.828042E+0	265.567920E-3	257.071277E-3
23.600000E+0	1.000000E+0	378.221279E-3	10.863614E+0	267.019889E-3	258.759281E-3
23.700000E+0	1.000000E+0	380.384927E-3	10.919201E+0	267.853758E-3	259.738585E-3
23.800000E+0	1.000000E+0	382.858520E-3	10.955548E+0	269.282482E-3	260.697624E-3
23.900000E+0	1.000000E+0	385.487085E-3	11.000991E+0	270.072243E-3	261.498115E-3
24.000000E+0	1.000000E+0	389.981275E-3	11.051655E+0	271.210096E-3	262.861273E-3
24.100000E+0	1.000000E+0	391.507154E-3	11.098230E+0	272.656701E-3	264.021179E-3
24.200000E+0	1.000000E+0	395.917898E-3	11.142850E+0	273.282550E-3	265.139959E-3
24.300000E+0	1.000000E+0	399.869686E-3	11.188745E+0	274.698756E-3	266.378543E-3
24.400000E+0	1.000000E+0	401.479011E-3	11.231411E+0	275.567196E-3	267.006776E-3
24.500000E+0	1.000000E+0	402.510172E-3	11.264741E+0	276.322387E-3	268.238804E-3
24.600000E+0	1.000000E+0	406.742102E-3	11.315203E+0	277.647994E-3	269.089959E-3
24.700000E+0	1.000000E+0	411.629683E-3	11.358643E+0	279.036187E-3	270.509145E-3
24.800000E+0	1.000000E+0	413.846975E-3	11.401677E+0	280.302189E-3	271.915219E-3
24.900000E+0	1.000000E+0	415.116554E-3	11.448765E+0	281.072877E-3	272.643588E-3
25.000000E+0	1.000000E+0	420.784956E-3	11.501408E+0	282.247685E-3	273.517988E-3
25.100000E+0	1.000000E+0	421.130663E-3	11.543214E+0	283.095263E-3	274.512194E-3
25.200000E+0	1.000000E+0	423.187023E-3	11.588037E+0	284.323119E-3	275.545142E-3
25.300000E+0	1.000000E+0	428.467995E-3	11.633813E+0	286.169671E-3	276.976846E-3
25.400000E+0	1.000000E+0	431.913143E-3	11.676085E+0	286.407494E-3	278.097413E-3
25.500000E+0	1.000000E+0	433.164841E-3	11.726880E+0	287.416600E-3	278.685711E-3
25.600000E+0	1.000000E+0	438.553101E-3	11.764872E+0	288.720154E-3	280.278348E-3
25.700000E+0	1.000000E+0	440.013415E-3	11.804664E+0	290.146493E-3	281.205200E-3
25.800000E+0	1.000000E+0	443.851954E-3	11.845410E+0	290.863537E-3	282.365702E-3
25.900000E+0	1.000000E+0	447.869307E-3	11.890066E+0	292.531275E-3	283.522033E-3
26.000000E+0	1.000000E+0	450.026995E-3	11.937177E+0	293.273353E-3	284.343385E-3
26.100000E+0	1.000000E+0	450.861460E-3	11.985278E+0	294.478559E-3	285.717868E-3
26.200000E+0	1.000000E+0	455.564267E-3	12.025988E+0	296.016359E-3	286.901616E-3
26.300000E+0	1.000000E+0	457.382209E-3	12.065017E+0	296.418095E-3	287.632369E-3
26.400000E+0	1.000000E+0	461.745269E-3	12.110710E+0	297.838473E-3	288.898372E-3
26.500000E+0	1.000000E+0	464.427478E-3	12.154150E+0	298.905397E-3	289.719724E-3
26.600000E+0	1.000000E+0	468.063361E-3	12.196612E+0	299.983645E-3	290.893936E-3
26.700000E+0	1.000000E+0	469.374663E-3	12.236774E+0	300.984407E-3	291.883373E-3
26.800000E+0	1.000000E+0	473.731763E-3	12.279105E+0	302.124644E-3	293.284678E-3
26.900000E+0	1.000000E+0	474.959619E-3	12.333083E+0	303.216005E-3	294.230008E-3
27.000000E+0	1.000000E+0	479.698188E-3	12.372720E+0	304.439688E-3	295.395875E-3
27.100000E+0	1.000000E+0	482.231385E-3	12.426615E+0	305.521513E-3	296.393061E-3
27.200000E+0	1.000000E+0	486.344106E-3	12.462521E+0	306.574131E-3	297.266865E-3
27.300000E+0	1.000000E+0	489.497192E-3	12.516284E+0	307.638074E-3	298.537040E-3
27.400000E+0	1.000000E+0	493.109233E-3	12.551737E+0	309.176470E-3	299.372101E-3
27.500000E+0	1.000000E+0	494.468219E-3	12.601340E+0	309.953118E-3	300.616646E-3
27.600000E+0	1.000000E+0	494.521863E-3	12.645650E+0	311.046268E-3	301.736021E-3
27.700000E+0	1.000000E+0	500.059135E-3	12.679577E+0	312.206770E-3	303.038979E-3
27.800000E+0	1.000000E+0	502.383716E-3	12.728548E+0	313.142563E-3	303.838277E-3
27.900000E+0	1.000000E+0	506.579883E-3	12.778962E+0	314.459826E-3	305.353428E-3
28.000000E+0	1.000000E+0	507.694490E-3	12.814808E+0	315.220381E-3	305.784965E-3
28.100000E+0	1.000000E+0	512.582071E-3	12.866199E+0	316.569830E-3	307.250644E-3
28.200000E+0	1.000000E+0	514.519222E-3	12.907183E+0	317.911531E-3	308.339620E-3
28.300000E+0	1.000000E+0	518.321998E-3	12.955844E+0	319.477941E-3	309.583569E-3
28.400000E+0	1.000000E+0	521.576412E-3	12.991905E+0	319.930341E-3	310.716654E-3
28.500000E+0	1.000000E+0	523.149975E-3	13.044941E+0	321.165945E-3	311.648871E-3
28.600000E+0	1.000000E+0	526.028879E-3	13.083351E+0	322.430756E-3	313.158656E-3
28.700000E+0	1.000000E+0	529.122360E-3	13.134933E+0	323.216345E-3	313.836361E-3
28.800000E+0	1.000000E+0	532.835729E-3	13.171172E+0	324.689772E-3	314.914609E-3
28.900000E+0	1.000000E+0	535.953052E-3	13.216543E+0	325.722124E-3	315.917160E-3
29.000000E+0	1.000000E+0	539.964445E-3	13.271034E+0	326.925542E-3	317.145015E-3
29.100000E+0	1.000000E+0	541.996963E-3	13.317466E+0	327.974584E-3	318.282272E-3
29.200000E+0	1.000000E+0	543.755301E-3	13.355553E+0	329.004552E-3	319.378402E-3
29.300000E+0	1.000000E+0	546.985872E-3	13.397098E+0	330.259230E-3	320.538308E-3
29.400000E+0	1.000000E+0	549.381979E-3	13.430345E+0	331.199792E-3	321.323897E-3
29.500000E+0	1.000000E+0	555.586823E-3	13.479793E+0	332.075384E-3	322.191741E-3
29.600000E+0	1.000000E+0	557.428606E-3	13.522553E+0	333.158997E-3	323.784377E-3
29.700000E+0	1.000000E+0	558.042534E-3	13.561797E+0	334.150222E-3	324.814942E-3
29.800000E+0	1.000000E+0	563.091048E-3	13.610399E+0	335.525897E-3	325.891402E-3
29.900000E+0	1.000000E+0	565.427550E-3	13.658214E+0	336.569575E-3	326.557782E-3
30.000000E+0	1.000000E+0	571.173437E-3	13.697982E+0	337.328938E-3	327.750471E-3
30.100000E+0	1.000000E+0	571.501263E-3	13.740480E+0	338.472751E-3	328.566458E-3
30.200000E+0	1.000000E+0	575.113305E-3	13.790822E+0	339.691070E-3	329.844382E-3
30.300000E+0	1.000000E+0	579.214104E-3	13.824046E+0	341.120390E-3	330.981043E-3
30.400000E+0	1.000000E+0	581.306227E-3	13.868439E+0	341.756967E-3	332.160023E-3
30.500000E+0	1.000000E+0	584.650048E-3	13.906109E+0	343.140987E-3	333.128598E-3
30.600000E+0	1.000000E+0	587.868699E-3	13.941443E+0	343.766836E-3	334.059027E-3
30.700000E+0	1.000000E+0	588.864096E-3	13.993406E+0	345.146088E-3	335.053828E-3
30.800000E+0	1.000000E+0	592.434415E-3	14.036357E+0	346.274404E-3	336.092141E-3
30.900000E+0	1.000000E+0	596.708068E-3	14.086020E+0	347.716836E-3	337.748555E-3
31.000000E+0	1.000000E+0	598.889598E-3	14.128840E+0	348.290233E-3	338.280228E-3
31.100000E+0	1.000000E+0	601.911553E-3	14.177036E+0	349.733261E-3	339.722064E-3
31.200000E+0	1.000000E+0	603.467234E-3	14.224601E+0	350.829391E-3	340.401557E-3
31.300000E+0	1.000000E+0	607.150802E-3	14.259577E+0	351.461200E-3	341.652063E-3
31.400000E+0	1.000000E+0	609.058150E-3	14.298403E+0	352.347521E-3	342.578915E-3
31.500000E+0	1.000000E+0	613.665589E-3	14.341652E+0	354.166655E-3	343.914656E-3
31.600000E+0	1.000000E+0	616.276273E-3	14.389241E+0	355.036883E-3	345.179466E-3
31.700000E+0	1.000000E+0	620.126733E-3	14.426219E+0	356.006055E-3	345.897106E-3
31.800000E+0	1.000000E+0	624.108323E-3	14.477491E+0	357.273846E-3	347.155956E-3
31.900000E+0	1.000000E+0	626.927623E-3	14.526725E+0	358.500509E-3	348.580508E-3
32.000000E+0	1.000000E+0	629.657516E-3	14.576113E+0	359.653859E-3	349.488286E-3
32.100000E+0	1.000000E+0	631.117830E-3	14.622843E+0	361.096292E-3	350.740580E-3
32.200000E+0	1.000000E+0	633.728513E-3	14.665854E+0	361.583858E-3	351.682333E-3
32.300000E+0	1.000000E+0	637.853155E-3	14.705980E+0	363.138347E-3	352.900653E-3
32.400000E+0	1.000000E+0	641.161212E-3	14.742708E+0	364.421635E-3	353.536038E-3
32.500000E+0	1.000000E+0	645.393142E-3	14.790606E+0	365.671545E-3	355.096488E-3
32.600000E+0	1.000000E+0	650.340328E-3	14.831555E+0	366.542965E-3	356.065659E-3
32.700000E+0	1.000000E+0	650.441656E-3	14.864588E+0	367.265373E-3	357.208877E-3
32.800000E+0	1.000000E+0	650.614509E-3	14.918101E+0	368.418723E-3	358.091025E-3
32.900000E+0	1.000000E+0	655.943164E-3	14.967275E+0	369.907647E-3	359.272986E-3
33.000000E+0	1.000000E+0	656.992206E-3	15.021193E+0	370.845824E-3	360.564022E-3
33.100000E+0	1.000000E+0	663.310299E-3	15.062475E+0	371.977717E-3	361.651807E-3
33.200000E+0	1.000000E+0	666.952143E-3	15.101361E+0	373.450548E-3	362.592369E-3
33.300000E+0	1.000000E+0	665.640840E-3	15.145195E+0	374.150306E-3	363.510280E-3
33.400000E+0	1.000000E+0	671.088705E-3	15.185261E+0	375.126034E-3	364.462762E-3
33.500000E+0	1.000000E+0	672.769556E-3	15.223682E+0	376.008779E-3	365.869432E-3
33.600000E+0	1.000000E+0	677.490244E-3	15.270603E+0	377.218753E-3	366.710454E-3
33.700000E+0	1.000000E+0	680.828104E-3	15.314639E+0	378.853709E-3	368.359118E-3
33.800000E+0	1.000000E+0	681.823502E-3	15.355086E+0	379.589826E-3	368.917018E-3
33.900000E+0	1.000000E+0	689.190636E-3	15.397573E+0	380.944640E-3	370.354086E-3
34.000000E+0	1.000000E+0	690.531740E-3	15.448701E+0	382.053287E-3	371.028811E-3
34.100000E+0	1.000000E+0	693.011294E-3	15.485561E+0	382.964642E-3	372.384816E-3
34.200000E+0	1.000000E+0	695.294152E-3	15.536201E+0	384.039314E-3	373.604924E-3
34.300000E+0	1.000000E+0	697.851191E-3	15.588486E+0	385.358364E-3	374.361307E-3
34.400000E+0	1.000000E+0	702.321539E-3	15.611970E+0	386.034281E-3	375.416309E-3
34.500000E+0	1.000000E+0	702.160607E-3	15.656257E+0	386.964710E-3	376.217395E-3
34.600000E+0	1.000000E+0	706.249485E-3	15.698242E+0	388.112695E-3	377.410680E-3
34.700000E+0	1.000000E+0	710.165511E-3	15.733826E+0	388.883979E-3	378.447205E-3
34.800000E+0	1.000000E+0	712.591420E-3	15.774870E+0	390.368731E-3	379.561812E-3
34.900000E+0	1.000000E+0	717.264424E-3	15.825295E+0	391.991170E-3	380.770595E-3
35.000000E+0	1.000000E+0	720.918189E-3	15.867114E+0	392.791660E-3	381.870300E-3
35.100000E+0	1.000000E+0	721.526156E-3	15.918124E+0	393.952163E-3	382.996232E-3
35.200000E+0	1.000000E+0	724.285851E-3	15.962636E+0	394.957097E-3	384.243161E-3
35.300000E+0	1.000000E+0	728.452216E-3	16.010630E+0	396.031769E-3	384.868414E-3
35.400000E+0	1.000000E+0	733.214627E-3	16.055882E+0	397.443803E-3	386.621387E-3
35.500000E+0	1.000000E+0	734.168301E-3	16.092479E+0	398.319992E-3	387.397439E-3
35.600000E+0	1.000000E+0	735.330592E-3	16.134953E+0	399.343999E-3	388.476880E-3
35.700000E+0	1.000000E+0	739.699612E-3	16.164458E+0	400.471719E-3	389.291079E-3
35.800000E+0	1.000000E+0	740.993033E-3	16.223347E+0	401.815208E-3	390.447409E-3
35.900000E+0	1.000000E+0	747.638951E-3	16.262019E+0	402.389797E-3	391.461284E-3
36.000000E+0	1.000000E+0	747.764121E-3	16.319025E+0	403.636130E-3	392.524035E-3
36.100000E+0	1.000000E+0	753.217946E-3	16.360986E+0	404.569539E-3	393.678577E-3
36.200000E+0	1.000000E+0	754.308711E-3	16.398931E+0	405.639442E-3	394.950541E-3
36.300000E+0	1.000000E+0	755.703460E-3	16.442680E+0	407.187375E-3	395.699175E-3
36.400000E+0	1.000000E+0	760.859262E-3	16.485834E+0	407.769713E-3	396.729739E-3
36.500000E+0	1.000000E+0	764.203082E-3	16.527760E+0	409.569773E-3	397.990378E-3
36.600000E+0	1.000000E+0	765.550147E-3	16.555989E+0	409.762892E-3	398.854049E-3
36.700000E+0	1.000000E+0	771.361600E-3	16.603732E+0	411.198172E-3	400.004419E-3
36.800000E+0	1.000000E+0	771.993409E-3	16.649747E+0	412.502918E-3	400.889548E-3
36.900000E+0	1.000000E+0	775.730621E-3	16.696382E+0	413.507256E-3	402.364763E-3
37.000000E+0	1.000000E+0	779.992353E-3	16.746283E+0	414.713654E-3	403.347048E-3
37.100000E+0	1.000000E+0	781.285774E-3	16.784382E+0	415.647063E-3	404.148134E-3
37.200000E+0	1.000000E+0	784.766685E-3	16.822159E+0	416.367087E-3	405.069622E-3
37.300000E+0	1.000000E+0	788.241636E-3	16.866672E+0	417.381558E-3	406.202110E-3
37.400000E+0	1.000000E+0	789.654266E-3	16.915226E+0	418.553982E-3	407.230291E-3
37.500000E+0	1.000000E+0	795.418035E-3	16.955924E+0	420.230661E-3	408.513579E-3
37.600000E+0	1.000000E+0	797.206175E-3	16.999531E+0	421.166454E-3	409.906539E-3
37.700000E+0	1.000000E+0	800.615560E-3	17.033303E+0	422.248874E-3	411.068234E-3
37.800000E+0	1.000000E+0	804.775965E-3	17.076480E+0	423.334275E-3	411.683354E-3
37.900000E+0	1.000000E+0	805.425655E-3	17.133224E+0	424.585972E-3	413.076911E-3
38.000000E+0	1.000000E+0	808.852922E-3	17.179418E+0	425.495539E-3	413.972172E-3
38.100000E+0	1.000000E+0	812.488806E-3	17.215979E+0	426.195894E-3	414.800677E-3
38.200000E+0	1.000000E+0	815.707457E-3	17.263961E+0	427.809988E-3	416.491065E-3
38.300000E+0	1.000000E+0	818.115484E-3	17.303956E+0	428.910290E-3	417.240891E-3
38.400000E+0	1.000000E+0	820.344698E-3	17.340851E+0	430.085097E-3	418.304834E-3
38.500000E+0	1.000000E+0	823.569309E-3	17.392051E+0	431.363617E-3	419.707928E-3
38.600000E+0	1.000000E+0	828.415167E-3	17.427087E+0	432.383453E-3	420.871411E-3
38.700000E+0	1.000000E+0	831.395399E-3	17.470920E+0	433.332359E-3	421.739254E-3
38.800000E+0	1.000000E+0	833.231222E-3	17.515337E+0	434.356367E-3	422.720943E-3
38.900000E+0	1.000000E+0	836.431992E-3	17.555785E+0	435.072218E-3	423.675213E-3
39.000000E+0	1.000000E+0	839.763892E-3	17.607355E+0	436.864530E-3	424.792801E-3
39.100000E+0	1.000000E+0	842.869294E-3	17.655122E+0	437.812840E-3	426.055823E-3
39.200000E+0	1.000000E+0	843.232882E-3	17.695487E+0	438.767111E-3	426.844393E-3
39.300000E+0	1.000000E+0	847.399247E-3	17.734957E+0	440.124309E-3	428.252850E-3
39.400000E+0	1.000000E+0	849.902642E-3	17.774868E+0	440.669691E-3	428.946649E-3
39.500000E+0	1.000000E+0	852.972281E-3	17.818081E+0	441.790855E-3	430.489217E-3
39.600000E+0	1.000000E+0	855.886948E-3	17.857563E+0	443.167722E-3	430.963670E-3
39.700000E+0	1.000000E+0	860.315573E-3	17.902362E+0	444.454586E-3	432.525312E-3
39.800000E+0	1.000000E+0	865.554822E-3	17.943752E+0	445.252693E-3	433.313285E-3
39.900000E+0	1.000000E+0	866.496575E-3	17.986429E+0	446.379816E-3	434.516703E-3
40.000000E+0	1.000000E+0	867.128384E-3	18.033099E+0	446.971095E-3	435.453688E-3
40.100000E+0	1.000000E+0	873.070967E-3	18.078351E+0	448.535717E-3	436.447894E-3
40.200000E+0	1.000000E+0	875.097525E-3	18.125665E+0	449.426210E-3	437.577998E-3
40.300000E+0	1.000000E+0	877.696288E-3	18.156707E+0	450.609362E-3	438.352858E-3
40.400000E+0	1.000000E+0	880.938781E-3	18.192959E+0	451.622045E-3	439.833438E-3
40.500000E+0	1.000000E+0	884.628308E-3	18.239796E+0	453.251637E-3	440.957582E-3
40.600000E+0	1.000000E+0	889.313233E-3	18.279290E+0	454.081333E-3	441.833770E-3
40.700000E+0	1.000000E+0	891.208661E-3	18.327820E+0	455.210245E-3	443.236863E-3
40.800000E+0	1.000000E+0	891.858352E-3	18.370676E+0	456.460751E-3	444.229877E-3
40.900000E+0	1.000000E+0	896.799577E-3	18.418670E+0	457.418598E-3	445.191896E-3
41.000000E+0	1.000000E+0	900.626195E-3	18.458235E+0	458.821691E-3	446.450150E-3
41.100000E+0	1.000000E+0	900.584472E-3	18.499613E+0	459.187664E-3	447.198188E-3
41.200000E+0	1.000000E+0	904.887927E-3	18.540871E+0	460.735000E-3	448.610222E-3
41.300000E+0	1.000000E+0	907.850278E-3	18.580365E+0	461.758412E-3	449.569857E-3
41.400000E+0	2.000000E+0	911.808027E-3	18.619251E+0	462.579168E-3	450.561679E-3
41.500000E+0	2.000000E+0	910.770906E-3	18.627143E+0	462.465323E-3	450.649894E-3
41.600000E+0	2.000000E+0	906.801236E-3	18.536639E+0	460.865534E-3	448.659694E-3
41.700000E+0	2.000000E+0	882.172597E-3	18.139565E+0	451.576746E-3	439.274346E-3
41.800000E+0	2.000000E+0	855.904830E-3	17.773032E+0	442.308819E-3	430.410539E-3
41.900000E+0	2.000000E+0	833.469641E-3	17.388427E+0	432.983671E-3	421.380434E-3
42.000000E+0	2.000000E+0	810.426485E-3	17.022681E+0	424.465571E-3	412.474308E-3
42.100000E+0	2.000000E+0	785.714399E-3	16.643393E+0	415.287647E-3	403.721961E-3
42.200000E+0	2.000000E+0	762.850057E-3	16.265059E+0	406.193766E-3	394.721659E-3
42.300000E+0	2.000000E+0	736.790906E-3	15.886688E+0	396.962794E-3	385.504396E-3
42.400000E+0	2.000000E+0	715.470324E-3	15.506315E+0	388.065608E-3	376.765162E-3
42.500000E+0	2.000000E+0	690.442333E-3	15.131891E+0	378.445417E-3	367.962151E-3
42.600000E+0	2.000000E+0	667.387256E-3	14.747202E+0	369.711548E-3	358.846812E-3
42.700000E+0	2.000000E+0	642.049322E-3	14.366639E+0	360.711246E-3	349.848298E-3
42.800000E+0	2.000000E+0	618.088254E-3	13.996756E+0	351.293115E-3	340.767530E-3
42.900000E+0	2.000000E+0	594.049700E-3	13.624096E+0	342.565802E-3	331.754115E-3
43.000000E+0	2.000000E+0	571.203240E-3	13.255823E+0	333.470133E-3	322.939183E-3
43.100000E+0	2.000000E+0	546.717651E-3	12.879431E+0	324.218895E-3	313.781525E-3
43.200000E+0	2.000000E+0	520.694263E-3	12.513256E+0	315.472509E-3	305.224681E-3
43.300000E+0	2.000000E+0	496.876247E-3	12.141871E+0	306.323195E-3	295.994901E-3
43.400000E+0	2.000000E+0	474.232442E-3	11.763775E+0	297.546411E-3	287.421965E-3
43.500000E+0	2.000000E+0	448.149449E-3	11.379421E+0	288.475179E-3	278.255366E-3
43.600000E+0	2.000000E+0	421.607500E-3	11.014545E+0	279.085062E-3	269.588850E-3
43.700000E+0	2.000000E+0	399.255758E-3	10.638368E+0	269.944093E-3	260.522386E-3
43.800000E+0	2.000000E+0	374.752288E-3	10.268211E+0	260.731003E-3	251.655003E-3
43.900000E+0	2.000000E+0	352.537637E-3	9.894788E+0	251.817723E-3	242.705961E-3
44.000000E+0	2.000000E+0	326.353316E-3	9.527457E+0	242.451449E-3	234.083552E-3
44.100000E+0	2.000000E+0	303.989653E-3	9.153724E+0	233.814139E-3	225.166696E-3
44.200000E+0	2.000000E+0	278.121237E-3	8.789229E+0	224.072951E-3	216.119903E-3
44.300000E+0	2.000000E+0	254.815820E-3	8.415174E+0	215.526836E-3	206.937210E-3
44.400000E+0	2.000000E+0	227.814916E-3	8.036125E+0	206.013338E-3	198.254005E-3
44.500000E+0	2.000000E+0	206.023458E-3	7.674122E+0	196.951047E-3	189.086214E-3
44.600000E+0	2.000000E+0	181.263688E-3	7.288671E+0	187.897101E-3	180.588975E-3
44.700000E+0	2.000000E+0	156.271460E-3	6.906748E+0	179.006472E-3	171.439065E-3
44.800000E+0	2.000000E+0	134.021046E-3	6.535184E+0	169.894709E-3	162.635459E-3
44.900000E+0	2.000000E+0	108.212234E-3	6.170297E+0	160.254253E-3	153.630984E-3
45.000000E+0	2.000000E+0	82.474948E-3	5.801058E+0	151.447070E-3	144.738567E-3
45.100000E+0	2.000000E+0	57.041646E-3	5.432355E+0	142.575514E-3	135.643493E-3
45.200000E+0	2.000000E+0	33.146143E-3	5.060136E+0	133.074533E-3	127.063404E-3
45.300000E+0	2.000000E+0	9.661913E-3	4.682457E+0	123.534809E-3	117.810378E-3
45.400000E+0	2.000000E+0	-15.139580E-3	4.309237E+0	114.464769E-3	108.954915E-3
45.500000E+0	2.000000E+0	-37.807227E-3	3.930664E+0	105.370888E-3	100.228198E-3
45.600000E+0	2.000000E+0	-64.760447E-3	3.539824E+0	95.996268E-3	90.792782E-3
45.700000E+0	2.000000E+0	-88.241698E-3	3.166139E+0	86.798079E-3	82.266337E-3
45.800000E+0	2.000000E+0	-114.315750E-3	2.804208E+0	77.397233E-3	73.258883E-3
45.900000E+0	2.000000E+0	-136.440994E-3	2.437615E+0	68.230634E-3	64.783101E-3
46.000000E+0	2.000000E+0	-164.005163E-3	2.070379E+0	59.253578E-3	55.637364E-3
46.100000E+0	2.000000E+0	-186.103585E-3	1.685810E+0	50.218109E-3	46.862964E-3
46.200000E+0	2.000000E+0	-210.371616E-3	1.323593E+0	40.752295E-3	38.284662E-3
46.300000E+0	2.000000E+0	-235.351923E-3	948.762894E-3	31.465891E-3	29.190185E-3
46.400000E+0	2.000000E+0	-262.179974E-3	577.533245E-3	21.445753E-3	20.922424E-3
46.500000E+0	2.000000E+0	-285.169486E-3	202.393532E-3	12.791158E-3	11.603833E-3
46.600000E+0	2.000000E+0	-302.988295E-3	-82.719326E-3	5.882383E-3	5.274415E-3
46.700000E+0	2.000000E+0	-303.384666E-3	-70.607662E-3	5.457998E-3	4.931093E-3
46.800000E+0	2.000000E+0	-303.658847E-3	-71.406364E-3	5.854369E-3	5.398393E-3
46.900000E+0	2.000000E+0	-303.134326E-3	-51.963329E-3	5.769134E-3	5.497933E-3
47.000000E+0	2.000000E+0	-302.702193E-3	-40.841103E-3	5.724431E-3	5.507470E-3
47.100000E+0	2.000000E+0	-303.986673E-3	-33.575296E-3	5.598069E-3	5.315543E-3
47.200000E+0	2.000000E+0	-303.196911E-3	-27.388334E-3	6.159544E-3	5.773306E-3
47.300000E+0	2.000000E+0	-301.393871E-3	-28.890371E-3	6.381870E-3	5.909205E-3
47.400000E+0	2.000000E+0	-305.780773E-3	-18.048286E-3	5.938411E-3	5.882979E-3
47.500000E+0	2.000000E+0	-303.715472E-3	-19.937754E-3	5.987883E-3	5.648733E-3
47.600000E+0	2.000000E+0	-302.624707E-3	-23.442507E-3	6.029606E-3	5.689264E-3
47.700000E+0	2.000000E+0	-304.350261E-3	-21.988153E-3	5.875230E-3	5.576015E-3
47.800000E+0	2.000000E+0	-303.840641E-3	-19.550323E-3	6.429554E-3	5.757213E-3
47.900000E+0	2.000000E+0	-304.663186E-3	-14.781952E-3	6.011129E-3	5.646348E-3
48.000000E+0	2.000000E+0	-306.171183E-3	-6.949902E-3	6.133318E-3	5.579591E-3
48.100000E+0	2.000000E+0	-301.724677E-3	-7.945299E-3	6.013513E-3	5.793572E-3
48.200000E+0	2.000000E+0	-305.569176E-3	-2.580881E-3	6.058217E-3	5.649329E-3
48.300000E+0	2.000000E+0	-305.414204E-3	-1.311302E-3	5.751849E-3	5.460382E-3
48.400000E+0	2.000000E+0	-305.131082E-3	6.985664E-3	6.011725E-3	5.699397E-3
48.500000E+0	2.000000E+0	-304.582719E-3	-1.245737E-3	5.873442E-3	5.740524E-3
48.600000E+0	2.000000E+0	-303.825740E-3	-8.594990E-3	6.010533E-3	5.414486E-3
48.700000E+0	2.000000E+0	-306.129460E-3	-4.571676E-3	5.875826E-3	5.876422E-3
48.800000E+0	2.000000E+0	-304.469470E-3	-11.247396E-3	5.835295E-3	5.626679E-3
48.900000E+0	2.000000E+0	-301.581625E-3	-11.628866E-3	6.160141E-3	5.733371E-3
49.000000E+0	2.000000E+0	-305.876140E-3	9.167194E-3	5.777479E-3	5.634428E-3
49.100000E+0	2.000000E+0	-305.083398E-3	-3.933907E-3	5.548001E-3	5.258322E-3
49.200000E+0	2.000000E+0	-306.320195E-3	3.290176E-3	5.877614E-3	5.642772E-3
49.300000E+0	2.000000E+0	-306.436424E-3	3.886223E-3	6.126166E-3	5.879403E-3
49.400000E+0	2.000000E+0	-304.898624E-3	-2.294779E-3	5.824566E-3	5.604029E-3
49.500000E+0	2.000000E+0	-305.488710E-3	-35.762787E-6	6.046892E-3	5.899668E-3
49.600000E+0	2.000000E+0	-302.907829E-3	-8.511543E-3	5.836487E-3	5.576611E-3
49.700000E+0	2.000000E+0	-306.525831E-3	-9.596348E-3	5.825162E-3	5.388856E-3
49.800000E+0	2.000000E+0	-308.290128E-3	834.465027E-6	5.252958E-3	5.856753E-3
49.900000E+0	2.000000E+0	-304.389004E-3	-5.680323E-3	5.984903E-3	5.578995E-3
50.000000E+0	2.000000E+0	-304.883723E-3	2.050400E-3	5.617142E-3	5.459190E-3
50.100000E+0	2.000000E+0	-305.700306E-3	1.740456E-3	5.826354E-3	5.720258E-3
50.200000E+0	2.000000E+0	-306.031112E-3	4.637241E-3	5.590320E-3	5.665422E-3
50.300000E+0	2.000000E+0	-305.044655E-3	-1.925230E-3	5.406738E-3	5.567670E-3
50.400000E+0	2.000000E+0	-305.831437E-3	-5.120039E-3	5.780459E-3	5.689264E-3
50.500000E+0	2.000000E+0	-304.707889E-3	-2.789497E-3	5.959273E-3	5.533696E-3
50.600000E+0	2.000000E+0	-306.591396E-3	-5.906820E-3	5.600453E-3	5.415082E-3
50.700000E+0	2.000000E+0	-306.123499E-3	-4.136562E-3	5.327464E-3	5.181432E-3
50.800000E+0	2.000000E+0	-306.040053E-3	-2.306700E-3	5.576015E-3	5.233884E-3
50.900000E+0	2.000000E+0	-305.980448E-3	-6.937981E-3	5.736948E-3	5.531908E-3
51.000000E+0	2.000000E+0	-307.741766E-3	-35.762787E-6	5.252958E-3	5.382300E-3
51.100000E+0	2.000000E+0	-307.378177E-3	9.000301E-3	5.518795E-3	5.873442E-3
51.200000E+0	3.000000E+0	-305.399303E-3	3.647804E-3	5.743504E-3	5.337596E-3
51.300000E+0	3.000000E+0	-306.111578E-3	-6.669760E-3	5.409718E-3	5.547405E-3
51.400000E+0	3.000000E+0	-306.391720E-3	-1.841784E-3	5.770326E-3	5.189181E-3
51.500000E+0	3.000000E+0	-305.795674E-3	-11.354685E-3	5.718470E-3	5.480051E-3
51.600000E+0	3.000000E+0	-305.369501E-3	20.360947E-3	6.173850E-3	5.945564E-3
51.700000E+0	3.000000E+0	-301.632289E-3	68.080425E-3	7.597805E-3	7.174612E-3
51.800000E+0	3.000000E+0	-298.449401E-3	124.526024E-3	8.597971E-3	8.064509E-3
51.900000E+0	3.000000E+0	-296.100978E-3	174.450874E-3	10.070802E-3	9.384752E-3
52.000000E+0	3.000000E+0	-293.603544E-3	225.293636E-3	10.753275E-3	10.601283E-3
52.100000E+0	3.000000E+0	-289.955739E-3	285.458565E-3	12.336374E-3	11.506082E-3
52.200000E+0	3.000000E+0	-286.617879E-3	334.858894E-3	13.182164E-3	13.049842E-3
52.300000E+0	3.000000E+0	-282.710795E-3	387.394428E-3	14.747978E-3	13.923050E-3
52.400000E+0	3.000000E+0	-282.529000E-3	432.443619E-3	15.527607E-3	15.075208E-3
52.500000E+0	3.000000E+0	-276.494030E-3	476.813316E-3	17.170311E-3	16.440750E-3
52.600000E+0	3.000000E+0	-275.412206E-3	526.046753E-3	18.267633E-3	17.228128E-3
52.700000E+0	3.000000E+0	-271.159414E-3	563.466549E-3	19.459726E-3	18.414856E-3
52.800000E+0	3.000000E+0	-268.229846E-3	616.300106E-3	20.444395E-3	19.336940E-3
52.900000E+0	3.000000E+0	-265.726451E-3	673.508644E-3	21.910669E-3	21.072628E-3
53.000000E+0	3.000000E+0	-264.090303E-3	724.542141E-3	22.878649E-3	22.050144E-3
53.100000E+0	3.000000E+0	-258.946422E-3	780.451298E-3	24.207832E-3	23.128392E-3
53.200000E+0	3.000000E+0	-255.376104E-3	817.739964E-3	25.418403E-3	24.058225E-3
53.300000E+0	3.000000E+0	-254.556540E-3	860.023499E-3	26.551487E-3	24.898054E-3
53.400000E+0	3.000000E+0	-251.239542E-3	909.578800E-3	27.699473E-3	26.325586E-3
53.500000E+0	3.000000E+0	-248.613957E-3	959.467888E-3	28.494003E-3	27.347805E-3
53.600000E+0	3.000000E+0	-246.173147E-3	1.005733E+0	29.674771E-3	28.515460E-3
53.700000E+0	3.000000E+0	-241.500143E-3	1.046181E+0	31.428936E-3	29.724243E-3
53.800000E+0	3.000000E+0	-238.975886E-3	1.099980E+0	32.656195E-3	31.142833E-3
53.900000E+0	3.000000E+0	-235.015157E-3	1.145375E+0	33.133033E-3	31.528475E-3
54.000000E+0	3.000000E+0	-232.878331E-3	1.194942E+0	34.376982E-3	32.839778E-3
54.100000E+0	3.000000E+0	-229.755047E-3	1.245654E+0	35.561922E-3	33.931139E-3
54.200000E+0	3.000000E+0	-226.002935E-3	1.288176E+0	36.803487E-3	35.011175E-3
54.300000E+0	3.000000E+0	-223.267082E-3	1.338911E+0	38.104060E-3	36.214593E-3
54.400000E+0	3.000000E+0	-221.714381E-3	1.387370E+0	38.802627E-3	37.011507E-3
54.500000E+0	3.000000E+0	-215.628746E-3	1.427877E+0	40.341023E-3	38.344267E-3
54.600000E+0	3.000000E+0	-214.946273E-3	1.476121E+0	41.045550E-3	39.444569E-3
54.700000E+0	3.000000E+0	-212.383273E-3	1.528323E+0	42.356256E-3	40.614012E-3
54.800000E+0	3.000000E+0	-208.935144E-3	1.568818E+0	43.666366E-3	41.739348E-3
54.900000E+0	3.000000E+0	-204.280022E-3	1.620138E+0	44.696931E-3	42.586330E-3
55.000000E+0	3.000000E+0	-200.930241E-3	1.663053E+0	45.911673E-3	44.006709E-3
55.100000E+0	3.000000E+0	-199.398401E-3	1.722050E+0	47.158007E-3	44.793490E-3
55.200000E+0	3.000000E+0	-195.041302E-3	1.769626E+0	48.370961E-3	46.151880E-3
55.300000E+0	3.000000E+0	-194.481018E-3	1.812315E+0	49.477820E-3	47.082309E-3
55.400000E+0	3.000000E+0	-189.745429E-3	1.864707E+0	50.768856E-3	48.282150E-3
55.500000E+0	3.000000E+0	-189.000371E-3	1.910925E+0	51.953797E-3	49.294237E-3
55.600000E+0	3.000000E+0	-184.252861E-3	1.958466E+0	52.778129E-3	50.725345E-3
55.700000E+0	3.000000E+0	-181.323292E-3	2.005792E+0	54.201488E-3	51.550273E-3
55.800000E+0	3.000000E+0	-179.886820E-3	2.054417E+0	55.145030E-3	52.545671E-3
55.900000E+0	3.000000E+0	-175.115469E-3	2.097332E+0	56.570177E-3	54.033999E-3
56.000000E+0	3.000000E+0	-172.531607E-3	2.152407E+0	57.230000E-3	55.027012E-3
56.100000E+0	3.000000E+0	-170.770290E-3	2.209270E+0	58.726077E-3	55.812602E-3
56.200000E+0	3.000000E+0	-166.112187E-3	2.249932E+0	59.959297E-3	57.244305E-3
56.300000E+0	3.000000E+0	-163.614752E-3	2.299964E+0	61.182981E-3	58.313613E-3
56.400000E+0	3.000000E+0	-160.866978E-3	2.341247E+0	62.256460E-3	59.652929E-3
56.500000E+0	3.000000E+0	-158.771875E-3	2.382982E+0	63.257222E-3	60.449843E-3
56.600000E+0	3.000000E+0	-154.593589E-3	2.434003E+0	64.734822E-3	61.559086E-3
56.700000E+0	3.000000E+0	-152.376296E-3	2.473366E+0	65.546637E-3	62.739258E-3
56.800000E+0	3.000000E+0	-148.710611E-3	2.532303E+0	66.689258E-3	63.534980E-3
56.900000E+0	3.000000E+0	-146.871807E-3	2.580512E+0	67.951089E-3	65.010195E-3
57.000000E+0	3.000000E+0	-143.060090E-3	2.634823E+0	69.271332E-3	66.051488E-3
57.100000E+0	3.000000E+0	-139.620902E-3	2.682710E+0	70.174342E-3	67.216759E-3
57.200000E+0	3.000000E+0	-135.496261E-3	2.722824E+0	71.073180E-3	68.491703E-3
57.300000E+0	3.000000E+0	-132.229926E-3	2.769351E+0	72.747475E-3	69.291597E-3
57.400000E+0	3.000000E+0	-130.099060E-3	2.817237E+0	73.719627E-3	70.503956E-3
57.500000E+0	3.000000E+0	-126.957895E-3	2.875996E+0	75.121528E-3	72.004801E-3
57.600000E+0	3.000000E+0	-124.222042E-3	2.908731E+0	76.080567E-3	73.023444E-3
57.700000E+0	3.000000E+0	-122.675301E-3	2.958012E+0	76.925165E-3	73.624259E-3
57.800000E+0	3.000000E+0	-118.675830E-3	2.996433E+0	78.028447E-3	74.799067E-3
57.900000E+0	3.000000E+0	-113.144519E-3	3.047633E+0	79.670555E-3	76.164609E-3
58.000000E+0	3.000000E+0	-112.527610E-3	3.106463E+0	80.687410E-3	77.050334E-3
58.100000E+0	3.000000E+0	-109.872223E-3	3.157711E+0	81.663734E-3	78.245408E-3
58.200000E+0	3.000000E+0	-106.266142E-3	3.197801E+0	82.955963E-3	79.408890E-3
58.300000E+0	3.000000E+0	-103.142859E-3	3.247082E+0	83.624131E-3	80.558664E-3
58.400000E+0	3.000000E+0	-100.925566E-3	3.283715E+0	85.367567E-3	81.775791E-3
58.500000E+0	3.000000E+0	-96.920134E-3	3.328872E+0	86.491711E-3	82.845098E-3
58.600000E+0	3.000000E+0	-94.416739E-3	3.382111E+0	87.338097E-3	83.544857E-3
58.700000E+0	3.000000E+0	-92.715026E-3	3.424346E+0	88.680990E-3	84.758408E-3
58.800000E+0	3.000000E+0	-89.749695E-3	3.469121E+0	89.616783E-3	85.751421E-3
58.900000E+0	3.000000E+0	-85.076691E-3	3.529227E+0	90.915568E-3	87.501414E-3
59.000000E+0	3.000000E+0	-81.470610E-3	3.575408E+0	92.284091E-3	88.394887E-3
59.100000E+0	3.000000E+0	-79.050661E-3	3.622043E+0	92.751987E-3	89.441545E-3
59.200000E+0	3.000000E+0	-76.806546E-3	3.671122E+0	94.033487E-3	90.397604E-3
59.300000E+0	3.000000E+0	-73.418022E-3	3.713799E+0	95.948585E-3	91.559894E-3
59.400000E+0	3.000000E+0	-70.160628E-3	3.753793E+0	96.323498E-3	92.300184E-3
59.500000E+0	3.000000E+0	-64.456464E-3	3.797114E+0	98.024019E-3	93.802221E-3
59.600000E+0	3.000000E+0	-63.678623E-3	3.841949E+0	98.878749E-3	94.755896E-3
59.700000E+0	3.000000E+0	-60.033799E-3	3.890646E+0	100.606688E-3	96.058257E-3
59.800000E+0	3.000000E+0	-59.226156E-3	3.951371E+0	101.085909E-3	96.650727E-3
59.900000E+0	3.000000E+0	-55.703522E-3	3.987718E+0	102.369793E-3	98.471649E-3
60.000000E+0	3.000000E+0	-53.352118E-3	4.046738E+0	103.052267E-3	99.267371E-3
60.100000E+0	3.000000E+0	-49.936772E-3	4.086280E+0	104.449400E-3	100.253232E-3
60.200000E+0	3.000000E+0	-46.542288E-3	4.133546E+0	105.842360E-3	101.338037E-3
60.300000E+0	3.000000E+0	-44.003130E-3	4.180241E+0	106.940874E-3	102.341183E-3
60.400000E+0	3.000000E+0	-41.186810E-3	4.226565E+0	108.054885E-3	103.925475E-3
60.500000E+0	3.000000E+0	-36.746264E-3	4.259288E+0	108.482846E-3	104.288467E-3
60.600000E+0	3.000000E+0	-34.475327E-3	4.303598E+0	110.537419E-3	105.950245E-3
60.700000E+0	3.000000E+0	-33.542514E-3	4.357243E+0	111.182341E-3	106.790074E-3
60.800000E+0	3.000000E+0	-29.003621E-3	4.408491E+0	112.587819E-3	108.021506E-3
60.900000E+0	3.000000E+0	-24.750829E-3	4.451728E+0	113.307247E-3	109.066376E-3
61.000000E+0	3.000000E+0	-21.421910E-3	4.500639E+0	114.712128E-3	110.248932E-3
61.100000E+0	3.000000E+0	-21.386147E-3	4.551733E+0	115.981707E-3	111.147174E-3
61.200000E+0	3.000000E+0	-16.170740E-3	4.598188E+0	117.104659E-3	112.602124E-3
61.300000E+0	3.000000E+0	-12.233854E-3	4.650962E+0	118.058929E-3	113.567123E-3
61.400000E+0	3.000000E+0	-12.123585E-3	4.693770E+0	119.198570E-3	114.752659E-3
61.500000E+0	3.000000E+0	-7.098913E-3	4.730761E+0	120.111713E-3	115.726003E-3
61.600000E+0	3.000000E+0	-5.403161E-3	4.783118E+0	121.359835E-3	116.788158E-3
61.700000E+0	3.000000E+0	-2.872944E-3	4.822946E+0	122.561465E-3	117.695937E-3
61.800000E+0	3.000000E+0	888.109220E-6	4.872656E+0	124.055753E-3	119.020352E-3
61.900000E+0	3.000000E+0	3.308058E-3	4.931402E+0	124.856244E-3	119.828591E-3
62.000000E+0	3.000000E+0	5.936623E-3	4.980779E+0	125.672231E-3	120.782862E-3
62.100000E+0	3.000000E+0	10.907650E-3	5.037463E+0	127.188574E-3	122.523318E-3
62.200000E+0	3.000000E+0	14.066696E-3	5.061328E+0	128.173838E-3	123.348246E-3
62.300000E+0	3.000000E+0	17.118454E-3	5.115616E+0	129.595409E-3	124.982605E-3
62.400000E+0	3.000000E+0	21.493435E-3	5.168211E+0	130.745779E-3	125.619183E-3
62.500000E+0	3.000000E+0	24.110079E-3	5.210948E+0	132.148872E-3	126.880417E-3
62.600000E+0	3.000000E+0	26.065112E-3	5.245566E+0	132.908832E-3	127.847205E-3
62.700000E+0	3.000000E+0	29.546023E-3	5.296504E+0	134.106885E-3	128.983866E-3
62.800000E+0	3.000000E+0	30.130148E-3	5.350780E+0	135.121952E-3	129.889260E-3
62.900000E+0	3.000000E+0	34.582615E-3	5.393231E+0	136.457097E-3	131.398450E-3
63.000000E+0	3.000000E+0	35.011769E-3	5.453861E+0	137.214672E-3	131.911646E-3
63.100000E+0	3.000000E+0	39.869547E-3	5.490994E+0	138.890754E-3	133.427988E-3
63.200000E+0	3.000000E+0	43.028594E-3	5.532598E+0	139.981519E-3	134.847771E-3
63.300000E+0	3.000000E+0	47.689677E-3	5.584681E+0	141.000759E-3	135.508787E-3
63.400000E+0	3.000000E+0	49.638749E-3	5.627310E+0	141.778004E-3	137.095462E-3
63.500000E+0	3.000000E+0	52.505732E-3	5.668092E+0	143.159043E-3	137.725483E-3
63.600000E+0	3.000000E+0	55.408479E-3	5.715263E+0	144.381535E-3	138.909828E-3
63.700000E+0	3.000000E+0	58.293343E-3	5.762136E+0	145.580780E-3	140.060794E-3
63.800000E+0	3.000000E+0	60.576201E-3	5.805719E+0	146.833074E-3	141.192686E-3
63.900000E+0	3.000000E+0	63.163043E-3	5.846143E+0	147.640717E-3	142.145764E-3
64.000000E+0	3.000000E+0	67.514182E-3	5.907989E+0	148.639691E-3	143.413555E-3
64.100000E+0	3.000000E+0	70.774556E-3	5.954123E+0	149.698269E-3	144.603264E-3
64.200000E+0	3.000000E+0	73.015691E-3	5.990183E+0	151.364219E-3	145.492565E-3
64.300000E+0	3.000000E+0	75.614453E-3	6.040382E+0	152.242792E-3	146.777046E-3
64.400000E+0	3.000000E+0	77.581407E-3	6.078446E+0	153.228057E-3	147.564423E-3
64.500000E+0	3.000000E+0	82.689525E-3	6.127453E+0	154.623402E-3	148.783338E-3
64.600000E+0	3.000000E+0	83.720685E-3	6.172919E+0	155.196202E-3	149.838936E-3
64.700000E+0	3.000000E+0	88.113548E-3	6.211329E+0	157.157791E-3	151.022089E-3
64.800000E+0	3.000000E+0	92.500450E-3	6.262505E+0	158.265246E-3	152.338755E-3
64.900000E+0	3.000000E+0	94.866754E-3	6.326115E+0	159.314884E-3	153.279913E-3
65.000000E+0	3.000000E+0	97.364189E-3	6.365383E+0	160.109414E-3	154.196036E-3
65.100000E+0	3.000000E+0	99.951030E-3	6.417120E+0	161.361707E-3	155.426872E-3
65.200000E+0	3.000000E+0	102.072956E-3	6.455076E+0	162.138952E-3	156.679166E-3
65.300000E+0	3.000000E+0	103.932621E-3	6.515646E+0	163.229717E-3	157.583369E-3
65.400000E+0	3.000000E+0	111.711027E-3	6.552386E+0	164.827718E-3	158.904804E-3
65.500000E+0	3.000000E+0	113.016369E-3	6.594276E+0	166.077627E-3	159.940136E-3
65.600000E+0	3.000000E+0	113.183262E-3	6.636238E+0	166.506781E-3	161.133421E-3
65.700000E+0	3.000000E+0	118.559601E-3	6.687856E+0	167.899145E-3	161.936296E-3
65.800000E+0	3.000000E+0	121.194126E-3	6.743491E+0	169.677748E-3	163.451446E-3
65.900000E+0	3.000000E+0	124.055149E-3	6.782436E+0	170.593871E-3	164.490355E-3
66.000000E+0	3.000000E+0	125.992300E-3	6.841660E+0	171.393766E-3	165.442242E-3
66.100000E+0	3.000000E+0	129.652025E-3	6.884086E+0	172.383203E-3	166.356577E-3
66.200000E+0	3.000000E+0	134.503843E-3	6.918049E+0	173.956170E-3	167.578472E-3
66.300000E+0	3.000000E+0	135.970118E-3	6.978250E+0	174.905076E-3	168.885602E-3
66.400000E+0	3.000000E+0	140.130522E-3	7.024848E+0	176.159158E-3	169.770135E-3
66.500000E+0	3.000000E+0	141.525271E-3	7.066464E+0	177.598610E-3	171.222104E-3
66.600000E+0	3.000000E+0	144.374373E-3	7.111228E+0	178.427114E-3	171.897425E-3
66.700000E+0	3.000000E+0	148.564579E-3	7.150376E+0	179.631128E-3	173.266544E-3
66.800000E+0	3.000000E+0	151.902439E-3	7.202566E+0	180.745139E-3	174.301281E-3
66.900000E+0	3.000000E+0	154.232981E-3	7.257426E+0	181.490793E-3	175.126209E-3
67.000000E+0	3.000000E+0	156.033041E-3	7.299101E+0	182.721629E-3	176.323070E-3
67.100000E+0	3.000000E+0	159.126522E-3	7.345605E+0	183.801666E-3	177.542581E-3
67.200000E+0	3.000000E+0	164.437296E-3	7.387745E+0	185.614243E-3	178.987994E-3
67.300000E+0	3.000000E+0	165.665152E-3	7.437229E+0	186.011210E-3	179.327145E-3
67.400000E+0	3.000000E+0	169.217589E-3	7.472956E+0	187.240258E-3	180.845871E-3
67.500000E+0	3.000000E+0	172.692540E-3	7.519639E+0	188.571230E-3	182.049885E-3
67.600000E+0	3.000000E+0	175.237658E-3	7.565606E+0	189.706102E-3	183.255687E-3
67.700000E+0	3.000000E+0	178.283455E-3	7.596850E+0	191.089526E-3	184.037104E-3
67.800000E+0	3.000000E+0	183.075669E-3	7.651627E+0	192.164198E-3	185.295954E-3
67.900000E+0	3.000000E+0	185.149911E-3	7.705045E+0	193.366424E-3	186.238304E-3
68.000000E+0	3.000000E+0	188.797715E-3	7.752573E+0	194.121615E-3	187.583581E-3
68.100000E+0	3.000000E+0	192.183259E-3	7.796133E+0	194.995419E-3	188.338176E-3
68.200000E+0	3.000000E+0	191.515687E-3	7.853043E+0	196.340100E-3	189.161316E-3
68.300000E+0	3.000000E+0	196.391347E-3	7.886171E+0	197.246090E-3	190.621630E-3
68.400000E+0	3.000000E+0	200.200084E-3	7.925630E+0	198.419110E-3	191.604510E-3
68.500000E+0	3.000000E+0	201.612714E-3	7.972980E+0	199.703590E-3	192.661897E-3
68.600000E+0	3.000000E+0	204.122069E-3	8.029997E+0	200.591699E-3	193.834916E-3
68.700000E+0	3.000000E+0	209.176543E-3	8.073401E+0	202.314274E-3	195.254103E-3
68.800000E+0	3.000000E+0	211.292508E-3	8.114803E+0	203.040258E-3	196.282283E-3
68.900000E+0	3.000000E+0	213.199857E-3	8.162081E+0	204.099433E-3	197.076813E-3
69.000000E+0	3.000000E+0	216.025117E-3	8.212566E+0	205.231921E-3	198.418514E-3
69.100000E+0	3.000000E+0	219.619277E-3	8.265150E+0	206.495540E-3	199.657099E-3
69.200000E+0	3.000000E+0	224.155191E-3	8.308780E+0	207.272785E-3	200.239436E-3
69.300000E+0	3.000000E+0	224.798921E-3	8.358884E+0	208.465474E-3	201.925651E-3
69.400000E+0	3.000000E+0	229.781869E-3	8.397758E+0	210.083144E-3	202.997343E-3
69.500000E+0	3.000000E+0	233.513120E-3	8.444309E+0	211.079138E-3	203.998105E-3
69.600000E+0	3.000000E+0	237.154964E-3	8.474135E+0	212.430971E-3	205.047743E-3
69.700000E+0	3.000000E+0	238.901380E-3	8.538246E+0	213.499086E-3	206.280367E-3
69.800000E+0	3.000000E+0	240.647796E-3	8.575511E+0	214.649456E-3	207.419412E-3
69.900000E+0	3.000000E+0	242.269043E-3	8.628106E+0	215.450543E-3	208.535807E-3
70.000000E+0	3.000000E+0	245.898965E-3	8.666456E+0	216.951984E-3	209.428089E-3
70.100000E+0	3.000000E+0	248.265270E-3	8.720243E+0	217.750090E-3	210.478919E-3
70.200000E+0	3.000000E+0	254.029039E-3	8.772004E+0	218.877810E-3	211.767571E-3
70.300000E+0	3.000000E+0	256.729130E-3	8.816385E+0	220.091361E-3	212.619322E-3
70.400000E+0	3.000000E+0	258.988146E-3	8.847296E+0	221.076029E-3	213.654654E-3
70.500000E+0	3.000000E+0	262.624029E-3	8.905029E+0	222.759861E-3	214.996951E-3
70.600000E+0	3.000000E+0	264.161829E-3	8.938026E+0	223.572272E-3	215.967911E-3
70.700000E+0	3.000000E+0	266.975168E-3	8.982766E+0	224.439520E-3	217.177885E-3
70.800000E+0	3.000000E+0	271.338228E-3	9.030259E+0	225.613731E-3	218.271631E-3
70.900000E+0	3.000000E+0	274.407867E-3	9.082139E+0	226.758141E-3	219.460743E-3
71.000000E+0	3.000000E+0	276.678804E-3	9.130239E+0	228.151101E-3	220.341700E-3
71.100000E+0	3.000000E+0	278.413300E-3	9.174418E+0	228.755492E-3	221.284050E-3
71.200000E+0	3.000000E+0	280.570988E-3	9.228241E+0	230.050701E-3	222.715753E-3
71.300000E+0	3.000000E+0	284.653906E-3	9.272230E+0	231.332201E-3	223.789829E-3
71.400000E+0	3.000000E+0	289.189820E-3	9.306967E+0	232.319850E-3	224.784631E-3
71.500000E+0	3.000000E+0	293.743614E-3	9.359050E+0	233.800430E-3	225.988645E-3
71.600000E+0	3.000000E+0	295.752291E-3	9.395039E+0	234.918017E-3	227.136034E-3
71.700000E+0	3.000000E+0	298.613314E-3	9.443057E+0	235.762019E-3	228.234548E-3
71.800000E+0	3.000000E+0	299.376254E-3	9.486532E+0	237.029810E-3	229.143519E-3
71.900000E+0	3.000000E+0	305.753951E-3	9.536839E+0	237.902422E-3	230.091829E-3
72.000000E+0	3.000000E+0	305.485730E-3	9.585047E+0	239.630957E-3	231.479425E-3
72.100000E+0	3.000000E+0	311.219697E-3	9.633470E+0	240.507145E-3	232.578535E-3
72.200000E+0	3.000000E+0	315.052275E-3	9.677458E+0	241.500755E-3	233.657975E-3
72.300000E+0	3.000000E+0	314.313178E-3	9.718716E+0	242.499729E-3	234.649796E-3
72.400000E+0	3.000000E+0	317.734484E-3	9.763300E+0	243.565460E-3	235.601086E-3
72.500000E+0	3.000000E+0	322.997575E-3	9.807897E+0	244.792719E-3	236.824174E-3
72.600000E+0	3.000000E+0	325.679784E-3	9.858370E+0	246.459265E-3	238.157530E-3
72.700000E+0	3.000000E+0	329.279904E-3	9.901643E+0	247.318764E-3	239.553471E-3
72.800000E+0	3.000000E+0	332.462792E-3	9.951115E+0	248.149057E-3	240.030904E-3
72.900000E+0	3.000000E+0	334.531073E-3	9.997892E+0	249.046703E-3	241.100807E-3
73.000000E+0	3.000000E+0	335.818534E-3	10.050642E+0	250.453969E-3	242.373963E-3
73.100000E+0	3.000000E+0	340.968375E-3	10.101676E+0	251.469036E-3	243.818183E-3
73.200000E+0	3.000000E+0	343.966489E-3	10.139561E+0	253.335854E-3	245.014449E-3
73.300000E+0	3.000000E+0	344.276433E-3	10.182405E+0	253.655335E-3	245.732685E-3
73.400000E+0	3.000000E+0	349.527602E-3	10.230505E+0	255.088827E-3	246.973057E-3
73.500000E+0	3.000000E+0	349.467998E-3	10.272801E+0	256.189724E-3	248.072763E-3
73.600000E+0	3.000000E+0	353.384023E-3	10.321188E+0	257.461092E-3	248.891731E-3
73.700000E+0	3.000000E+0	357.037788E-3	10.360396E+0	258.343240E-3	250.059386E-3
73.800000E+0	3.000000E+0	361.579662E-3	10.410321E+0	259.528181E-3	251.472016E-3
73.900000E+0	3.000000E+0	366.973882E-3	10.457563E+0	260.968825E-3	252.681395E-3
74.000000E+0	3.000000E+0	367.957359E-3	10.500968E+0	262.195489E-3	253.504535E-3
74.100000E+0	3.000000E+0	371.605163E-3	10.546482E+0	262.569806E-3	254.642388E-3
74.200000E+0	3.000000E+0	373.774772E-3	10.583532E+0	263.962767E-3	255.566260E-3
74.300000E+0	3.000000E+0	373.929744E-3	10.644186E+0	264.970681E-3	256.691000E-3
74.400000E+0	3.000000E+0	379.294162E-3	10.679531E+0	266.119263E-3	257.787725E-3
74.500000E+0	3.000000E+0	380.414730E-3	10.722697E+0	267.373941E-3	258.784911E-3
74.600000E+0	3.000000E+0	385.034090E-3	10.771775E+0	268.582127E-3	260.139129E-3
74.700000E+0	3.000000E+0	389.111047E-3	10.805964E+0	269.626997E-3	261.154196E-3
74.800000E+0	3.000000E+0	390.112406E-3	10.868418E+0	270.751736E-3	262.214562E-3
74.900000E+0	3.000000E+0	391.435629E-3	10.911953E+0	271.832965E-3	263.313076E-3
75.000000E+0	3.000000E+0	399.690872E-3	10.960293E+0	273.023866E-3	264.443180E-3
75.100000E+0	3.000000E+0	398.743158E-3	11.000633E+0	273.864887E-3	265.401623E-3
75.200000E+0	3.000000E+0	403.362518E-3	11.044598E+0	275.272749E-3	266.430995E-3
75.300000E+0	3.000000E+0	403.535372E-3	11.092424E+0	276.563190E-3	267.713687E-3
75.400000E+0	3.000000E+0	410.026318E-3	11.135495E+0	277.544878E-3	268.843195E-3
75.500000E+0	3.000000E+0	411.075359E-3	11.183584E+0	278.640412E-3	269.801042E-3
75.600000E+0	3.000000E+0	415.992743E-3	11.231136E+0	279.974364E-3	270.931742E-3
75.700000E+0	3.000000E+0	419.074303E-3	11.270463E+0	280.814789E-3	272.049330E-3
75.800000E+0	3.000000E+0	421.458489E-3	11.314809E+0	282.420539E-3	273.564480E-3
75.900000E+0	3.000000E+0	424.546009E-3	11.372650E+0	283.243083E-3	274.288676E-3
76.000000E+0	3.000000E+0	427.615649E-3	11.410964E+0	284.509086E-3	275.402091E-3
76.100000E+0	3.000000E+0	430.107123E-3	11.467159E+0	285.176062E-3	276.462458E-3
76.200000E+0	4.000000E+0	431.054837E-3	11.487401E+0	286.166691E-3	277.061485E-3
76.300000E+0	4.000000E+0	433.278090E-3	11.498046E+0	286.442064E-3	277.444146E-3
76.400000E+0	4.000000E+0	430.727011E-3	11.475873E+0	285.543226E-3	277.073405E-3
76.500000E+0	4.000000E+0	416.964298E-3	11.242223E+0	280.816577E-3	271.997474E-3
76.600000E+0	4.000000E+0	404.030090E-3	11.005259E+0	275.488518E-3	266.318343E-3
76.700000E+0	4.000000E+0	388.330227E-3	10.777330E+0	269.221089E-3	260.866901E-3
76.800000E+0	4.000000E+0	377.053028E-3	10.548425E+0	263.897202E-3	255.423805E-3
76.900000E+0	4.000000E+0	360.780959E-3	10.315537E+0	258.157274E-3	249.760767E-3
77.000000E+0	4.000000E+0	343.990331E-3	10.083926E+0	252.577683E-3	244.243165E-3
77.100000E+0	4.000000E+0	329.554086E-3	9.852207E+0	247.461816E-3	238.981266E-3
77.200000E+0	4.000000E+0	315.767531E-3	9.625888E+0	241.885205E-3	233.600754E-3
77.300000E+0	4.000000E+0	300.925974E-3	9.382236E+0	235.991497E-3	227.943677E-3
77.400000E+0	4.000000E+0	285.667185E-3	9.152102E+0	230.240840E-3	222.811121E-3
77.500000E+0	4.000000E+0	271.201138E-3	8.926094E+0	224.872249E-3	217.177885E-3
77.600000E+0	4.000000E+0	257.670883E-3	8.681595E+0	219.497102E-3	211.390274E-3
77.700000E+0	4.000000E+0	241.470340E-3	8.460379E+0	213.602202E-3	205.998437E-3
77.800000E+0	4.000000E+0	227.767232E-3	8.224785E+0	208.337920E-3	201.101319E-3
77.900000E+0	4.000000E+0	213.825706E-3	7.994783E+0	202.676670E-3	195.124165E-3
78.000000E+0	4.000000E+0	199.311974E-3	7.771778E+0	197.382585E-3	189.753786E-3
78.100000E+0	4.000000E+0	185.739997E-3	7.541609E+0	191.779152E-3	184.483543E-3
78.200000E+0	4.000000E+0	169.134142E-3	7.301998E+0	185.948029E-3	178.914084E-3
78.300000E+0	4.000000E+0	153.350832E-3	7.086504E+0	180.498972E-3	173.619403E-3
78.400000E+0	4.000000E+0	136.643650E-3	6.842339E+0	174.390688E-3	167.928948E-3
78.500000E+0	4.000000E+0	123.608114E-3	6.611073E+0	169.418468E-3	162.714137E-3
78.600000E+0	4.000000E+0	109.380485E-3	6.382763E+0	163.646353E-3	157.217396E-3
78.700000E+0	4.000000E+0	93.847515E-3	6.147301E+0	157.839072E-3	151.859534E-3
78.800000E+0	4.000000E+0	80.585481E-3	5.924106E+0	152.497900E-3	146.350276E-3
78.900000E+0	4.000000E+0	64.462424E-3	5.695987E+0	146.843803E-3	140.736710E-3
79.000000E+0	4.000000E+0	50.508977E-3	5.472672E+0	141.652834E-3	135.462891E-3
79.100000E+0	4.000000E+0	35.488606E-3	5.239916E+0	135.880720E-3	129.984032E-3
79.200000E+0	4.000000E+0	18.900633E-3	5.018377E+0	130.015622E-3	124.357949E-3
79.300000E+0	4.000000E+0	6.330013E-3	4.783022E+0	124.950419E-3	119.130025E-3
79.400000E+0	4.000000E+0	-7.888675E-3	4.549479E+0	118.610272E-3	113.624343E-3
79.500000E+0	4.000000E+0	-23.603440E-3	4.318893E+0	113.556990E-3	108.163961E-3
79.600000E+0	4.000000E+0	-36.627055E-3	4.082513E+0	107.978591E-3	102.822193E-3
79.700000E+0	4.000000E+0	-51.784516E-3	3.858101E+0	101.984747E-3	97.089418E-3
79.800000E+0	4.000000E+0	-67.430736E-3	3.624165E+0	96.797355E-3	91.870434E-3
79.900000E+0	4.000000E+0	-83.985926E-3	3.402233E+0	91.363199E-3	86.790330E-3
80.000000E+0	4.000000E+0	-97.757579E-3	3.176880E+0	85.675127E-3	81.183917E-3
80.100000E+0	4.000000E+0	-113.156439E-3	2.941954E+0	79.582340E-3	75.681812E-3
80.200000E+0	4.000000E+0	-128.722193E-3	2.714336E+0	73.668367E-3	70.171958E-3
80.300000E+0	4.000000E+0	-141.683223E-3	2.477193E+0	68.655616E-3	64.885025E-3
80.400000E+0	4.000000E+0	-156.724455E-3	2.248907E+0	62.884097E-3	59.421663E-3
80.500000E+0	4.000000E+0	-172.045829E-3	2.019131E+0	57.364707E-3	54.203872E-3
80.600000E+0	4.000000E+0	-188.574198E-3	1.787698E+0	51.717166E-3	48.310165E-3
80.700000E+0	4.000000E+0	-203.946236E-3	1.546621E+0	45.769814E-3	43.160919E-3
80.800000E+0	4.000000E+0	-217.849019E-3	1.324856E+0	40.019158E-3	37.546161E-3
80.900000E+0	4.000000E+0	-229.042772E-3	1.101565E+0	34.722689E-3	32.387974E-3
81.000000E+0	4.000000E+0	-245.621804E-3	874.829292E-3	28.716924E-3	26.960971E-3
81.100000E+0	4.000000E+0	-262.388591E-3	647.950172E-3	23.239257E-3	21.250846E-3
81.200000E+0	4.000000E+0	-276.976828E-3	412.392616E-3	17.710330E-3	16.097428E-3
81.300000E+0	4.000000E+0	-292.047862E-3	183.320045E-3	11.825562E-3	10.626913E-3
81.400000E+0	4.000000E+0	-307.470564E-3	-35.935640E-3	6.122590E-3	5.671978E-3
81.500000E+0	4.000000E+0	-305.229430E-3	-41.311979E-3	6.035567E-3	5.522371E-3
81.600000E+0	4.000000E+0	-306.755309E-3	-46.032667E-3	5.888343E-3	5.496145E-3
81.700000E+0	4.000000E+0	-307.828192E-3	-37.068129E-3	6.062389E-3	5.754233E-3
81.800000E+0	4.000000E+0	-306.048994E-3	-31.334162E-3	6.211997E-3	5.825162E-3
81.900000E+0	4.000000E+0	-306.189064E-3	-26.267767E-3	6.473661E-3	5.599261E-3
82.000000E+0	4.000000E+0	-305.169825E-3	-16.146898E-3	5.925894E-3	5.885959E-3
82.100000E+0	4.000000E+0	-306.266551E-3	-16.897917E-3	6.263853E-3	5.677939E-3
82.200000E+0	4.000000E+0	-309.407715E-3	-10.591745E-3	6.104112E-3	5.975962E-3
82.300000E+0	4.000000E+0	-305.032734E-3	-11.086464E-3	6.175638E-3	5.654097E-3
82.400000E+0	4.000000E+0	-304.690008E-3	-4.678965E-3	6.456972E-3	5.958677E-3
82.500000E+0	4.000000E+0	-306.013231E-3	-11.706352E-3	6.173850E-3	5.961061E-3
82.600000E+0	4.000000E+0	-305.876140E-3	-16.415119E-3	6.417633E-3	6.198884E-3
82.700000E+0	4.000000E+0	-304.645304E-3	-12.069941E-3	6.652475E-3	5.799532E-3
82.800000E+0	4.000000E+0	-305.777792E-3	-13.017654E-3	6.415844E-3	5.914569E-3
82.900000E+0	4.000000E+0	-305.828456E-3	-1.460314E-3	6.296039E-3	5.931855E-3
83.000000E+0	4.000000E+0	-306.466226E-3	-1.949072E-3	6.312132E-3	5.520583E-3
83.100000E+0	4.000000E+0	-306.141381E-3	-1.901388E-3	6.099344E-3	5.993248E-3
83.200000E+0	4.000000E+0	-305.905942E-3	3.778934E-3	6.182194E-3	5.879403E-3
83.300000E+0	4.000000E+0	-307.279830E-3	-935.792923E-6	6.295443E-3	5.714894E-3
83.400000E+0	4.000000E+0	-306.725506E-3	-3.314018E-3	6.338954E-3	6.042719E-3
83.500000E+0	4.000000E+0	-306.421523E-3	-4.899502E-3	6.050468E-3	6.017685E-3
83.600000E+0	4.000000E+0	-307.145719E-3	71.525574E-6	5.890131E-3	5.447865E-3
83.700000E+0	4.000000E+0	-307.548050E-3	-7.647276E-3	6.253720E-3	5.815626E-3
83.800000E+0	4.000000E+0	-308.483843E-3	512.599945E-6	6.352068E-3	5.587340E-3
83.900000E+0	4.000000E+0	-307.938461E-3	5.900860E-3	6.022454E-3	5.853177E-3
84.000000E+0	4.000000E+0	-305.175786E-3	-4.112720E-3	6.139279E-3	5.806089E-3
84.100000E+0	4.000000E+0	-307.789449E-3	858.306885E-6	6.227494E-3	5.642772E-3
84.200000E+0	4.000000E+0	-307.270889E-3	3.564358E-3	5.986691E-3	5.670190E-3
84.300000E+0	4.000000E+0	-307.658319E-3	-1.430511E-3	6.011129E-3	5.932451E-3
84.400000E+0	4.000000E+0	-306.594376E-3	-649.690628E-6	6.068349E-3	5.783439E-3
84.500000E+0	4.000000E+0	-306.308274E-3	-7.468462E-3	5.940795E-3	5.959273E-3
84.600000E+0	4.000000E+0	-307.884817E-3	-8.881092E-3	5.960465E-3	5.772710E-3
84.700000E+0	4.000000E+0	-306.952004E-3	-12.487173E-3	6.385446E-3	6.036163E-3
84.800000E+0	4.000000E+0	-308.609013E-3	-4.070997E-3	5.767942E-3	5.648137E-3
84.900000E+0	4.000000E+0	-307.515268E-3	393.390656E-6	6.331802E-3	5.630255E-3
85.000000E+0	4.000000E+0	-308.442120E-3	2.002716E-3	6.209016E-3	5.613566E-3
85.100000E+0	4.000000E+0	-308.451061E-3	7.426739E-3	5.922318E-3	5.399585E-3
85.200000E+0	4.000000E+0	-308.215622E-3	7.569790E-3	5.435348E-3	5.549789E-3
85.300000E+0	4.000000E+0	-305.679445E-3	-876.188278E-6	6.306768E-3	5.473495E-3
85.400000E+0	4.000000E+0	-306.773190E-3	-3.373623E-3	5.850792E-3	5.691648E-3
85.500000E+0	4.000000E+0	-305.646662E-3	-2.408028E-3	6.139279E-3	5.678535E-3
85.600000E+0	4.000000E+0	-309.199099E-3	-3.248453E-3	5.874038E-3	5.593896E-3
85.700000E+0	4.000000E+0	-308.617954E-3	-953.674316E-6	5.856753E-3	5.461574E-3
85.800000E+0	4.000000E+0	-307.434802E-3	1.406670E-3	5.851388E-3	5.463362E-3
85.900000E+0	4.000000E+0	-307.896738E-3	3.170967E-3	5.879403E-3	5.144477E-3
