Program version:	Fatigue ver. 4.0
Date and time:	17-08-2015 12:55:18
Operator:	vanj
Project ID:	44584
Sample ID:	EQA03-06
Comments:	
	
Mode of operation:	Ten-ten
Low load setpoint [kN]:	0.000000
Sample width [mm]:	25.380000
Sample thickness [mm]:	4.440000
Strain sensor:	Extensometer
Number of strain sensors:	2
Channel configuration:	0 6 1,1,0,0,0,0 1,4,1,2,3,4
Digital I/O:	0,1,None
	
Machine SN:	88R8501
Load cell SN:	UK 1029
Load cell [kN]:	100.000000
Extensometer 1 SN:	1862
Gauge length 1 [mm]:	50.000000
Full scale 1 [%]:	5.000000
Extensometer 2 SN:	1877
Gauge length 2 [mm]:	50.000000
Full scale 2 [%]:	5.000000
	
Modulus [GPa]:	35.795116
	
E-max [%]:	0.700000
R:	0.100000
Waveform frequency [Hz]:	5.000000
Samples pr cycle:	125
	
Max change stiffness [%]:	0.500000
Max cycles between log:	1000
Number of initial cycles:	20
Run out cycle:	2000000
	
	
Timestamp [yyyymmddHHMMSS.frac]	Time [s]	Cycle	Position max [mm]	Position min [mm]	Stress max [MPa]	Stress min [MPa]	Strain1 max [%]	Strain1 min [%]	Strain2 max [%]	Strain2 min [%]	StiffnessAvg [GPa]	Stiffness1 [GPa]	Stiffness2 [GPa]	StiffnessPosition [MPa/mm]	DampingAvg	Damping1	Damping2	DampingPosition
20150817130005.539100	0.000000	1.000000	-0.341845	-1.227069	169.373750	53.845241	0.481779	0.161744	0.476706	0.160432	36.286205	36.073333	36.501470	130.650642	0.040902	0.040227	0.041585	0.077987
20150817130005.730500	0.200000	2.000000	0.297415	-1.406920	245.457592	28.659603	0.698975	0.090994	0.692607	0.091009	35.870000	35.679523	36.062469	127.544784	0.069061	0.067164	0.070978	0.178568
20150817130005.941400	0.400000	3.000000	0.307792	-1.400757	245.968230	28.922909	0.701878	0.092292	0.694752	0.091926	35.812895	35.620798	36.006985	127.184316	0.070275	0.067077	0.073508	0.149220
20150817130006.128900	0.600000	4.000000	0.316846	-1.398933	246.783960	28.610940	0.704296	0.092105	0.697581	0.091385	35.794878	35.604601	35.987124	127.122114	0.068770	0.065632	0.071939	0.142732
20150817130006.328100	0.800000	5.000000	0.319833	-1.395574	247.033407	28.824314	0.705549	0.092995	0.698200	0.091932	35.775561	35.593065	35.959900	127.129366	0.068240	0.065855	0.070649	0.138018
20150817130006.539100	1.000000	6.000000	0.325674	-1.395056	247.515799	28.615383	0.707636	0.092400	0.700035	0.091810	35.773484	35.574072	35.975096	127.120862	0.071568	0.069622	0.073536	0.138126
20150817130006.738300	1.200000	7.000000	0.328445	-1.393104	247.752024	28.709535	0.707855	0.092787	0.700588	0.092289	35.755368	35.561499	35.951263	127.120090	0.071077	0.066791	0.075411	0.136224
20150817130006.921900	1.400000	8.000000	0.332493	-1.393756	248.037439	28.463366	0.709607	0.092431	0.701963	0.091370	35.765093	35.570447	35.961822	127.116160	0.069917	0.067764	0.072094	0.134087
20150817130007.128900	1.600000	9.000000	0.333130	-1.392326	248.180676	28.413646	0.710240	0.092353	0.701993	0.091500	35.761260	35.556222	35.968625	127.129512	0.067593	0.064709	0.070512	0.133470
20150817130007.339800	1.800000	10.000000	0.337529	-1.394618	248.614194	28.109401	0.711567	0.092026	0.703380	0.091057	35.756658	35.556581	35.958903	127.130882	0.070225	0.067399	0.073085	0.133384
20150817130007.531200	2.000000	11.000000	0.340337	-1.392636	248.647517	28.297703	0.712074	0.092067	0.703863	0.090948	35.746786	35.541105	35.954787	127.135662	0.068377	0.064944	0.071849	0.132188
20150817130007.738300	2.200000	12.000000	0.343740	-1.395583	249.035970	27.513286	0.713179	0.090129	0.705079	0.089453	35.741969	35.535478	35.950806	127.124947	0.070571	0.068400	0.072767	0.131085
20150817130007.921900	2.400000	13.000000	0.344753	-1.394251	249.052579	27.857308	0.714011	0.091814	0.705283	0.089495	35.735580	35.536707	35.936653	127.139027	0.069932	0.068351	0.071530	0.132011
20150817130008.128900	2.600000	14.000000	0.349110	-1.394239	249.354814	27.652820	0.714357	0.091366	0.706180	0.089954	35.752143	35.555278	35.951148	127.123463	0.070042	0.067345	0.072770	0.131229
20150817130008.359400	2.800000	15.000000	0.351167	-1.394865	249.461025	27.730680	0.715364	0.091343	0.706260	0.089805	35.743785	35.536772	35.953177	127.099844	0.068893	0.066957	0.070853	0.130304
20150817130008.539100	3.000000	16.000000	0.351590	-1.394582	249.618437	27.428339	0.716030	0.090579	0.707431	0.089329	35.743092	35.532211	35.956415	127.107521	0.069381	0.067722	0.071059	0.131217
20150817130008.718700	3.200000	17.000000	0.351858	-1.394632	249.785053	27.503554	0.716305	0.091251	0.707263	0.089651	35.737424	35.529761	35.947479	127.122888	0.070558	0.067416	0.073738	0.131175
20150817130008.941400	3.400000	18.000000	0.353175	-1.396343	249.822079	27.276110	0.716873	0.090395	0.707586	0.089206	35.737064	35.524773	35.951835	127.139250	0.069184	0.066467	0.071937	0.129199
20150817130009.128900	3.600000	19.000000	0.357014	-1.393971	249.960026	27.341064	0.717309	0.091000	0.708085	0.089211	35.734189	35.522542	35.948304	127.142011	0.070372	0.067937	0.072837	0.128542
20150817130009.339800	3.800000	20.000000	0.356287	-1.395237	250.130344	27.295258	0.717843	0.090813	0.708644	0.088735	35.736842	35.526238	35.949906	127.147496	0.071716	0.068585	0.074884	0.129301
20150817130329.328100	203.800000	1020.000000	0.387901	-1.377910	250.489494	25.368122	0.732002	0.097441	0.721966	0.095240	35.691042	35.464897	35.920044	127.260818	0.068941	0.066879	0.071028	0.119334
20150817130649.339800	403.800000	2020.000000	0.409359	-1.364478	250.462941	25.360822	0.710934	0.074069	0.716257	0.086673	35.549788	35.338272	35.763804	126.786296	0.071387	0.068914	0.073889	0.120278
20150817131009.351600	603.800000	3020.000000	0.419235	-1.357007	250.502294	25.328980	0.716524	0.079349	0.719224	0.089691	35.525245	35.313634	35.739360	126.692990	0.070985	0.068502	0.073497	0.120014
20150817131329.339800	803.800000	4020.000000	0.412387	-1.355320	250.449400	25.646873	0.728834	0.094007	0.725676	0.098017	35.597252	35.378209	35.818981	126.912548	0.069058	0.066837	0.071304	0.116597
20150817131649.351600	1003.800000	5020.000000	0.428885	-1.347095	250.508747	25.473063	0.716235	0.078997	0.720734	0.090574	35.490627	35.282183	35.701498	126.582288	0.070538	0.068335	0.072766	0.117408
20150817132009.359400	1203.800000	6020.000000	0.428766	-1.344007	250.511604	25.414457	0.722447	0.086101	0.722913	0.093255	35.516590	35.315566	35.719847	126.624396	0.070221	0.067843	0.072625	0.116588
20150817132329.351600	1403.800000	7020.000000	0.432229	-1.341802	250.514248	25.587631	0.712523	0.075721	0.722662	0.093165	35.506950	35.305487	35.710678	126.608444	0.069215	0.066553	0.071909	0.116058
20150817132649.359400	1603.800000	8020.000000	0.438041	-1.338553	250.590416	25.588266	0.718813	0.081204	0.723009	0.092971	35.471043	35.266566	35.677851	126.462079	0.070332	0.067604	0.073094	0.115355
20150817133009.378900	1803.800000	9020.000000	0.430763	-1.342419	250.630298	25.392030	0.733907	0.096806	0.729368	0.100045	35.541610	35.331984	35.753694	126.714533	0.067709	0.065008	0.070443	0.113332
20150817133329.359400	2003.800000	10020.000000	0.442749	-1.337746	250.490446	25.075936	0.716769	0.077884	0.723513	0.091557	35.451345	35.250132	35.654827	126.409262	0.069266	0.067181	0.071374	0.113694
20150817133649.371100	2203.800000	11020.000000	0.445896	-1.337600	250.554765	24.784491	0.719299	0.079166	0.724477	0.091469	35.443192	35.243757	35.644843	126.360933	0.068742	0.066010	0.071504	0.113154
20150817134009.378900	2403.800000	12020.000000	0.437325	-1.339343	250.500284	25.082283	0.728761	0.091028	0.729932	0.099638	35.521705	35.318770	35.726931	126.624294	0.066888	0.064379	0.069427	0.111837
20150817134329.371100	2603.800000	13020.000000	0.449646	-1.332471	250.499226	25.130628	0.719191	0.080069	0.725203	0.092710	35.425595	35.237864	35.615289	126.294962	0.068527	0.065992	0.071088	0.112368
20150817134649.378900	2803.800000	14020.000000	0.446701	-1.331192	250.476059	25.338924	0.730311	0.092267	0.727819	0.096887	35.471948	35.272444	35.673680	126.422477	0.068586	0.066427	0.070770	0.110852
20150817135009.410200	3003.800000	15020.000000	0.452197	-1.326451	250.522182	25.587949	0.715757	0.077518	0.725244	0.094113	35.426958	35.244213	35.611556	126.277049	0.067607	0.065444	0.069794	0.110992
20150817135329.378900	3203.800000	16020.000000	0.454706	-1.324683	250.485157	25.441221	0.720264	0.081727	0.726684	0.094934	35.403029	35.214576	35.593460	126.197189	0.067029	0.064829	0.069252	0.111005
20150817135649.421900	3403.800000	17020.000000	0.446868	-1.331255	250.534242	25.282116	0.732887	0.095202	0.732700	0.101814	35.483746	35.289992	35.679600	126.441963	0.066030	0.064344	0.067735	0.109607
20150817140009.410200	3603.800000	18020.000000	0.456613	-1.325166	250.510123	25.064193	0.718828	0.079113	0.726380	0.093200	35.378681	35.192135	35.567173	126.098847	0.067406	0.065445	0.069388	0.110141
20150817140329.398400	3803.800000	19020.000000	0.459421	-1.324546	250.516364	25.124387	0.721366	0.080697	0.727704	0.094135	35.372373	35.185699	35.560993	126.103504	0.067049	0.064932	0.069189	0.110814
20150817140649.410200	4003.800000	20020.000000	0.454998	-1.324889	250.516152	25.267200	0.719028	0.079880	0.730239	0.097771	35.395941	35.213109	35.580641	126.179868	0.066277	0.065543	0.067019	0.109377
20150817141009.421900	4203.800000	21020.000000	0.461024	-1.321837	250.449824	25.272384	0.720478	0.081025	0.727435	0.094627	35.350674	35.168898	35.534303	126.024184	0.066391	0.064828	0.067971	0.110188
20150817141329.410200	4403.800000	22020.000000	0.455815	-1.325664	250.506843	25.107778	0.735028	0.095292	0.732650	0.099603	35.397847	35.210818	35.586828	126.179638	0.066312	0.064134	0.068512	0.108874
20150817141649.449200	4603.800000	23020.000000	0.462401	-1.322845	250.487167	25.099209	0.717758	0.076978	0.727754	0.093308	35.335516	35.160383	35.512350	125.952633	0.066941	0.064620	0.069285	0.109657
20150817142009.441400	4803.800000	24020.000000	0.464314	-1.320931	250.493937	25.156758	0.722222	0.081239	0.729050	0.094950	35.322820	35.141034	35.506457	125.920033	0.066310	0.064186	0.068458	0.108344
20150817142329.421900	5003.800000	25020.000000	0.454789	-1.326427	250.531174	25.228588	0.733976	0.094768	0.735123	0.102432	35.402047	35.217646	35.588359	126.141336	0.064631	0.063339	0.065935	0.106790
20150817142649.449200	5203.800000	26020.000000	0.464523	-1.321751	250.448660	25.157604	0.721301	0.080220	0.729442	0.094559	35.300280	35.122571	35.479756	125.848236	0.065960	0.064170	0.067768	0.108977
20150817143009.441400	5403.800000	27020.000000	0.466609	-1.319465	250.534031	25.243398	0.722753	0.082224	0.730210	0.095465	35.296349	35.121829	35.472572	125.818526	0.065915	0.064297	0.067547	0.109872
20150817143329.460900	5603.800000	28020.000000	0.463945	-1.323184	250.486638	25.269739	0.717434	0.076713	0.730656	0.096043	35.313812	35.144851	35.484357	125.840315	0.065080	0.063830	0.066343	0.108085
20150817143649.441400	5803.800000	29020.000000	0.468785	-1.319468	250.497851	25.225837	0.723014	0.081694	0.730781	0.095454	35.274232	35.102313	35.447806	125.730791	0.064947	0.063214	0.066697	0.108278
20150817144009.449200	6003.800000	30020.000000	0.459516	-1.324865	250.537310	25.215682	0.738283	0.097882	0.737058	0.103448	35.348663	35.168390	35.530752	125.965311	0.063858	0.062607	0.065123	0.106357
20150817144329.441400	6203.800000	31020.000000	0.468910	-1.319364	250.461143	25.229963	0.721585	0.079881	0.730823	0.095138	35.254429	35.082476	35.428024	125.695718	0.064684	0.063095	0.066288	0.106968
20150817144649.449200	6403.800000	32020.000000	0.469506	-1.319152	250.505891	25.152420	0.724355	0.082414	0.731952	0.096121	35.252539	35.079285	35.427475	125.660148	0.064503	0.062654	0.066370	0.106616
20150817145009.460900	6603.800000	33020.000000	0.459784	-1.324943	250.491081	25.184791	0.732962	0.091892	0.736889	0.102249	35.321205	35.142879	35.501315	125.843388	0.062396	0.060392	0.064420	0.105744
20150817145329.449200	6803.800000	34020.000000	0.468987	-1.318777	250.484099	25.189658	0.724157	0.082196	0.732021	0.096157	35.227238	35.059920	35.396112	125.608133	0.064932	0.062835	0.067049	0.106047
20150817145649.511700	7003.800000	35020.000000	0.466102	-1.321784	250.468654	25.231338	0.737543	0.096103	0.736340	0.101202	35.268168	35.099782	35.438136	125.696561	0.064726	0.063549	0.065914	0.105705
20150817150009.468700	7203.800000	36020.000000	0.470948	-1.318809	250.550005	25.221394	0.719503	0.077340	0.732073	0.095963	35.225260	35.061325	35.390695	125.573784	0.063849	0.062000	0.065716	0.106136
20150817150329.488300	7403.800000	37020.000000	0.473744	-1.318076	250.513296	25.153690	0.725383	0.082659	0.732929	0.096565	35.205148	35.037613	35.374259	125.533047	0.063946	0.062239	0.065670	0.105572
20150817150649.480500	7603.800000	38020.000000	0.462967	-1.324654	250.528424	25.119626	0.739572	0.098562	0.739316	0.103791	35.273525	35.102522	35.446167	125.734960	0.062941	0.061760	0.064132	0.104154
20150817151009.488300	7803.800000	39020.000000	0.473338	-1.317504	250.506843	25.185955	0.723908	0.081202	0.733015	0.096268	35.190095	35.025284	35.356414	125.474371	0.063641	0.061543	0.065758	0.105721
20150817151329.480500	8003.800000	40020.000000	0.473833	-1.317948	250.560372	25.272278	0.726744	0.083550	0.733963	0.097241	35.180447	35.016525	35.345870	125.446551	0.063718	0.062270	0.065181	0.106350
20150817151649.488300	8203.800000	41020.000000	0.463903	-1.322901	250.502189	25.209440	0.735666	0.094182	0.738810	0.103146	35.253946	35.082480	35.427056	125.664457	0.062223	0.060450	0.064012	0.103956
20150817152009.500000	8403.800000	42020.000000	0.475734	-1.315260	250.558044	25.231021	0.725805	0.082659	0.733965	0.096558	35.167026	35.005947	35.329552	125.419744	0.063656	0.062299	0.065025	0.106604
20150817152329.519500	8603.800000	43020.000000	0.477499	-1.316395	250.490975	25.166596	0.727355	0.084015	0.734358	0.097075	35.164682	34.997033	35.333895	125.367831	0.063849	0.061595	0.066125	0.105894
20150817152649.500000	8803.800000	44020.000000	0.473839	-1.318172	250.497851	25.232819	0.721150	0.078417	0.734727	0.097873	35.177592	35.014205	35.342475	125.412463	0.062763	0.061682	0.063855	0.105174
20150817153009.511700	9003.800000	45020.000000	0.478339	-1.316479	250.558997	25.180560	0.727312	0.083432	0.735036	0.097250	35.144002	34.981497	35.307991	125.315002	0.063900	0.062156	0.065660	0.105417
20150817153329.511700	9203.800000	46020.000000	0.468111	-1.321381	250.448237	25.208276	0.741485	0.099266	0.740800	0.104473	35.206855	35.040015	35.375257	125.515003	0.062388	0.061085	0.063703	0.104652
20150817153649.511700	9403.800000	47020.000000	0.476652	-1.315370	250.594435	25.186378	0.725522	0.082076	0.735119	0.097264	35.128536	34.970428	35.288041	125.289698	0.063451	0.062067	0.064847	0.106528
20150817154009.519500	9603.800000	48020.000000	0.480378	-1.315612	250.535829	25.175588	0.727812	0.083492	0.735444	0.097508	35.119529	34.956064	35.284497	125.245157	0.063307	0.061800	0.064829	0.105343
20150817154329.511700	9803.800000	49020.000000	0.469881	-1.321319	250.509488	25.171568	0.735750	0.092728	0.740750	0.104103	35.180658	35.007652	35.355344	125.431886	0.062241	0.060536	0.063963	0.104223
20150817154649.539100	10003.800000	50020.000000	0.480241	-1.313934	250.516364	25.214729	0.727730	0.083805	0.735666	0.097699	35.106111	34.945082	35.268592	125.199149	0.063379	0.061582	0.065192	0.105377
20150817155009.531200	10203.800000	51020.000000	0.473219	-1.321009	250.532444	25.158873	0.742460	0.098752	0.741019	0.103282	35.149445	34.981656	35.318815	125.328335	0.061210	0.059763	0.062671	0.102360
20150817155329.550800	10403.800000	52020.000000	0.480342	-1.314703	250.494783	25.219701	0.724898	0.080314	0.735635	0.096968	35.093898	34.935318	35.253892	125.187314	0.062637	0.061448	0.063838	0.102948
20150817155649.531200	10603.800000	53020.000000	0.482482	-1.315334	250.524510	25.227636	0.729004	0.084617	0.736754	0.097637	35.086399	34.925914	35.248333	125.111113	0.062891	0.061919	0.063872	0.104747
20150817160009.550800	10803.800000	54020.000000	0.471199	-1.322296	250.550005	25.193995	0.741145	0.097670	0.742638	0.105135	35.157069	34.992023	35.323644	125.358862	0.061376	0.060041	0.062723	0.103110
20150817160329.550800	11003.800000	55020.000000	0.482136	-1.313049	250.544821	25.254082	0.728114	0.083444	0.736889	0.097718	35.067371	34.907645	35.228530	125.090708	0.062954	0.061594	0.064326	0.104954
20150817160649.550800	11203.800000	56020.000000	0.483614	-1.314232	250.542282	25.191456	0.729423	0.084469	0.737181	0.098081	35.064386	34.904968	35.225232	125.073112	0.063036	0.062043	0.064039	0.104271
20150817161009.550800	11403.800000	57020.000000	0.478530	-1.316896	250.517739	25.198861	0.725387	0.081062	0.739033	0.100102	35.086823	34.928070	35.246995	125.141253	0.062928	0.061996	0.063867	0.103537
20150817161329.570300	11603.800000	58020.000000	0.484073	-1.314580	250.487061	25.243504	0.729653	0.084006	0.737426	0.097801	35.042471	34.881137	35.205261	125.003115	0.063708	0.061962	0.065470	0.104813
20150817161649.558600	11803.800000	59020.000000	0.475985	-1.319852	250.534665	25.158027	0.744752	0.100345	0.743128	0.104538	35.103908	34.937046	35.272339	125.218442	0.061422	0.060683	0.062168	0.102866
20150817162009.570300	12003.800000	60020.000000	0.484306	-1.313934	250.479338	25.209228	0.728327	0.082980	0.737357	0.098054	35.034366	34.875790	35.194353	125.011414	0.062616	0.061068	0.064180	0.102500
20150817162329.578100	12203.800000	61020.000000	0.484449	-1.312813	250.547783	25.193783	0.730884	0.085270	0.738291	0.098769	35.030061	34.870676	35.190874	124.960436	0.063075	0.061269	0.064898	0.104957
20150817162649.570300	12403.800000	62020.000000	0.476283	-1.317993	250.522606	25.196957	0.738498	0.094148	0.743467	0.104663	35.094636	34.927410	35.263420	125.159133	0.061110	0.060063	0.062166	0.102008
20150817163009.578100	12603.800000	63020.000000	0.484592	-1.313391	250.525568	25.192091	0.730705	0.084796	0.738546	0.098132	35.013890	34.853430	35.175803	124.957207	0.062788	0.061742	0.063843	0.103805
20150817163329.589800	12803.800000	64020.000000	0.479859	-1.318955	250.460402	25.105345	0.745069	0.099998	0.742894	0.103839	35.063042	34.896752	35.230886	125.037613	0.061824	0.060434	0.063228	0.102919
20150817163649.589800	13003.800000	65020.000000	0.485295	-1.313332	250.560478	25.195370	0.727186	0.081393	0.738348	0.097916	35.005260	34.849437	35.162446	124.910986	0.062363	0.061003	0.063734	0.102793
20150817164009.621100	13203.800000	66020.000000	0.486475	-1.312009	250.525673	25.199919	0.731717	0.085734	0.739387	0.099033	34.999097	34.842468	35.157110	124.866176	0.062983	0.062060	0.063914	0.103675
20150817164329.601600	13403.800000	67020.000000	0.477099	-1.319394	250.500073	25.180666	0.743962	0.099372	0.745395	0.106297	35.071135	34.909262	35.234482	125.110067	0.061937	0.060711	0.063173	0.102124
20150817164649.589800	13603.800000	68020.000000	0.486702	-1.313680	250.447602	25.178444	0.731639	0.084956	0.739632	0.098957	34.983004	34.823523	35.143923	124.825267	0.062598	0.061420	0.063787	0.103515
20150817165009.609400	13803.800000	69020.000000	0.485659	-1.313537	250.532444	25.184051	0.738286	0.092189	0.740112	0.100115	35.000154	34.835546	35.166294	124.888853	0.062751	0.061977	0.063531	0.102910
20150817165329.621100	14003.800000	70020.000000	0.486356	-1.311851	250.494678	25.218009	0.726634	0.080778	0.740273	0.099664	34.994942	34.843354	35.147814	124.871990	0.062937	0.061769	0.064114	0.102487
20150817165649.601600	14203.800000	71020.000000	0.489569	-1.311648	250.586925	25.170404	0.732583	0.086226	0.740243	0.099165	34.964696	34.811058	35.119659	124.782861	0.063069	0.061909	0.064239	0.103347
20150817170009.640600	14403.800000	72020.000000	0.479460	-1.316512	250.505891	25.183416	0.747645	0.101895	0.745752	0.106344	35.028957	34.870020	35.189314	124.975160	0.061695	0.060382	0.063021	0.101869
20150817170329.628900	14603.800000	73020.000000	0.489080	-1.312748	250.527578	25.213883	0.731245	0.084360	0.740317	0.098811	34.956039	34.803684	35.109696	124.757762	0.062945	0.061313	0.064590	0.102475
20150817170649.621100	14803.800000	74020.000000	0.490701	-1.311064	250.525991	25.218855	0.733598	0.086572	0.740945	0.099785	34.949293	34.790614	35.109389	124.720982	0.063279	0.061881	0.064690	0.102853
20150817171009.621100	15003.800000	75020.000000	0.483197	-1.316297	250.517634	25.144169	0.738010	0.091888	0.745568	0.105362	34.997807	34.836950	35.160124	124.898082	0.062926	0.063124	0.062725	0.101150
20150817171329.628900	15203.800000	76020.000000	0.491804	-1.309782	250.461143	25.244667	0.733137	0.086151	0.741018	0.099501	34.933866	34.778650	35.090441	124.698599	0.063047	0.061769	0.064336	0.102472
20150817171649.628900	15403.800000	77020.000000	0.485647	-1.313415	250.449189	25.166808	0.748344	0.101478	0.746123	0.105616	34.981572	34.818180	35.146461	124.864080	0.062095	0.061373	0.062823	0.101953
20150817172009.531200	15603.800000	78020.000000	0.491452	-1.309848	250.552332	25.147131	0.731618	0.084236	0.740849	0.099272	34.925837	34.773814	35.079165	124.675512	0.063182	0.062178	0.064195	0.102257
20150817172329.359400	15803.800000	79020.000000	0.493908	-1.309279	250.525462	25.230069	0.734672	0.086879	0.741813	0.100017	34.916947	34.764499	35.070704	124.642134	0.062636	0.061334	0.063950	0.102390
20150817172649.300800	16003.800000	80020.000000	0.486749	-1.313150	250.514566	25.250274	0.737587	0.091004	0.746477	0.105533	34.961241	34.802449	35.121436	124.750066	0.061823	0.058963	0.064708	0.101468
20150817173009.281200	16203.800000	81020.000000	0.494289	-1.308313	250.575817	25.216634	0.734373	0.086383	0.741880	0.099813	34.900665	34.749163	35.053466	124.606783	0.063293	0.062212	0.064385	0.103199
20150817173329.261700	16403.800000	82020.000000	0.485682	-1.314840	250.567883	25.176434	0.749857	0.102750	0.748091	0.107058	34.960696	34.800403	35.122438	124.792273	0.061596	0.060549	0.062653	0.100804
20150817173649.230500	16603.800000	83020.000000	0.493979	-1.308885	250.499332	25.211027	0.732328	0.084373	0.742008	0.099549	34.888978	34.739547	35.039661	124.560891	0.063488	0.062445	0.064540	0.102193
20150817174009.250000	16803.800000	84020.000000	0.495416	-1.308545	250.540166	25.205314	0.735063	0.087222	0.742483	0.100207	34.884905	34.732945	35.038169	124.537433	0.063936	0.062663	0.065219	0.103634
20150817174329.218700	17003.800000	85020.000000	0.485486	-1.315030	250.551168	25.172414	0.745676	0.099219	0.748505	0.107329	34.954768	34.800499	35.110379	124.779815	0.062130	0.061252	0.063016	0.100764
20150817174649.210900	17203.800000	86020.000000	0.496435	-1.306787	250.567248	25.189869	0.734976	0.086493	0.742877	0.100104	34.869630	34.720214	35.020303	124.512659	0.063893	0.062853	0.064943	0.102421
20150817175009.230500	17403.800000	87020.000000	0.493675	-1.309139	250.535512	25.185532	0.743950	0.096280	0.744925	0.102302	34.892649	34.743945	35.042601	124.581444	0.061489	0.062204	0.060769	0.101044
20150817175329.250000	17603.800000	88020.000000	0.496238	-1.309487	250.488436	25.202352	0.730065	0.081967	0.743473	0.100743	34.883069	34.735664	35.031695	124.518795	0.063005	0.061805	0.064214	0.102797
20150817175649.218700	17803.800000	89020.000000	0.497192	-1.306370	250.544292	25.222135	0.735955	0.087562	0.743808	0.100386	34.852165	34.705573	34.999967	124.450146	0.063729	0.062981	0.064483	0.102260
20150817180009.230500	18003.800000	90020.000000	0.488251	-1.312718	250.444005	25.216105	0.751123	0.104011	0.750127	0.108510	34.924627	34.773362	35.077185	124.685293	0.062131	0.061433	0.062834	0.100249
20150817180329.238300	18203.800000	91020.000000	0.497639	-1.306719	250.504833	25.241811	0.733784	0.085109	0.743460	0.100389	34.846117	34.703374	34.990001	124.442043	0.063842	0.062994	0.064696	0.103100
20150817180649.230500	18403.800000	92020.000000	0.498450	-1.305991	250.528212	25.157181	0.737044	0.088518	0.744433	0.101461	34.838286	34.692976	34.984791	124.401131	0.064014	0.062598	0.065442	0.102388
20150817181009.238300	18603.800000	93020.000000	0.490183	-1.312563	250.459556	25.151045	0.749891	0.102543	0.750621	0.108867	34.910263	34.761717	35.060052	124.631504	0.062244	0.061460	0.063035	0.100520
20150817181329.250000	18803.800000	94020.000000	0.500345	-1.305974	250.470241	25.211133	0.735931	0.086877	0.744662	0.100943	34.826517	34.685374	34.968783	124.408806	0.064282	0.063582	0.064987	0.102658
20150817181649.269500	19003.800000	95020.000000	0.501192	-1.305386	250.509594	25.204574	0.737770	0.088730	0.745377	0.101594	34.821887	34.680943	34.963953	124.354551	0.063269	0.062086	0.064461	0.101170
20150817182009.250000	19203.800000	96020.000000	0.491321	-1.311031	250.579837	25.223087	0.746658	0.099161	0.750207	0.107979	34.888533	34.744662	35.033574	124.600949	0.062832	0.062372	0.063295	0.100503
20150817182329.261700	19403.800000	97020.000000	0.501794	-1.305276	250.488330	25.203728	0.736787	0.087610	0.745294	0.100970	34.806519	34.668412	34.945699	124.332828	0.064245	0.063624	0.064871	0.102950
20150817182649.250000	19603.800000	98020.000000	0.502634	-1.304263	250.517210	25.207853	0.737883	0.088732	0.745866	0.101565	34.804218	34.668168	34.941306	124.300220	0.064029	0.063339	0.064724	0.103639
20150817183009.269500	19803.800000	99020.000000	0.496143	-1.308316	250.558044	25.209334	0.738263	0.089770	0.749133	0.106048	34.835913	34.696299	34.976625	124.428420	0.063926	0.063402	0.064453	0.100016
20150817183329.281200	20003.800000	100020.000000	0.503004	-1.304874	250.503775	25.246995	0.738551	0.089038	0.746139	0.101932	34.790637	34.652667	34.929678	124.255418	0.064786	0.064121	0.065457	0.101577
20150817183649.269500	20203.800000	101020.000000	0.495023	-1.309225	250.547254	25.185955	0.753332	0.104323	0.751013	0.108056	34.845270	34.695510	34.996295	124.462108	0.063816	0.062768	0.064873	0.100543
20150817184009.281200	20403.800000	102020.000000	0.502485	-1.305038	250.535089	25.162047	0.732588	0.083229	0.745766	0.101133	34.793593	34.659371	34.928828	124.312966	0.063880	0.062557	0.065212	0.102042
20150817184329.300800	20603.800000	103020.000000	0.504482	-1.304632	250.543975	25.209652	0.738878	0.089075	0.746937	0.102144	34.773615	34.635321	34.912988	124.229968	0.065151	0.064376	0.065932	0.102588
20150817184649.281200	20803.800000	104020.000000	0.495374	-1.309907	250.517210	25.180877	0.753989	0.105519	0.753090	0.109688	34.837314	34.696686	34.979053	124.456180	0.063501	0.063257	0.063747	0.100260
20150817185009.289100	21003.800000	105020.000000	0.503910	-1.304197	250.556034	25.166173	0.736940	0.086752	0.746539	0.101643	34.767929	34.630868	34.906046	124.230744	0.065235	0.064140	0.066340	0.102210
20150817185329.308600	21203.800000	106020.000000	0.505608	-1.301664	250.480925	25.246466	0.739795	0.090030	0.747555	0.102580	34.760589	34.625591	34.896610	124.213416	0.065241	0.064204	0.066285	0.102423
20150817185649.320300	21403.800000	107020.000000	0.494874	-1.310077	250.552861	25.145438	0.751839	0.102541	0.753684	0.110226	34.831814	34.692846	34.971867	124.445462	0.063633	0.062914	0.064358	0.099840
20150817190009.300800	21603.800000	108020.000000	0.506723	-1.303107	250.501660	25.199073	0.739021	0.088649	0.747402	0.102326	34.743619	34.609339	34.878921	124.170234	0.064956	0.064398	0.065520	0.103137
20150817190329.308600	21803.800000	109020.000000	0.507444	-1.301074	250.502612	25.245302	0.740235	0.090042	0.748056	0.102707	34.741008	34.607562	34.875450	124.157857	0.065248	0.063867	0.066639	0.102704
20150817190649.300800	22003.800000	110020.000000	0.497067	-1.309744	250.439245	25.150305	0.749613	0.100401	0.753676	0.109297	34.807693	34.672713	34.943700	124.354891	0.063441	0.062673	0.064215	0.099971
20150817191009.320300	22203.800000	111020.000000	0.508809	-1.300198	250.519643	25.185849	0.739628	0.089165	0.748518	0.102590	34.725818	34.594147	34.858464	124.112188	0.065372	0.064900	0.065847	0.102371
20150817191329.320300	22403.800000	112020.000000	0.507396	-1.301163	250.464316	25.302322	0.741159	0.090866	0.748837	0.103461	34.727534	34.598182	34.857827	124.083819	0.065431	0.064656	0.066213	0.101501
20150817191649.328100	22603.800000	113020.000000	0.499719	-1.307780	250.504198	25.164163	0.748660	0.099201	0.753759	0.108996	34.785303	34.654444	34.917124	124.298033	0.064254	0.063472	0.065041	0.099702
20150817192009.328100	22803.800000	114020.000000	0.509113	-1.300418	250.513614	25.200660	0.740234	0.089667	0.749164	0.102690	34.703223	34.574222	34.833162	124.060773	0.065920	0.065294	0.066550	0.102062
20150817192329.359400	23003.800000	115020.000000	0.510502	-1.299748	250.506208	25.207747	0.741711	0.090591	0.749497	0.103289	34.704607	34.575047	34.835110	124.055890	0.065943	0.064847	0.067048	0.101880
20150817192649.320300	23203.800000	116020.000000	0.501364	-1.307061	250.506208	25.217057	0.749825	0.099903	0.754577	0.109822	34.766647	34.634441	34.899834	124.269935	0.064318	0.063274	0.065370	0.099635
20150817193009.339800	23403.800000	117020.000000	0.512236	-1.298738	250.526097	25.217163	0.740576	0.089340	0.749587	0.103107	34.688855	34.559566	34.819084	124.014930	0.066576	0.065913	0.067244	0.102270
20150817193329.351600	23603.800000	118020.000000	0.512874	-1.297766	250.466432	25.187330	0.742317	0.090929	0.750121	0.103665	34.684106	34.556562	34.812562	124.020769	0.066030	0.064900	0.067168	0.100533
20150817193649.339800	23803.800000	119020.000000	0.503677	-1.304600	250.458710	25.217586	0.750596	0.100634	0.755343	0.110110	34.746524	34.617262	34.876717	124.224957	0.064843	0.063922	0.065772	0.100680
20150817194009.351600	24003.800000	120020.000000	0.511456	-1.298910	250.545350	25.172837	0.741571	0.090345	0.750376	0.103713	34.667251	34.538177	34.797262	123.973209	0.066160	0.065581	0.066743	0.102596
20150817194329.359400	24203.800000	121020.000000	0.513315	-1.297662	250.541647	25.206690	0.742803	0.091631	0.751084	0.104315	34.666169	34.541047	34.792172	123.979229	0.066038	0.065713	0.066365	0.100412
20150817194649.351600	24403.800000	122020.000000	0.505030	-1.305044	250.492139	25.136446	0.750211	0.099664	0.755717	0.109708	34.724362	34.593298	34.856392	124.160558	0.064872	0.064033	0.065717	0.100343
20150817195009.359400	24603.800000	123020.000000	0.514364	-1.296887	250.549370	25.158768	0.742321	0.090612	0.751106	0.104144	34.651766	34.524667	34.779773	123.940353	0.067208	0.066234	0.068189	0.103151
20150817195329.378900	24803.800000	124020.000000	0.514507	-1.297247	250.512556	25.168394	0.745014	0.093051	0.751401	0.104252	34.652597	34.521451	34.784700	123.956723	0.069661	0.068417	0.070915	0.101779
20150817195649.359400	25003.800000	125020.000000	0.507289	-1.302239	250.497428	25.205209	0.747488	0.096483	0.756264	0.109572	34.687647	34.560869	34.815320	124.080459	0.068253	0.069730	0.066765	0.100601
20150817200009.371100	25203.800000	126020.000000	0.516057	-1.297054	250.527472	25.249110	0.743121	0.091318	0.751712	0.104436	34.634411	34.510648	34.759042	123.894273	0.066754	0.066114	0.067397	0.099860
20150817200329.378900	25403.800000	127020.000000	0.511616	-1.299986	250.488225	25.212931	0.753647	0.102316	0.754666	0.107314	34.653053	34.531681	34.775248	123.965267	0.067489	0.067439	0.067538	0.100223
20150817200649.378900	25603.800000	128020.000000	0.514042	-1.298559	250.532761	25.179291	0.738394	0.086474	0.752871	0.105335	34.642902	34.523887	34.762707	123.929284	0.067342	0.066497	0.068193	0.101074
20150817201009.410200	25803.800000	129020.000000	0.516474	-1.295966	250.551486	25.095295	0.744244	0.091745	0.752592	0.104638	34.614102	34.494247	34.734768	123.848654	0.068072	0.067940	0.068205	0.102302
20150817201329.390600	26003.800000	130020.000000	0.508076	-1.302391	250.492668	25.239061	0.759683	0.108333	0.759150	0.111930	34.673361	34.548533	34.799069	124.070145	0.065832	0.065859	0.065805	0.099982
20150817201649.390600	26203.800000	131020.000000	0.516498	-1.296625	250.500390	25.191773	0.741208	0.088471	0.752422	0.104348	34.605773	34.488147	34.724181	123.829872	0.068174	0.067590	0.068762	0.102203
20150817202009.398400	26403.800000	132020.000000	0.516886	-1.295936	250.483464	25.224991	0.745979	0.093030	0.753908	0.105677	34.596303	34.475472	34.717955	123.816978	0.068270	0.067052	0.069497	0.100889
20150817202329.429700	26603.800000	133020.000000	0.508571	-1.301014	250.459979	25.246783	0.759105	0.108107	0.760294	0.113536	34.668580	34.540281	34.797806	124.045833	0.066440	0.066073	0.066810	0.100209
20150817202649.390600	26803.800000	134020.000000	0.519013	-1.295719	250.489917	25.195370	0.745357	0.092505	0.754282	0.105844	34.580622	34.457868	34.704217	123.781057	0.069106	0.068254	0.069965	0.101110
20150817203009.398400	27003.800000	135020.000000	0.517952	-1.294652	250.526520	25.254294	0.749487	0.096735	0.754808	0.106297	34.593414	34.473893	34.713716	123.816851	0.068939	0.066111	0.071786	0.102985
20150817203329.398400	27203.800000	136020.000000	0.513536	-1.297370	250.536464	25.119944	0.749900	0.098262	0.759490	0.111504	34.624352	34.502276	34.747252	123.942882	0.066779	0.066329	0.067232	0.101112
20150817203649.421900	27403.800000	137020.000000	0.520021	-1.293832	250.505468	25.260430	0.746659	0.092928	0.754863	0.106025	34.560527	34.444039	34.677775	123.753117	0.068563	0.066912	0.070225	0.102080
20150817204009.421900	27603.800000	138020.000000	0.515127	-1.297572	250.538791	25.163211	0.761329	0.108848	0.760026	0.111653	34.610070	34.487098	34.733893	123.909407	0.068011	0.067086	0.068941	0.102032
20150817204329.429700	27803.800000	139020.000000	0.521225	-1.293319	250.505362	25.213460	0.741099	0.087959	0.755117	0.106090	34.561882	34.447674	34.676825	123.742953	0.069661	0.069337	0.069987	0.103211
20150817204649.421900	28003.800000	140020.000000	0.521755	-1.292056	250.546619	25.230915	0.747981	0.094479	0.756145	0.106823	34.539850	34.425327	34.655110	123.713307	0.070455	0.069191	0.071727	0.103349
20150817205009.429700	28203.800000	141020.000000	0.514323	-1.298565	250.576980	25.211344	0.762220	0.109916	0.762519	0.114225	34.607942	34.485856	34.730861	123.909440	0.068376	0.066917	0.069843	0.100787
20150817205329.441400	28403.800000	142020.000000	0.522757	-1.291454	250.500073	25.160037	0.746215	0.091785	0.756066	0.106359	34.529731	34.414681	34.645521	123.695178	0.070616	0.069338	0.071903	0.103356
20150817205649.449200	28603.800000	143020.000000	0.523078	-1.292998	250.465692	25.186801	0.748661	0.094981	0.757158	0.107307	34.516691	34.402891	34.631220	123.665988	0.070163	0.069820	0.070509	0.102017
20150817210009.449200	28803.800000	144020.000000	0.515211	-1.297534	250.495524	25.204680	0.760509	0.107780	0.762810	0.114263	34.590163	34.473101	34.707995	123.883327	0.068830	0.067790	0.069877	0.100058
20150817210329.468700	29003.800000	145020.000000	0.525093	-1.290539	250.527578	25.188706	0.748172	0.093725	0.757545	0.107220	34.501261	34.392757	34.610416	123.614454	0.071324	0.070027	0.072629	0.102642
20150817210649.449200	29203.800000	146020.000000	0.524205	-1.291785	250.585972	25.192408	0.750226	0.095669	0.758421	0.108468	34.498142	34.384856	34.612148	123.633465	0.071173	0.069764	0.072593	0.102155
20150817211009.449200	29403.800000	147020.000000	0.516427	-1.296005	250.438716	25.199496	0.758860	0.105612	0.763598	0.114239	34.556068	34.442905	34.669949	123.778097	0.070267	0.069144	0.071397	0.101820
20150817211329.460900	29603.800000	148020.000000	0.527704	-1.289487	250.463259	25.178233	0.748673	0.093758	0.757815	0.106896	34.465232	34.359101	34.571987	123.539617	0.072460	0.070735	0.074195	0.102632
20150817211649.500000	29803.800000	149020.000000	0.526786	-1.290190	250.544821	25.268681	0.756069	0.101255	0.759742	0.108781	34.475412	34.370794	34.580636	123.555932	0.070902	0.069563	0.072249	0.102665
20150817212009.468700	30003.800000	150020.000000	0.528151	-1.290020	250.475742	25.253659	0.742981	0.088288	0.758336	0.107812	34.464385	34.358795	34.570588	123.509011	0.073118	0.070364	0.075890	0.104056
20150817212329.468700	30203.800000	151020.000000	0.530767	-1.286349	250.550216	25.229646	0.749837	0.094106	0.758497	0.106877	34.427480	34.322661	34.532904	123.410713	0.073515	0.071508	0.075534	0.104299
20150817212649.460900	30403.800000	152020.000000	0.524437	-1.290903	250.536358	25.240647	0.764875	0.110089	0.764576	0.114101	34.479020	34.369525	34.589190	123.578370	0.072615	0.071179	0.074061	0.101718
20150817213009.468700	30603.800000	153020.000000	0.532264	-1.284829	250.534136	25.288887	0.747257	0.091718	0.758674	0.106555	34.409617	34.306859	34.512960	123.395182	0.074550	0.073592	0.075513	0.105814
20150817213329.488300	30803.800000	154020.000000	0.534099	-1.284081	250.521653	25.220654	0.751189	0.094894	0.759564	0.107399	34.391867	34.292150	34.492138	123.351974	0.075315	0.073900	0.076740	0.105662
20150817213649.468700	31003.800000	155020.000000	0.526124	-1.291204	250.534348	25.210286	0.761477	0.106289	0.765413	0.114608	34.456940	34.354645	34.559819	123.551834	0.073472	0.072512	0.074439	0.103003
20150817214009.488300	31203.800000	156020.000000	0.538707	-1.283523	250.589675	25.192831	0.750683	0.093653	0.759908	0.106921	34.367400	34.268293	34.467057	123.248185	0.075327	0.074027	0.076635	0.105733
20150817214329.500000	31403.800000	157020.000000	0.539070	-1.282170	250.510440	25.253554	0.752184	0.095619	0.760938	0.107844	34.357076	34.261809	34.452843	123.218379	0.076103	0.074327	0.077890	0.106515
20150817214649.488300	31603.800000	158020.000000	0.531822	-1.286322	250.496793	25.203304	0.755829	0.099860	0.765765	0.113273	34.396037	34.299694	34.492891	123.377501	0.074387	0.074375	0.074399	0.104733
20150817215009.500000	31803.800000	159020.000000	0.541013	-1.282370	250.501660	25.228799	0.752657	0.095387	0.761156	0.107911	34.335143	34.239403	34.431398	123.148665	0.076280	0.075231	0.077335	0.105807
20150817215329.511700	32003.800000	160020.000000	0.537270	-1.283187	250.499650	25.272595	0.763264	0.106786	0.764046	0.111199	34.357274	34.257185	34.457923	123.205318	0.076355	0.074606	0.078113	0.106277
20150817215649.500000	32203.800000	161020.000000	0.541842	-1.281041	250.549687	25.200448	0.747366	0.090262	0.761544	0.107808	34.320830	34.229459	34.412666	123.045973	0.077786	0.077583	0.077989	0.107461
20150817220009.511700	32403.800000	162020.000000	0.544781	-1.279596	250.561112	25.224462	0.753955	0.096198	0.762630	0.108280	34.290332	34.200230	34.380887	122.954580	0.078141	0.077710	0.078575	0.107159
20150817220329.531200	32603.800000	163020.000000	0.535768	-1.285589	250.584280	25.228693	0.767886	0.111285	0.769368	0.115878	34.353855	34.260166	34.448033	123.128272	0.077295	0.076353	0.078242	0.106199
20150817220649.511700	32803.800000	164020.000000	0.547683	-1.278138	250.539955	25.245619	0.753077	0.095093	0.762705	0.108114	34.258666	34.168268	34.349515	122.800779	0.079018	0.078528	0.079511	0.108042
20150817221009.531200	33003.800000	165020.000000	0.549096	-1.279297	250.558468	25.268152	0.755606	0.097272	0.763879	0.108942	34.245275	34.157717	34.333262	122.732011	0.079504	0.079185	0.079825	0.108080
20150817221329.531200	33203.800000	166020.000000	0.541532	-1.284486	250.511180	25.200871	0.765944	0.108428	0.769804	0.115700	34.309454	34.220788	34.398561	122.954900	0.077277	0.076896	0.077659	0.106884
20150817221649.539100	33403.800000	167020.000000	0.552857	-1.278794	250.540166	25.219173	0.755774	0.096624	0.764503	0.108889	34.214670	34.126664	34.303112	122.611315	0.080000	0.079954	0.080046	0.107927
20150817222009.531200	33603.800000	168020.000000	0.550699	-1.280478	250.538156	25.256410	0.763802	0.104730	0.766048	0.110496	34.225133	34.137463	34.313234	122.648774	0.079555	0.079917	0.079192	0.106962
20150817222329.539100	33803.800000	169020.000000	0.551707	-1.278955	250.520807	25.200237	0.751028	0.091994	0.765867	0.110053	34.212037	34.130030	34.294422	122.557926	0.080402	0.080764	0.080038	0.108082
20150817222649.531200	34003.800000	170020.000000	0.556457	-1.276281	250.501871	25.227318	0.757623	0.097872	0.765930	0.109298	34.171621	34.085703	34.257955	122.431428	0.081330	0.082106	0.080550	0.108115
20150817223009.539100	34203.800000	171020.000000	0.551265	-1.281872	250.552649	25.190927	0.772930	0.113803	0.772157	0.116014	34.216777	34.125185	34.308833	122.562552	0.079561	0.080067	0.079053	0.107401
20150817223329.558600	34403.800000	172020.000000	0.559455	-1.275662	250.544821	25.242234	0.754527	0.093986	0.765885	0.108485	34.138135	34.050840	34.225859	122.260258	0.082584	0.082765	0.082403	0.108855
20150817223649.570300	34603.800000	173020.000000	0.561231	-1.274484	250.519961	25.257362	0.759578	0.098861	0.767549	0.110068	34.121397	34.036693	34.206509	122.194375	0.082931	0.083267	0.082594	0.108915
20150817224009.558600	34803.800000	174020.000000	0.552124	-1.280180	250.541013	25.230280	0.772761	0.113235	0.773641	0.117385	34.188480	34.094327	34.283136	122.355516	0.080366	0.081457	0.079269	0.106832
20150817224329.570300	35003.800000	175020.000000	0.563520	-1.274440	250.542917	25.231550	0.759044	0.097715	0.767450	0.109805	34.091428	34.005686	34.177580	122.074373	0.084128	0.085058	0.083194	0.109803
20150817224649.558600	35203.800000	176020.000000	0.566655	-1.273635	250.485368	25.244456	0.760930	0.099638	0.768940	0.110468	34.070393	33.987295	34.153880	121.959846	0.084573	0.085752	0.083389	0.111119
20150817225009.570300	35403.800000	177020.000000	0.558025	-1.280075	250.532867	25.161307	0.770395	0.109633	0.774542	0.116895	34.123604	34.040501	34.207094	122.053899	0.083026	0.083539	0.082510	0.108867
20150817225329.578100	35603.800000	178020.000000	0.570321	-1.272318	250.562064	25.168500	0.761705	0.099168	0.769754	0.110621	34.031543	33.950412	34.113044	121.751753	0.086066	0.087198	0.084928	0.110774
20150817225649.570300	35803.800000	179020.000000	0.567049	-1.275647	250.563863	25.224356	0.775064	0.112912	0.774187	0.115053	34.052632	33.967618	34.138053	121.825501	0.084790	0.086142	0.083431	0.108622
20150817230009.578100	36003.800000	180020.000000	0.570351	-1.272655	250.532126	25.144169	0.758244	0.095901	0.770157	0.110403	34.003366	33.927275	34.079778	121.666798	0.086622	0.087692	0.085548	0.110280
20150817230329.589800	36203.800000	181020.000000	0.575680	-1.271102	250.475742	25.225731	0.764344	0.100914	0.771747	0.111310	33.976674	33.898901	34.054784	121.611695	0.087630	0.088957	0.086297	0.111159
20150817230649.578100	36403.800000	182020.000000	0.564218	-1.277071	250.593378	25.172203	0.776203	0.114091	0.778115	0.118935	34.040170	33.959604	34.121097	121.783593	0.085710	0.087061	0.084352	0.109193
20150817231009.601600	36603.800000	183020.000000	0.576252	-1.271573	250.481348	25.098257	0.764358	0.100408	0.772660	0.111204	33.938716	33.863037	34.014704	121.510818	0.088594	0.090622	0.086558	0.110537
20150817231329.601600	36803.800000	184020.000000	0.573856	-1.271901	250.553707	25.217903	0.773687	0.109986	0.774732	0.113872	33.951528	33.875090	34.028290	121.560247	0.088638	0.090009	0.087260	0.109926
20150817231649.589800	37003.800000	185020.000000	0.576329	-1.271331	250.511392	25.176857	0.759595	0.095310	0.773303	0.111811	33.926799	33.854184	33.999703	121.500879	0.089570	0.091572	0.087561	0.111423
20150817232009.609400	37203.800000	186020.000000	0.579500	-1.268500	250.561007	25.305707	0.766694	0.101867	0.774611	0.112532	33.880306	33.809159	33.951731	121.373599	0.090289	0.091958	0.088612	0.110787
20150817232329.621100	37403.800000	187020.000000	0.570464	-1.273868	250.534560	25.283386	0.781246	0.116952	0.780945	0.120078	33.936428	33.856960	34.016245	121.570566	0.088995	0.090326	0.087657	0.109160
20150817232649.621100	37603.800000	188020.000000	0.580251	-1.267871	250.549264	25.236204	0.766842	0.101048	0.775577	0.112644	33.828080	33.758265	33.898164	121.293361	0.091962	0.092897	0.091023	0.112393
20150817233009.609400	37803.800000	189020.000000	0.581872	-1.267886	250.614218	25.147872	0.768972	0.102652	0.776960	0.113164	33.805347	33.735372	33.875590	121.257468	0.092629	0.094246	0.091007	0.112417
20150817233329.621100	38003.800000	190020.000000	0.574380	-1.272887	250.498486	25.088525	0.774118	0.108876	0.781969	0.119259	33.855385	33.789346	33.921655	121.411797	0.090690	0.091557	0.089819	0.110902
20150817233649.660200	38203.800000	191020.000000	0.583822	-1.267147	250.489282	25.235041	0.769740	0.102426	0.777788	0.113366	33.755483	33.683680	33.827574	121.174971	0.093910	0.095144	0.092670	0.112468
20150817234009.621100	38403.800000	192020.000000	0.578886	-1.272324	250.518691	25.218432	0.784900	0.118527	0.783384	0.119305	33.790075	33.718442	33.861985	121.273634	0.092933	0.094545	0.091316	0.111901
20150817234329.640600	38603.800000	193020.000000	0.584733	-1.264724	250.521442	25.228376	0.767634	0.099913	0.778741	0.113307	33.718935	33.653435	33.784668	121.133349	0.094159	0.095781	0.092532	0.113229
20150817234649.648400	38803.800000	194020.000000	0.586802	-1.265591	250.465374	25.161412	0.772387	0.103730	0.780193	0.114375	33.683226	33.615918	33.750783	121.027788	0.095333	0.096855	0.093804	0.113544
20150817235009.640600	39003.800000	195020.000000	0.578994	-1.272035	250.534983	25.292060	0.783770	0.116273	0.786594	0.121844	33.742245	33.674826	33.809912	121.232492	0.093988	0.095609	0.092361	0.111396
20150817235329.671900	39203.800000	196020.000000	0.588852	-1.263905	250.534031	25.244350	0.772652	0.103148	0.781735	0.114724	33.624762	33.561575	33.688167	120.943263	0.097244	0.098082	0.096403	0.113471
20150817235649.679700	39403.800000	197020.000000	0.590509	-1.264593	250.460825	25.136341	0.774804	0.105025	0.782608	0.114883	33.596652	33.536175	33.657330	120.885603	0.097668	0.097143	0.098194	0.114140
20150818000009.679700	39603.800000	198020.000000	0.589442	-1.264712	250.575394	25.167760	0.770045	0.099750	0.785109	0.117404	33.592987	33.532044	33.654134	120.898659	0.098896	0.098386	0.099408	0.115656
20150818000329.660200	39803.800000	199020.000000	0.594789	-1.261219	250.524721	25.257256	0.776357	0.104782	0.786089	0.116593	33.493950	33.434386	33.553708	120.684102	0.101219	0.100433	0.102008	0.115962
20150818000649.671900	40003.800000	200020.000000	0.588423	-1.267442	250.560160	25.210709	0.792300	0.120941	0.792682	0.123752	33.527196	33.465358	33.589242	120.848105	0.099536	0.099522	0.099549	0.114391
20150818001009.660200	40203.800000	201020.000000	0.597769	-1.260850	250.452786	25.195688	0.773908	0.100894	0.786873	0.116357	33.429020	33.378597	33.479577	120.546934	0.102175	0.102149	0.102202	0.116394
20150818001329.671900	40403.800000	202020.000000	0.601107	-1.259035	250.528107	25.066309	0.779035	0.105281	0.789895	0.117564	33.382329	33.342278	33.422456	120.477502	0.101216	0.101529	0.100903	0.116544
20150818001649.679700	40603.800000	203020.000000	0.590903	-1.267961	250.533184	25.092016	0.792378	0.119686	0.796663	0.125628	33.436283	33.397386	33.475249	120.658204	0.099390	0.098641	0.100141	0.114170
20150818002009.671900	40803.800000	204020.000000	0.602192	-1.258370	250.560372	25.223404	0.780311	0.105031	0.792088	0.118388	33.302226	33.275741	33.328737	120.345310	0.102557	0.102162	0.102953	0.115972
20150818002329.691400	41003.800000	205020.000000	0.604349	-1.259175	250.491821	25.184157	0.784070	0.108809	0.793474	0.118994	33.273583	33.252204	33.294956	120.292738	0.102944	0.103134	0.102753	0.116776
20150818002649.718700	41203.800000	206020.000000	0.604457	-1.259139	250.558150	25.238532	0.776305	0.100461	0.794521	0.119777	33.255068	33.237181	33.272954	120.227242	0.103326	0.102714	0.103939	0.116749
20150818003009.691400	41403.800000	207020.000000	0.609118	-1.256827	250.505574	25.029178	0.783127	0.105876	0.795922	0.119860	33.195928	33.179742	33.212105	120.041888	0.104306	0.103133	0.105482	0.118254
20150818003329.699200	41603.800000	208020.000000	0.603515	-1.262441	250.509382	25.148718	0.797704	0.121900	0.803180	0.128151	33.250145	33.241509	33.258759	120.190834	0.102622	0.101596	0.103650	0.115569
20150818003649.699200	41803.800000	209020.000000	0.613481	-1.255795	250.519220	25.097517	0.783697	0.105822	0.798179	0.120669	33.133418	33.134339	33.132469	119.852678	0.105640	0.104662	0.106619	0.119375
20150818004009.691400	42003.800000	210020.000000	0.616360	-1.254609	250.478492	25.100902	0.785632	0.107417	0.799557	0.121302	33.100683	33.105312	33.096024	119.704099	0.106336	0.105868	0.106803	0.120269
20150818004329.699200	42203.800000	211020.000000	0.614047	-1.256743	250.415019	25.099950	0.781668	0.103240	0.801729	0.123531	33.110849	33.121376	33.100288	119.733250	0.105732	0.104165	0.107301	0.118507
20150818004649.738300	42403.800000	212020.000000	0.621963	-1.252472	250.498909	25.102912	0.787161	0.107561	0.801794	0.121880	33.032736	33.053100	33.012364	119.418463	0.107889	0.107944	0.107833	0.122600
20150818005009.699200	42603.800000	213020.000000	0.615960	-1.257181	250.539003	25.145967	0.802676	0.124167	0.808387	0.129384	33.083511	33.105703	33.061312	119.541789	0.105668	0.105974	0.105361	0.118750
20150818005329.718700	42803.800000	214020.000000	0.627387	-1.252276	250.549158	25.218749	0.786296	0.106198	0.803148	0.121799	32.978246	33.011025	32.945504	119.214976	0.108807	0.108907	0.108707	0.122612
20150818005649.718700	43003.800000	215020.000000	0.630397	-1.250514	250.504622	25.138245	0.789742	0.109296	0.804948	0.123073	32.950391	32.987585	32.913244	119.098795	0.109093	0.109733	0.108454	0.120745
20150818010009.718700	43203.800000	216020.000000	0.623286	-1.257259	250.541542	25.028649	0.798534	0.118737	0.810354	0.129706	33.004825	33.042842	32.966858	119.248464	0.107286	0.107914	0.106659	0.119264
20150818010329.738300	43403.800000	217020.000000	0.633031	-1.247600	250.453526	25.133802	0.791102	0.109407	0.806574	0.123296	32.890941	32.932439	32.849515	118.922508	0.111437	0.112595	0.110282	0.125340
20150818010649.750000	43603.800000	218020.000000	0.630033	-1.252475	250.522394	25.127666	0.806009	0.124571	0.811966	0.129257	32.920039	32.958337	32.881792	118.999176	0.110128	0.110751	0.109507	0.120434
20150818011009.730500	43803.800000	219020.000000	0.637758	-1.247796	250.461778	25.131898	0.788343	0.106034	0.807679	0.123528	32.844513	32.893419	32.795717	118.773989	0.112076	0.113013	0.111141	0.123339
20150818011329.750000	44003.800000	220020.000000	0.644517	-1.245698	250.529482	25.088101	0.794071	0.110796	0.810110	0.124792	32.802344	32.852062	32.752739	118.563913	0.113276	0.113929	0.112625	0.126074
20150818011649.750000	44203.800000	221020.000000	0.635654	-1.252484	250.539003	25.046209	0.806300	0.123857	0.816853	0.132648	32.858298	32.910167	32.806549	118.664334	0.110550	0.110798	0.110304	0.122984
20150818012009.750000	44403.800000	222020.000000	0.651217	-1.246029	250.572114	25.001673	0.794348	0.109061	0.812903	0.125918	32.731112	32.784306	32.678046	118.113923	0.114602	0.113205	0.115995	0.128074
20150818012239.781200	44553.800000	222770.000000	0.664002	-1.242009	250.528953	25.095930	0.795730	0.110350	0.814988	0.127876	32.699976	32.752890	32.647150	117.517945	0.116210	0.115428	0.116991	0.130861
20150818012559.761700	44753.800000	223770.000000	0.665784	-1.246271	250.542811	25.055096	0.804700	0.120143	0.821942	0.135896	32.745377	32.812006	32.678881	117.173448	0.113933	0.112907	0.114956	0.127483
20150818012735.351600	44849.400000	224248.000000	0.681734	-1.240420	250.489600	25.177386	0.792566	0.106482	0.818224	0.129166	32.643165	32.737283	32.549400	116.577255	0.117802	0.115668	0.119927	0.132292
20150818013031.160200	45025.200000	225127.000000	0.694734	-1.235765	250.455007	25.196851	0.795699	0.109600	0.822161	0.131381	32.591868	32.729998	32.454626	115.988298	0.120509	0.118807	0.122200	0.135325
20150818013351.160200	45225.200000	226127.000000	0.693488	-1.239678	250.486215	25.136870	0.808618	0.123867	0.830696	0.139316	32.632712	32.811228	32.455686	115.756874	0.118002	0.117001	0.118993	0.131680
20150818013604.761700	45358.800000	226795.000000	0.710702	-1.232454	250.485791	25.104393	0.791975	0.106583	0.826051	0.132234	32.523838	32.747782	32.302410	115.167001	0.122372	0.122094	0.122647	0.135155
20150818013924.769500	45558.800000	227795.000000	0.720388	-1.229441	250.514354	25.052345	0.794985	0.109559	0.830111	0.133299	32.469671	32.764409	32.179463	114.712231	0.123410	0.125244	0.121606	0.136320
20150818014244.781200	45758.800000	228795.000000	0.717306	-1.233727	250.441149	25.162259	0.805098	0.122245	0.838361	0.141591	32.512827	32.857670	32.174262	114.591772	0.121140	0.123705	0.118626	0.133010
20150818014504.578100	45898.600000	229494.000000	0.735867	-1.226509	250.357471	25.007174	0.791657	0.106803	0.834299	0.133814	32.391563	32.781093	32.010264	114.005660	0.125635	0.127806	0.123513	0.137877
20150818014806.589800	46080.600000	230404.000000	0.748730	-1.223570	250.389313	25.144592	0.793277	0.108776	0.837374	0.134937	32.340181	32.780461	31.910532	113.422378	0.126619	0.128430	0.124855	0.141684
20150818015126.578100	46280.600000	231404.000000	0.752205	-1.225862	250.278870	25.154113	0.803549	0.119975	0.844401	0.141721	32.362328	32.823233	31.913054	113.088217	0.124956	0.127998	0.121997	0.139841
20150818015257.191400	46371.200000	231857.000000	0.766540	-1.220402	250.457123	25.113914	0.786140	0.101168	0.839343	0.134126	32.276947	32.758554	31.808193	112.516981	0.127428	0.129855	0.125071	0.143600
20150818015519.578100	46513.600000	232569.000000	0.783849	-1.217020	250.418616	25.066521	0.789821	0.104128	0.842099	0.134965	32.224664	32.731578	31.732040	111.951001	0.129289	0.132533	0.126143	0.146229
20150818015839.589800	46713.600000	233569.000000	0.790071	-1.215595	250.373022	25.202987	0.801975	0.118319	0.849506	0.142195	32.239991	32.792967	31.704051	111.484769	0.127493	0.129067	0.125972	0.147242
20150818020040.210900	46834.200000	234172.000000	0.803822	-1.212934	250.460508	25.257997	0.789333	0.108513	0.850168	0.141894	32.286886	32.940638	31.657049	110.922500	0.122352	0.118910	0.125661	0.152093
20150818020110.640600	46864.600000	234324.000000	0.819582	-1.205882	250.441784	25.118039	0.776449	0.095543	0.846453	0.136976	32.256766	32.932231	31.607036	110.363296	0.122589	0.116927	0.128023	0.158565
20150818020135.191400	46889.200000	234447.000000	0.833923	-1.200429	250.432686	25.253236	0.775806	0.094622	0.845186	0.135337	32.222346	32.899528	31.571057	109.803106	0.124869	0.119118	0.130389	0.164411
20150818020149.000000	46903.000000	234516.000000	0.847310	-1.195672	250.504304	25.321258	0.776126	0.096443	0.845093	0.134606	32.249622	32.979611	31.549746	109.243100	0.123406	0.116469	0.130042	0.171995
20150818020151.000000	46905.000000	234526.000000	0.864494	-1.190189	250.354932	25.376796	0.776143	0.099302	0.843797	0.133418	32.286592	33.060017	31.547092	108.588790	0.122632	0.119661	0.125462	0.189361
20150818020152.000000	46906.000000	234531.000000	0.876731	-1.187384	250.289661	25.441115	0.775574	0.100115	0.843319	0.134011	32.326545	33.127306	31.561825	107.971145	0.120673	0.107986	0.132755	0.189065
20150818020153.398400	46907.400000	234538.000000	0.891405	-1.182193	250.382648	25.518129	0.774782	0.101566	0.843780	0.134382	32.372995	33.246317	31.542150	107.375387	0.117168	0.098129	0.135236	0.188734
20150818020155.589800	46909.600000	234549.000000	0.904691	-1.180732	250.239835	25.473169	0.773917	0.101962	0.843704	0.133694	32.422710	33.351304	31.542034	106.823751	0.113844	0.092864	0.133698	0.189234
20150818020158.988300	46913.000000	234566.000000	0.918490	-1.178545	250.497745	25.414034	0.773297	0.102835	0.843661	0.133300	32.466035	33.443846	31.541100	106.278904	0.111768	0.088881	0.133370	0.189352
20150818020202.589800	46916.600000	234584.000000	0.933272	-1.175746	250.306481	25.430642	0.772630	0.103491	0.843896	0.133011	32.488731	33.508826	31.526056	105.708211	0.109475	0.085481	0.132060	0.194736
20150818020205.191400	46919.200000	234597.000000	0.947481	-1.170772	250.224390	25.351830	0.772364	0.103734	0.843824	0.132932	32.490705	33.536974	31.504599	105.157433	0.110464	0.084925	0.134486	0.199994
20150818020207.410200	46921.400000	234608.000000	0.962520	-1.168191	250.397247	25.392559	0.771329	0.103919	0.845050	0.133212	32.501621	33.617205	31.454373	104.583197	0.109914	0.082978	0.135169	0.198504
20150818020209.808600	46923.800000	234620.000000	1.021129	-1.148298	249.443888	25.778367	0.774917	0.109397	0.858218	0.143255	32.326255	33.580412	31.158427	102.097937	0.173531	0.133335	0.210947	0.262050
20150818020210.199200	46924.200000	234622.000000	1.035798	-1.145822	249.883753	25.847552	0.772357	0.109903	0.859537	0.143455	32.387151	33.755768	31.120816	101.484847	0.125067	0.093630	0.154150	0.219683
20150818020210.988300	46925.000000	234626.000000	1.051569	-1.144722	249.930406	25.585516	0.770698	0.109276	0.860921	0.142487	32.418938	33.873918	31.079269	100.926826	0.121157	0.088420	0.151297	0.219254
20150818020211.789100	46925.800000	234630.000000	1.066309	-1.142967	249.880791	25.468726	0.770174	0.109058	0.862762	0.142782	32.412907	33.913644	31.034393	100.363935	0.120543	0.084324	0.153802	0.218021
20150818020212.589800	46926.600000	234634.000000	1.080364	-1.138935	249.984357	25.721136	0.769807	0.109797	0.864402	0.144144	32.400528	33.939315	30.989921	99.856564	0.119844	0.081475	0.155004	0.217986
20150818020213.820300	46927.800000	234640.000000	1.097482	-1.135504	249.961719	25.591228	0.769403	0.108814	0.865902	0.144193	32.396448	33.974055	30.953794	99.343317	0.118060	0.082118	0.150959	0.215441
20150818020215.601600	46929.600000	234649.000000	1.113719	-1.133078	250.191278	25.452858	0.769290	0.107757	0.866553	0.144256	32.402172	33.991401	30.950124	98.793407	0.116744	0.083268	0.147405	0.214145
20150818020217.601600	46931.600000	234659.000000	1.128757	-1.129493	250.214340	25.280106	0.768279	0.106982	0.866900	0.144192	32.403263	33.997660	30.947362	98.258499	0.117463	0.086717	0.145598	0.214330
20150818020219.199200	46933.200000	234667.000000	1.143730	-1.124087	250.212859	25.438365	0.767073	0.106190	0.867375	0.144702	32.412865	34.022837	30.943820	97.758016	0.116581	0.083848	0.146515	0.216743
20150818020220.601600	46934.600000	234674.000000	1.160646	-1.120830	250.220581	25.494750	0.765542	0.106098	0.868820	0.144946	32.422946	34.115061	30.886073	97.208352	0.120490	0.087867	0.150208	0.222745
20150818020221.820300	46935.800000	234680.000000	1.176238	-1.114494	250.019585	25.970372	0.764397	0.107461	0.869554	0.146518	32.418947	34.157291	30.844400	96.689979	0.121014	0.087504	0.151460	0.223251
20150818020222.781200	46936.800000	234685.000000	1.191437	-1.107711	249.258018	25.900234	0.763663	0.107921	0.866258	0.144898	32.411775	34.161433	30.829019	96.098727	0.121202	0.104488	0.136397	0.250651
20150818020222.988300	46937.000000	234686.000000	1.203293	-1.095226	249.024122	26.024746	0.764756	0.112108	0.864404	0.143094	32.403654	34.180689	30.798342	95.453683	0.131367	0.150381	0.114164	0.318415
20150818020223.191400	46937.200000	234687.000000	1.295197	-0.925282	243.963128	30.354217	0.772462	0.132396	0.859513	0.169908	32.531270	33.943054	31.188094	91.158746	0.248092	0.159350	0.330459	1.140399
20150818020223.628900	46937.400000	234688.000000	5.163288	-0.346434	216.178708	-33.445389	3.036369	0.283290	1.108072	0.339116	-10.592812	-5.889441	-9.273037	-32.724125	1.964010	1.921343	2.116768	1.645050
20150818020223.671900	46937.600000	234688.000000	6.007677	5.176139	4.497779	2.401700	2.996481	2.985898	0.720681	0.711186	0.636890	0.642603	-0.550436	-0.101529	-0.134660	1.000815	-1.400220	0.462398
