Program version:	Fatigue ver. 4.0
Date and time:	06-08-2015 14:16:59
Operator:	sras
Project ID:	44584
Sample ID:	EQA01-06
Comments:	
	
Mode of operation:	Ten-ten
Low load setpoint [kN]:	0.000000
Sample width [mm]:	25.280000
Sample thickness [mm]:	4.260000
Strain sensor:	Extensometer
Number of strain sensors:	2
Channel configuration:	0 6 1,1,0,0,0,0 1,4,1,2,3,4
Digital I/O:	0,1,None
	
Machine SN:	88R1332
Load cell SN:	UK413
Load cell [kN]:	100.000000
Extensometer 1 SN:	2144
Gauge length 1 [mm]:	50.000000
Full scale 1 [%]:	5.000000
Extensometer 2 SN:	2146
Gauge length 2 [mm]:	50.000000
Full scale 2 [%]:	5.000000
	
Modulus [GPa]:	37.686882
	
E-max [%]:	1.000000
R:	0.100000
Waveform frequency [Hz]:	4.000000
Samples pr cycle:	125
	
Max change stiffness [%]:	0.500000
Max cycles between log:	1000
Number of initial cycles:	20
Run out cycle:	2000000
	
	
Timestamp [yyyymmddHHMMSS.frac]	Time [s]	Cycle	Position max [mm]	Position min [mm]	Stress max [MPa]	Stress min [MPa]	Strain1 max [%]	Strain1 min [%]	Strain2 max [%]	Strain2 min [%]	StiffnessAvg [GPa]	Stiffness1 [GPa]	Stiffness2 [GPa]	StiffnessPosition [MPa/mm]	DampingAvg	Damping1	Damping2	DampingPosition
20150806142235.648400	0.000000	1.000000	-39.746026	-41.856102	360.240243	49.664228	0.983893	0.147529	0.971544	0.139617	37.301840	37.209246	37.394850	147.760775	0.073289	0.071492	0.075096	0.134051
20150806142235.851600	0.200000	2.000000	-39.727566	-41.847855	362.475152	50.650067	0.990948	0.150945	0.977982	0.142670	37.185632	37.097893	37.273731	146.983245	0.078371	0.076646	0.080107	0.124730
20150806142236.058600	0.400000	3.000000	-39.718780	-41.841063	362.970839	51.279915	0.994124	0.153348	0.981084	0.145190	37.161687	37.069508	37.254275	146.899388	0.076299	0.074403	0.078206	0.122207
20150806142236.250000	0.600000	4.000000	-39.702771	-41.841466	364.814334	50.781571	0.999996	0.152296	0.986793	0.143881	37.147362	37.058393	37.236712	146.798543	0.076450	0.074391	0.078520	0.120887
20150806142236.449200	0.800000	5.000000	-39.698947	-41.837839	365.134460	51.202319	1.001260	0.153937	0.988219	0.145571	37.139860	37.048914	37.231202	146.755513	0.076131	0.074441	0.077830	0.119558
20150806142236.660200	1.000000	6.000000	-39.689077	-41.843993	366.332389	50.060733	1.004773	0.151714	0.991992	0.143095	37.128975	37.036685	37.221675	146.684582	0.075570	0.073696	0.077453	0.119581
20150806142236.851600	1.200000	7.000000	-39.687417	-41.839645	366.382312	50.258543	1.005833	0.152191	0.992238	0.143768	37.119800	37.029537	37.210452	146.654121	0.076211	0.074424	0.078009	0.120035
20150806142237.050800	1.400000	8.000000	-39.676494	-41.845808	367.494785	49.349414	1.008615	0.149791	0.995529	0.141183	37.115962	37.023509	37.208822	146.624788	0.076204	0.073966	0.078453	0.118973
20150806142237.261700	1.600000	9.000000	-39.676902	-41.844082	367.680751	49.546007	1.009542	0.150405	0.996260	0.141892	37.110141	37.017587	37.203108	146.629373	0.075631	0.073540	0.077734	0.118576
20150806142237.460900	1.800000	10.000000	-39.668191	-41.849843	368.543720	48.437187	1.012223	0.147619	0.998776	0.139291	37.102836	37.008587	37.197520	146.590392	0.075558	0.073590	0.077537	0.116225
20150806142237.648400	2.000000	11.000000	-39.667020	-41.850666	368.586780	48.437740	1.012606	0.148124	0.999141	0.139734	37.097992	37.004003	37.192402	146.566812	0.075717	0.073636	0.077810	0.117929
20150806142237.851600	2.200000	12.000000	-39.662162	-41.854498	369.179656	47.395558	1.014235	0.145461	1.000797	0.137192	37.093141	36.998555	37.188147	146.562870	0.075941	0.074054	0.077840	0.118769
20150806142238.050800	2.400000	13.000000	-39.661080	-41.853417	369.312156	47.572004	1.014667	0.145388	1.001591	0.137287	37.088692	36.994376	37.183432	146.516131	0.076072	0.074440	0.077713	0.117893
20150806142238.281200	2.600000	14.000000	-39.654768	-41.859225	370.073841	46.705382	1.017415	0.143549	1.003475	0.134980	37.085819	36.989138	37.182954	146.512179	0.075962	0.073731	0.078206	0.117457
20150806142238.460900	2.800000	15.000000	-39.652908	-41.860158	370.289694	46.592142	1.017701	0.143396	1.004347	0.134984	37.082056	36.988050	37.176469	146.474131	0.075955	0.073527	0.078396	0.117885
20150806142238.640600	3.000000	16.000000	-39.647922	-41.864995	370.598087	45.620361	1.019778	0.141073	1.006147	0.132806	37.076717	36.980972	37.172900	146.516724	0.075983	0.073721	0.078258	0.117023
20150806142238.851600	3.200000	17.000000	-39.646602	-41.863525	370.641811	45.627334	1.019498	0.140886	1.006265	0.132644	37.071325	36.977426	37.165640	146.477335	0.075993	0.073904	0.078094	0.117518
20150806142239.050800	3.400000	18.000000	-39.641297	-41.868440	371.181111	45.041543	1.021156	0.139107	1.008113	0.130951	37.066174	36.971790	37.160977	146.429055	0.075451	0.073234	0.077681	0.117050
20150806142239.261700	3.600000	19.000000	-39.639032	-41.869876	371.400617	45.066006	1.022248	0.139170	1.008422	0.130717	37.065778	36.970766	37.161217	146.420299	0.076172	0.073929	0.078429	0.117405
20150806142239.441400	3.800000	20.000000	-39.635224	-41.872502	371.910362	44.089243	1.023609	0.137185	1.010083	0.129058	37.065124	36.968915	37.161767	146.452251	0.076691	0.074524	0.078871	0.117810
20150806142316.859400	41.200000	207.000000	-39.560706	-41.884792	376.838894	37.689479	1.045172	0.123414	1.033278	0.117315	36.878815	36.783089	36.974976	145.717092	0.076814	0.074274	0.079370	0.114884
20150806142459.449200	143.800000	720.000000	-39.530427	-41.864536	376.523306	37.815449	1.050160	0.126091	1.039907	0.120800	36.712167	36.623968	36.800734	144.980640	0.076452	0.074274	0.078641	0.113212
20150806142819.460900	343.800000	1720.000000	-39.507878	-41.851876	376.697538	37.734864	1.054406	0.127136	1.044985	0.122400	36.584654	36.508011	36.661570	144.361446	0.073135	0.071173	0.075106	0.109611
20150806143139.468700	543.800000	2720.000000	-39.493725	-41.845966	376.667540	37.800727	1.057057	0.127319	1.047961	0.122695	36.505647	36.430418	36.581145	143.948223	0.069858	0.067668	0.072059	0.106200
20150806143459.488300	743.800000	3720.000000	-39.484490	-41.841767	376.641638	37.785119	1.058989	0.127043	1.049788	0.122721	36.441247	36.367961	36.514786	143.647325	0.067848	0.066043	0.069663	0.104127
20150806143819.500000	943.800000	4720.000000	-39.476482	-41.835750	376.834356	37.804380	1.060205	0.127738	1.050804	0.122575	36.387981	36.316101	36.460116	143.373856	0.064919	0.063298	0.066547	0.103075
20150806144139.511700	1143.800000	5720.000000	-39.468861	-41.833854	376.800594	37.801944	1.061603	0.128201	1.052308	0.122710	36.345073	36.274830	36.415550	143.195153	0.063622	0.062279	0.064970	0.101580
20150806144459.519500	1343.800000	6720.000000	-39.463899	-41.829721	376.705398	37.808033	1.062238	0.128155	1.052908	0.122613	36.315424	36.248144	36.382919	143.027312	0.062012	0.060384	0.063646	0.100592
20150806144819.539100	1543.800000	7720.000000	-39.459301	-41.826308	376.496740	37.745380	1.063358	0.129066	1.053376	0.123116	36.287624	36.217016	36.358475	142.823604	0.060576	0.058969	0.062190	0.099119
20150806145139.531200	1743.800000	8720.000000	-39.451069	-41.823680	376.692114	37.703206	1.064787	0.128815	1.054621	0.122732	36.261491	36.195157	36.328031	142.675837	0.059845	0.058440	0.061258	0.097630
20150806145459.539100	1943.800000	9720.000000	-39.447103	-41.819728	376.713700	37.836038	1.065446	0.129521	1.055599	0.123488	36.238848	36.169975	36.307949	142.591476	0.058266	0.056753	0.059785	0.096561
20150806145819.550800	2143.800000	10720.000000	-39.439905	-41.814638	376.848635	37.967985	1.066627	0.129704	1.055968	0.123520	36.218839	36.152829	36.285056	142.435011	0.057662	0.055999	0.059333	0.095366
20150806150139.578100	2343.800000	11720.000000	-39.434937	-41.812450	376.680159	37.785119	1.066163	0.129620	1.056221	0.123212	36.198721	36.133329	36.264319	142.332714	0.057259	0.056259	0.058264	0.095588
20150806150459.578100	2543.800000	12720.000000	-39.432297	-41.811011	376.651490	37.718481	1.067042	0.129144	1.056996	0.123299	36.176146	36.109712	36.242797	142.197785	0.056572	0.055374	0.057776	0.096830
20150806150819.589800	2743.800000	13720.000000	-39.429987	-41.810710	376.771150	37.776263	1.067935	0.130318	1.057485	0.123951	36.164448	36.098885	36.230215	142.131252	0.055840	0.054409	0.057278	0.094312
20150806151139.601600	2943.800000	14720.000000	-39.426587	-41.807104	376.702409	37.860391	1.068913	0.130584	1.058350	0.124099	36.152277	36.084993	36.219783	142.041664	0.056206	0.055125	0.057292	0.095944
20150806151459.621100	3143.800000	15720.000000	-39.422396	-41.805471	376.729529	37.841241	1.068898	0.130434	1.058446	0.123965	36.135729	36.065701	36.206002	141.911245	0.055285	0.054067	0.056509	0.095103
20150806151819.601600	3343.800000	16720.000000	-39.417875	-41.805328	376.621492	38.005842	1.069275	0.130478	1.058949	0.124422	36.122811	36.052920	36.192943	141.809168	0.054985	0.053943	0.056031	0.094499
20150806152139.621100	3543.800000	17720.000000	-39.417837	-41.804690	376.630347	37.821537	1.069648	0.130622	1.058996	0.124369	36.115698	36.046199	36.185440	141.757520	0.054812	0.053594	0.056036	0.093343
20150806152459.640600	3743.800000	18720.000000	-39.414463	-41.802249	376.529505	37.761541	1.069477	0.130875	1.059004	0.124138	36.100549	36.029567	36.171783	141.656697	0.054297	0.053236	0.055362	0.093892
20150806152819.640600	3943.800000	19720.000000	-39.411733	-41.803656	376.640531	37.806372	1.070215	0.130216	1.059498	0.124077	36.086895	36.014543	36.159510	141.589783	0.054810	0.053381	0.056246	0.092740
20150806153139.660200	4143.800000	20720.000000	-39.410729	-41.799152	376.676949	37.879209	1.070728	0.130559	1.059851	0.124429	36.078796	36.004974	36.152901	141.490949	0.054643	0.053940	0.055350	0.093381
20150806153459.671900	4343.800000	21720.000000	-39.405677	-41.797910	376.784986	37.858841	1.071654	0.130782	1.060651	0.124478	36.067501	35.994394	36.140874	141.448819	0.054016	0.052463	0.055578	0.094069
20150806153819.679700	4543.800000	22720.000000	-39.404318	-41.797102	376.745247	37.792093	1.071517	0.130901	1.060640	0.124063	36.057365	35.983817	36.131191	141.366371	0.053822	0.052611	0.055037	0.093187
20150806154139.679700	4743.800000	23720.000000	-39.404962	-41.798220	376.530169	37.781577	1.071830	0.131559	1.060767	0.124667	36.052019	35.975934	36.128400	141.304722	0.053558	0.052638	0.054481	0.093110
20150806154459.679700	4943.800000	24720.000000	-39.404247	-41.796625	376.529726	37.805929	1.072438	0.131632	1.061436	0.125076	36.044676	35.967195	36.122464	141.269010	0.053128	0.052180	0.054082	0.090933
20150806154819.699200	5143.800000	25720.000000	-39.400134	-41.797117	376.689236	37.817995	1.072358	0.130909	1.061158	0.124005	36.027686	35.951337	36.104334	141.152648	0.053573	0.052543	0.054608	0.092849
20150806155139.710900	5343.800000	26720.000000	-39.400545	-41.796232	376.762405	37.961565	1.072249	0.131005	1.061446	0.124530	36.021025	35.942093	36.100281	141.153727	0.053226	0.052329	0.054127	0.092555
20150806155459.738300	5543.800000	27720.000000	-39.398176	-41.797627	376.790300	37.850207	1.073596	0.131076	1.062259	0.125000	36.013952	35.934585	36.093646	141.070929	0.053060	0.051895	0.054232	0.092315
20150806155819.718700	5743.800000	28720.000000	-39.397786	-41.795982	376.680491	37.791761	1.074153	0.131249	1.062270	0.124796	36.007989	35.929271	36.087028	141.025447	0.052211	0.051102	0.053327	0.090866
20150806160139.750000	5943.800000	29720.000000	-39.397851	-41.795052	376.568912	37.742613	1.073520	0.132111	1.062602	0.125387	36.000759	35.921752	36.080093	140.981784	0.051720	0.050423	0.053023	0.092049
20150806160459.781200	6143.800000	30720.000000	-39.395255	-41.794196	376.588283	37.883858	1.072307	0.129933	1.061317	0.123782	35.990066	35.909424	36.071048	140.880162	0.052554	0.051577	0.053535	0.090047
20150806160819.750000	6343.800000	31720.000000	-39.392496	-41.790695	376.756538	37.838916	1.072503	0.129375	1.061817	0.123324	35.975485	35.895600	36.055702	140.825315	0.052812	0.051876	0.053753	0.091681
20150806161139.761700	6543.800000	32720.000000	-39.389754	-41.794956	376.940068	37.875002	1.072531	0.129209	1.061690	0.123020	35.966190	35.885195	36.047527	140.768746	0.052984	0.051869	0.054104	0.091427
20150806161459.781200	6743.800000	33720.000000	-39.387698	-41.791696	376.684144	37.849875	1.072638	0.128950	1.061292	0.122918	35.952658	35.871859	36.033793	140.662234	0.052883	0.051929	0.053843	0.092042
20150806161819.808600	6943.800000	34720.000000	-39.386330	-41.788245	376.706172	37.846886	1.072035	0.128940	1.061332	0.122681	35.949170	35.867080	36.031613	140.618135	0.052269	0.051017	0.053527	0.091107
20150806162139.800800	7143.800000	35720.000000	-39.384094	-41.790215	376.711486	37.670329	1.072230	0.128606	1.061329	0.122463	35.938842	35.856903	36.021133	140.537521	0.052497	0.051601	0.053398	0.093078
20150806162459.808600	7343.800000	36720.000000	-39.380679	-41.788138	376.596696	37.859616	1.072849	0.128648	1.061746	0.122646	35.936676	35.853930	36.019774	140.499469	0.052813	0.051825	0.053807	0.091746
20150806162819.828100	7543.800000	37720.000000	-39.376429	-41.786636	376.867564	37.766522	1.073620	0.129045	1.062066	0.122468	35.924066	35.841075	36.007421	140.456995	0.052924	0.052009	0.053843	0.091909
20150806163139.859400	7743.800000	38720.000000	-39.376030	-41.785440	376.788639	37.870575	1.073514	0.128937	1.062159	0.122753	35.922041	35.839746	36.004692	140.445301	0.052475	0.051528	0.053427	0.088068
20150806163459.828100	7943.800000	39720.000000	-39.376176	-41.785581	376.715249	37.805265	1.073450	0.129345	1.062085	0.122584	35.912584	35.829945	35.995578	140.316147	0.051413	0.050308	0.052524	0.091188
20150806163819.859400	8143.800000	40720.000000	-39.375541	-41.780547	376.446927	37.799620	1.073673	0.129160	1.062032	0.122323	35.905751	35.822057	35.989811	140.307397	0.052072	0.050754	0.053398	0.090034
20150806164139.851600	8343.800000	41720.000000	-39.372784	-41.783465	376.627248	37.736635	1.073912	0.129362	1.062487	0.122309	35.904837	35.825658	35.984339	140.273809	0.052391	0.051521	0.053266	0.092541
20150806164459.871100	8543.800000	42720.000000	-39.369467	-41.780329	376.787200	37.766301	1.074550	0.129072	1.062905	0.122218	35.895927	35.814517	35.977682	140.213958	0.051811	0.050727	0.052901	0.090139
20150806164819.898400	8743.800000	43720.000000	-39.369134	-41.779385	376.842658	37.928025	1.074687	0.129957	1.063089	0.122816	35.891060	35.811900	35.970547	140.187107	0.052078	0.050486	0.053678	0.090851
20150806165139.890600	8943.800000	44720.000000	-39.367143	-41.779072	376.708386	37.820098	1.074690	0.129412	1.062839	0.122592	35.887042	35.806781	35.967638	140.139115	0.051972	0.050801	0.053150	0.090473
20150806165459.929700	9143.800000	45720.000000	-39.366052	-41.777382	376.638981	37.695014	1.075148	0.129412	1.063159	0.122288	35.877759	35.796022	35.959846	140.074417	0.052063	0.050899	0.053234	0.090416
20150806165819.921900	9343.800000	46720.000000	-39.364690	-41.778467	376.744472	37.736967	1.075204	0.129650	1.063107	0.122519	35.873716	35.792551	35.955225	140.023509	0.052089	0.050794	0.053391	0.090199
20150806170139.929700	9543.800000	47720.000000	-39.363766	-41.778228	376.686469	37.802276	1.075850	0.129882	1.063796	0.122476	35.870223	35.788940	35.951847	139.967958	0.051735	0.050394	0.053083	0.091286
20150806170459.921900	9743.800000	48720.000000	-39.359448	-41.776455	376.715471	37.872899	1.075540	0.129954	1.063531	0.122522	35.859068	35.779291	35.939179	139.848447	0.052136	0.050795	0.053483	0.090843
20150806170819.941400	9943.800000	49720.000000	-39.359055	-41.776971	376.717906	37.876220	1.076289	0.129526	1.063807	0.122275	35.852175	35.773545	35.931130	139.807978	0.052291	0.050652	0.053940	0.090873
20150806171139.949200	10143.800000	50720.000000	-39.357371	-41.776208	376.780780	37.749476	1.075866	0.129216	1.063706	0.121622	35.849120	35.769027	35.929547	139.742711	0.051687	0.050045	0.053336	0.090643
20150806171459.980500	10343.800000	51720.000000	-39.355565	-41.775379	376.544559	37.815892	1.075605	0.129499	1.063487	0.122175	35.840726	35.760445	35.921343	139.689960	0.052258	0.050821	0.053703	0.090692
20150806171819.968700	10543.800000	52720.000000	-39.354483	-41.774276	376.563488	37.669444	1.075952	0.129310	1.063418	0.121898	35.835134	35.752867	35.917755	139.659276	0.051742	0.050129	0.053365	0.089499
20150806172139.980500	10743.800000	53720.000000	-39.353246	-41.773606	376.726429	37.798624	1.076652	0.129812	1.064183	0.122564	35.835264	35.753479	35.917398	139.625453	0.052142	0.050597	0.053696	0.091553
20150806172459.988300	10943.800000	54720.000000	-39.347563	-41.771350	376.838452	37.778367	1.077173	0.129920	1.064467	0.122071	35.824793	35.743260	35.906670	139.582026	0.051778	0.050305	0.053259	0.090370
20150806172819.988300	11143.800000	55720.000000	-39.348317	-41.771937	376.644184	37.949721	1.076791	0.130155	1.064318	0.122724	35.823804	35.741804	35.906159	139.513534	0.052372	0.051091	0.053659	0.090531
20150806173140.000000	11343.800000	56720.000000	-39.346803	-41.772009	376.785208	37.644427	1.077000	0.129605	1.064474	0.121831	35.818951	35.735501	35.902769	139.478818	0.052002	0.050588	0.053424	0.091219
20150806173500.058600	11543.800000	57720.000000	-39.347360	-41.769741	376.652486	37.716378	1.077325	0.129491	1.064345	0.121892	35.815325	35.731675	35.899338	139.432868	0.052587	0.050933	0.054251	0.092928
20150806173820.019500	11743.800000	58720.000000	-39.343921	-41.769052	376.757977	37.782352	1.077682	0.130415	1.064501	0.122328	35.810010	35.728680	35.891690	139.377216	0.052305	0.051107	0.053509	0.090096
20150806174140.039100	11943.800000	59720.000000	-39.341933	-41.768471	376.861476	37.785008	1.078034	0.130295	1.065334	0.122112	35.804348	35.721620	35.887441	139.337061	0.052156	0.050871	0.053447	0.090545
20150806174500.050800	12143.800000	60720.000000	-39.341012	-41.769919	376.877637	37.773053	1.078169	0.130310	1.065293	0.122209	35.800606	35.717184	35.884395	139.300334	0.052649	0.051169	0.054135	0.091795
20150806174820.058600	12343.800000	61720.000000	-39.340151	-41.768799	376.867896	37.743719	1.077960	0.130304	1.065413	0.122179	35.801008	35.717820	35.884560	139.218609	0.052076	0.050604	0.053554	0.090951
20150806175140.070300	12543.800000	62720.000000	-39.339880	-41.768578	376.595921	37.693575	1.078087	0.130169	1.065108	0.122248	35.790821	35.706720	35.875297	139.225402	0.051635	0.050016	0.053262	0.090649
20150806175500.070300	12743.800000	63720.000000	-39.338905	-41.768724	376.644073	37.636236	1.077765	0.130405	1.064964	0.122039	35.788219	35.703906	35.872903	139.138944	0.051980	0.050650	0.053317	0.091674
20150806175820.078100	12943.800000	64720.000000	-39.337895	-41.767270	376.600460	37.846222	1.078763	0.130718	1.065260	0.122849	35.786060	35.698501	35.874026	139.103256	0.051964	0.050545	0.053392	0.091151
20150806180140.089800	13143.800000	65720.000000	-39.335058	-41.766090	376.799155	37.759881	1.079174	0.130751	1.066032	0.122433	35.778033	35.695764	35.860661	139.076199	0.052044	0.051206	0.052886	0.091005
20150806180500.019500	13343.800000	66720.000000	-39.334384	-41.767136	376.819523	37.704866	1.079234	0.130880	1.065919	0.122364	35.776101	35.692468	35.860107	139.028833	0.052376	0.050970	0.053789	0.091430
20150806180819.679700	13543.800000	67720.000000	-39.333237	-41.766638	376.637542	37.859062	1.079187	0.130891	1.065989	0.122596	35.765799	35.680144	35.851842	138.977279	0.052412	0.050946	0.053885	0.090317
20150806181139.488300	13743.800000	68720.000000	-39.331690	-41.765732	376.562160	37.747926	1.079254	0.130611	1.065986	0.122401	35.767330	35.682892	35.852141	138.924987	0.052186	0.050669	0.053711	0.092465
20150806181459.398400	13943.800000	69720.000000	-39.331052	-41.764641	376.645734	37.813567	1.079688	0.131083	1.065869	0.122523	35.758864	35.671891	35.846236	138.895736	0.052371	0.051052	0.053698	0.090497
20150806181819.308600	14143.800000	70720.000000	-39.329008	-41.765056	376.820298	37.793864	1.080137	0.130897	1.066689	0.122550	35.752948	35.665386	35.840920	138.828441	0.053181	0.052011	0.054358	0.092284
20150806182139.300800	14343.800000	71720.000000	-39.327244	-41.762329	376.879851	37.796631	1.080056	0.131444	1.066861	0.122708	35.751925	35.669087	35.835120	138.793253	0.051340	0.049586	0.053102	0.091039
20150806182459.281200	14543.800000	72720.000000	-39.328763	-41.764472	376.831478	37.649076	1.080524	0.131138	1.066670	0.122471	35.749995	35.664795	35.835581	138.777018	0.052026	0.050454	0.053606	0.092413
20150806182819.289100	14743.800000	73720.000000	-39.324421	-41.763700	376.529062	37.671215	1.080373	0.131210	1.066418	0.122404	35.741837	35.656583	35.827478	138.704825	0.052672	0.051385	0.053966	0.094262
20150806183139.269500	14943.800000	74720.000000	-39.326221	-41.763178	376.699309	37.560410	1.080749	0.131046	1.066938	0.122251	35.735115	35.649871	35.820746	138.654612	0.052881	0.051284	0.054487	0.091164
20150806183459.269500	15143.800000	75720.000000	-39.324549	-41.762746	376.654921	37.805819	1.081035	0.131517	1.067078	0.122628	35.736152	35.653291	35.819373	138.639236	0.052148	0.050423	0.053882	0.092121
20150806183819.281200	15343.800000	76720.000000	-39.323506	-41.762528	376.835131	37.869910	1.081071	0.131571	1.067472	0.122964	35.727164	35.642389	35.812315	138.568571	0.052407	0.050617	0.054207	0.092777
20150806184139.289100	15543.800000	77720.000000	-39.321256	-41.762996	376.884611	37.875666	1.081362	0.131667	1.067644	0.122747	35.725970	35.643080	35.809219	138.579030	0.053225	0.051506	0.054953	0.091834
20150806184459.308600	15743.800000	78720.000000	-39.322952	-41.759536	376.669201	37.822201	1.080919	0.131867	1.066941	0.122720	35.720726	35.635125	35.806712	138.508519	0.052561	0.050844	0.054286	0.092817
20150806184819.289100	15943.800000	79720.000000	-39.321131	-41.760725	376.601899	37.768293	1.081112	0.132052	1.067096	0.122578	35.715554	35.630803	35.800685	138.439987	0.052432	0.051003	0.053867	0.091705
20150806185139.300800	16143.800000	80720.000000	-39.318529	-41.760439	376.811996	37.640996	1.081976	0.131559	1.067993	0.122729	35.708250	35.623074	35.793803	138.423215	0.053226	0.051505	0.054956	0.092689
20150806185459.339800	16343.800000	81720.000000	-39.316288	-41.760624	376.778455	37.784898	1.082015	0.132197	1.068024	0.122395	35.707430	35.622384	35.792853	138.376359	0.052075	0.050060	0.054099	0.092771
20150806185819.328100	16543.800000	82720.000000	-39.315892	-41.759638	376.849189	37.794639	1.082475	0.131973	1.068283	0.122981	35.700532	35.617428	35.783995	138.348259	0.052424	0.051020	0.053836	0.092841
20150806190139.339800	16743.800000	83720.000000	-39.314989	-41.758869	376.890035	37.644870	1.082677	0.132235	1.068461	0.122700	35.702734	35.618506	35.787333	138.326980	0.053120	0.051390	0.054857	0.092743
20150806190459.359400	16943.800000	84720.000000	-39.315260	-41.761566	376.767607	37.679849	1.082418	0.132251	1.068185	0.122614	35.696505	35.611119	35.782267	138.252446	0.052894	0.050984	0.054812	0.093433
20150806190819.371100	17143.800000	85720.000000	-39.315278	-41.759131	376.576661	37.716821	1.082546	0.132217	1.067811	0.122738	35.693430	35.607798	35.779445	138.216417	0.053002	0.051103	0.054911	0.091940
20150806191139.371100	17343.800000	86720.000000	-39.314342	-41.758222	376.716688	37.816999	1.082825	0.132821	1.067692	0.123130	35.691152	35.603361	35.779342	138.205973	0.053343	0.051757	0.054938	0.093054
20150806191459.378900	17543.800000	87720.000000	-39.311222	-41.757048	376.887932	37.860391	1.083562	0.133017	1.068944	0.122663	35.687369	35.602533	35.772580	138.167601	0.053284	0.051554	0.055021	0.092397
20150806191819.378900	17743.800000	88720.000000	-39.311144	-41.756061	376.668426	37.838363	1.083542	0.133134	1.068918	0.123379	35.679132	35.594485	35.764155	138.094035	0.052803	0.051341	0.054272	0.093334
20150806192139.398400	17943.800000	89720.000000	-39.311138	-41.755057	376.796388	37.644870	1.083296	0.133244	1.068695	0.123197	35.678960	35.594856	35.763428	138.028753	0.052861	0.051006	0.054725	0.091672
20150806192459.410200	18143.800000	90720.000000	-39.308781	-41.757656	376.592047	37.763423	1.083344	0.133029	1.068942	0.123101	35.675558	35.592644	35.758828	138.020872	0.052763	0.050898	0.054637	0.093602
20150806192819.449200	18343.800000	91720.000000	-39.308221	-41.755498	376.614739	37.825411	1.083716	0.133203	1.069055	0.122961	35.673156	35.589972	35.756700	137.972042	0.053463	0.051811	0.055123	0.093089
20150806193139.429700	18543.800000	92720.000000	-39.307350	-41.753775	376.756317	37.764198	1.084503	0.133305	1.069458	0.123275	35.666130	35.582407	35.750217	137.889829	0.052999	0.051304	0.054704	0.093206
20150806193459.449200	18743.800000	93720.000000	-39.303172	-41.754503	376.840555	37.857181	1.084957	0.133736	1.069825	0.123790	35.659073	35.576267	35.742234	137.844215	0.053255	0.051480	0.055040	0.094467
20150806193819.449200	18943.800000	94720.000000	-39.301658	-41.754801	376.699531	37.795967	1.084868	0.133273	1.069850	0.123690	35.651322	35.569692	35.733296	137.805638	0.053449	0.051566	0.055342	0.095959
20150806194139.449200	19143.800000	95720.000000	-39.303214	-41.756741	376.587730	37.594283	1.084594	0.132993	1.069830	0.123221	35.653427	35.573916	35.733262	137.787866	0.053638	0.051597	0.055690	0.093821
20150806194459.460900	19343.800000	96720.000000	-39.305428	-41.755263	376.518768	37.660810	1.084718	0.133296	1.069708	0.123593	35.648327	35.568274	35.728708	137.754852	0.052808	0.050802	0.054827	0.092976
20150806194819.468700	19543.800000	97720.000000	-39.301465	-41.754392	376.662227	37.747926	1.084796	0.133807	1.070047	0.123708	35.644556	35.564348	35.725100	137.695407	0.053813	0.051897	0.055738	0.094042
20150806195139.488300	19743.800000	98720.000000	-39.300976	-41.754485	376.805686	37.664352	1.085599	0.133415	1.071081	0.123575	35.641348	35.560449	35.722587	137.684951	0.053693	0.051632	0.055765	0.094306
20150806195459.511700	19943.800000	99720.000000	-39.299656	-41.754655	376.726651	37.829507	1.085880	0.134139	1.071032	0.123953	35.638065	35.556616	35.719859	137.632787	0.053916	0.052350	0.055489	0.094856
20150806195819.511700	20143.800000	100720.000000	-39.297823	-41.752667	376.772699	37.610333	1.085786	0.134125	1.070935	0.123560	35.636247	35.556705	35.716116	137.633889	0.053911	0.051603	0.056229	0.093631
20150806200139.500000	20343.800000	101720.000000	-39.298779	-41.755236	376.670750	37.682727	1.085669	0.133647	1.070877	0.123865	35.633062	35.554286	35.712155	137.595242	0.053600	0.051593	0.055618	0.094109
20150806200459.519500	20543.800000	102720.000000	-39.298556	-41.753466	376.903650	37.705198	1.086246	0.134124	1.071010	0.124129	35.631393	35.551349	35.711769	137.560144	0.053920	0.052152	0.055698	0.094402
20150806200819.558600	20743.800000	103720.000000	-39.296449	-41.755432	376.766390	37.796078	1.086502	0.133946	1.071373	0.124241	35.626055	35.544665	35.707781	137.525085	0.054336	0.052221	0.056463	0.095265
20150806201139.539100	20943.800000	104720.000000	-39.295999	-41.756032	376.828710	37.802719	1.086361	0.133881	1.071764	0.124180	35.622589	35.543353	35.702147	137.507635	0.054096	0.052183	0.056020	0.095435
20150806201459.558600	21143.800000	105720.000000	-39.295552	-41.753084	376.787754	37.772500	1.087000	0.134449	1.071867	0.124188	35.617998	35.537399	35.698930	137.438536	0.054003	0.051857	0.056160	0.095111
20150806201819.570300	21343.800000	106720.000000	-39.297009	-41.751963	376.576439	37.831500	1.086532	0.134563	1.071465	0.124477	35.612393	35.532788	35.692321	137.423369	0.053516	0.051327	0.055716	0.092916
20150806202139.578100	21543.800000	107720.000000	-39.297423	-41.752086	376.547769	37.553769	1.086422	0.134577	1.071640	0.124401	35.610451	35.530998	35.690232	137.407978	0.054154	0.052506	0.055810	0.095418
20150806202459.601600	21743.800000	108720.000000	-39.294634	-41.753573	376.683037	37.746708	1.086995	0.134971	1.071953	0.124532	35.603677	35.524958	35.682711	137.356737	0.053558	0.051322	0.055805	0.093693
20150806202819.578100	21943.800000	109720.000000	-39.294127	-41.753904	376.847418	37.739624	1.087763	0.135068	1.072587	0.124671	35.607804	35.526391	35.689559	137.358144	0.054458	0.052431	0.056495	0.094102
20150806203139.601600	22143.800000	110720.000000	-39.293534	-41.751502	376.833249	37.782573	1.087594	0.135064	1.072776	0.124834	35.599729	35.519691	35.680088	137.350979	0.053620	0.051122	0.056130	0.091838
20150806203459.609400	22343.800000	111720.000000	-39.292065	-41.752288	376.854170	37.589634	1.087464	0.134770	1.072720	0.124721	35.593924	35.513790	35.674385	137.257972	0.054587	0.052360	0.056826	0.094149
20150806203819.621100	22543.800000	112720.000000	-39.290566	-41.752220	376.595921	37.730879	1.087565	0.134667	1.072589	0.125084	35.592850	35.510458	35.675593	137.251734	0.053482	0.051396	0.055580	0.092290
20150806204139.628900	22743.800000	113720.000000	-39.292279	-41.751609	376.671968	37.574358	1.087331	0.134647	1.072701	0.124773	35.590582	35.508655	35.672853	137.224766	0.053773	0.051628	0.055929	0.094885
20150806204459.648400	22943.800000	114720.000000	-39.291028	-41.750020	376.630790	37.801834	1.087836	0.135319	1.073075	0.125399	35.587480	35.503417	35.671903	137.205412	0.054316	0.051858	0.056786	0.093378
20150806204819.671900	23143.800000	115720.000000	-39.288834	-41.753132	376.837566	37.793200	1.088549	0.135027	1.073888	0.125035	35.576910	35.495227	35.658932	137.142020	0.053877	0.051512	0.056254	0.095237
20150806205139.699200	23343.800000	116720.000000	-39.289091	-41.753361	376.807900	37.769843	1.088588	0.134712	1.073744	0.125397	35.579478	35.497744	35.661556	137.074515	0.054594	0.052505	0.056695	0.094765
20150806205459.660200	23543.800000	117720.000000	-39.289693	-41.750855	376.702962	37.682395	1.087949	0.135708	1.073526	0.125265	35.575338	35.494529	35.656484	137.143260	0.054392	0.052287	0.056505	0.092967
20150806205819.679700	23743.800000	118720.000000	-39.289895	-41.752121	376.565813	37.747926	1.088052	0.135029	1.073358	0.125307	35.569684	35.485808	35.653924	137.063124	0.055003	0.053009	0.057008	0.093397
20150806210139.691400	23943.800000	119720.000000	-39.288354	-41.750309	376.622045	37.852421	1.088685	0.135593	1.073917	0.125644	35.567771	35.484251	35.651645	137.096433	0.054805	0.052459	0.057163	0.093981
20150806210459.699200	24143.800000	120720.000000	-39.284790	-41.750992	376.856273	37.687044	1.089192	0.135059	1.074555	0.125404	35.562198	35.480182	35.644560	137.061556	0.054932	0.052568	0.057309	0.092512
20150806210819.718700	24343.800000	121720.000000	-39.286304	-41.749138	376.938076	37.659814	1.089420	0.135525	1.074567	0.125585	35.557799	35.475527	35.640417	137.032635	0.055117	0.052630	0.057616	0.093449
20150806211139.718700	24543.800000	122720.000000	-39.285908	-41.751460	376.685030	37.837145	1.089047	0.135955	1.074852	0.125828	35.555812	35.473122	35.638849	136.999271	0.054080	0.051880	0.056290	0.092872
20150806211459.738300	24743.800000	123720.000000	-39.285583	-41.749210	376.571126	37.683723	1.088933	0.135583	1.074561	0.126008	35.553129	35.471635	35.634960	136.962434	0.055249	0.052906	0.057604	0.094699
20150806211819.750000	24943.800000	124720.000000	-39.286349	-41.751296	376.621934	37.700992	1.089557	0.135558	1.074924	0.125889	35.548727	35.467459	35.630329	136.918658	0.054912	0.052483	0.057353	0.095287
20150806212139.738300	25143.800000	125720.000000	-39.284882	-41.752181	376.727204	37.812350	1.089676	0.135764	1.075078	0.126343	35.544825	35.461332	35.628674	136.911147	0.054985	0.052724	0.057258	0.093231
20150806212459.761700	25343.800000	126720.000000	-39.282203	-41.750861	376.746354	37.791428	1.090309	0.136284	1.075790	0.126615	35.543753	35.459591	35.628278	136.883198	0.054949	0.052723	0.057187	0.093056
20150806212819.769500	25543.800000	127720.000000	-39.282626	-41.749856	376.784986	37.725898	1.090345	0.135916	1.075968	0.126268	35.534518	35.451774	35.617605	136.857021	0.054748	0.052288	0.057219	0.094629
20150806213139.800800	25743.800000	128720.000000	-39.282212	-41.750336	376.669422	37.706637	1.090134	0.135514	1.075621	0.126314	35.531353	35.447161	35.615914	136.817460	0.054720	0.052347	0.057106	0.092189
20150806213459.789100	25943.800000	129720.000000	-39.282322	-41.749612	376.527180	37.727890	1.090102	0.135946	1.075412	0.126635	35.531323	35.446400	35.616616	136.848757	0.055397	0.053106	0.057702	0.092632
20150806213819.800800	26143.800000	130720.000000	-39.282293	-41.749967	376.570019	37.606570	1.090508	0.135787	1.076060	0.126531	35.522880	35.439650	35.606462	136.795331	0.055464	0.053110	0.057831	0.092348
20150806214139.839800	26343.800000	131720.000000	-39.281416	-41.750554	376.690011	37.788550	1.090949	0.136051	1.076443	0.126548	35.520132	35.433527	35.607118	136.787019	0.055646	0.053337	0.057967	0.094217
20150806214459.808600	26543.800000	132720.000000	-39.280156	-41.749499	376.969845	37.798513	1.091283	0.136350	1.076998	0.127360	35.518558	35.433311	35.604169	136.741681	0.055961	0.053520	0.058415	0.094703
20150806214819.820300	26743.800000	133720.000000	-39.280850	-41.750226	376.729197	37.835927	1.091430	0.136598	1.076917	0.127252	35.514046	35.429367	35.599088	136.729019	0.055972	0.053281	0.058678	0.094994
20150806215139.828100	26943.800000	134720.000000	-39.278758	-41.750956	376.643077	37.673872	1.091431	0.136106	1.076903	0.126705	35.508186	35.420489	35.596279	136.675056	0.056241	0.054021	0.058474	0.095248
20150806215459.851600	27143.800000	135720.000000	-39.278997	-41.749374	376.546884	37.710511	1.091249	0.136235	1.076802	0.126953	35.503537	35.417313	35.590136	136.665226	0.055984	0.053228	0.058755	0.094411
20150806215819.878900	27343.800000	136720.000000	-39.276982	-41.749856	376.707833	37.661474	1.091787	0.136102	1.077333	0.127111	35.499782	35.413398	35.586546	136.632419	0.055345	0.052912	0.057792	0.092364
20150806220139.871100	27543.800000	137720.000000	-39.275355	-41.749132	376.754878	37.886957	1.092101	0.136810	1.077808	0.127457	35.498005	35.410621	35.585780	136.609232	0.056280	0.053908	0.058664	0.095222
20150806220459.878900	27743.800000	138720.000000	-39.274523	-41.747514	376.837566	37.697007	1.092200	0.136634	1.078177	0.127348	35.491682	35.404411	35.579337	136.586713	0.056443	0.053491	0.059409	0.095102
20150806220819.878900	27943.800000	139720.000000	-39.275849	-41.747645	376.643188	37.835706	1.092091	0.136963	1.077841	0.127642	35.487599	35.397604	35.578011	136.548987	0.055695	0.053359	0.058043	0.093751
20150806221139.890600	28143.800000	140720.000000	-39.277235	-41.748590	376.641970	37.695789	1.091945	0.136761	1.077536	0.127552	35.483710	35.396391	35.571417	136.513027	0.056302	0.053785	0.058832	0.094160
20150806221459.898400	28343.800000	141720.000000	-39.275852	-41.746972	376.737167	37.747926	1.092278	0.136908	1.078068	0.127650	35.479559	35.392150	35.567358	136.501494	0.056470	0.053915	0.059039	0.093125
20150806221819.910200	28543.800000	142720.000000	-39.272586	-41.747007	376.907746	37.677082	1.093180	0.136557	1.078617	0.127551	35.473770	35.384984	35.562954	136.462623	0.056666	0.053761	0.059588	0.093937
20150806222139.941400	28743.800000	143720.000000	-39.271519	-41.747112	376.963536	37.650626	1.093487	0.136749	1.079508	0.128020	35.469747	35.383829	35.556039	136.420315	0.057179	0.054418	0.059954	0.095370
20150806222459.941400	28943.800000	144720.000000	-39.271728	-41.746858	376.910735	37.801612	1.093063	0.137037	1.079205	0.128337	35.463870	35.380082	35.548011	136.350476	0.056640	0.054377	0.058915	0.095108
20150806222819.949200	29143.800000	145720.000000	-39.272139	-41.746075	376.604445	37.809361	1.092909	0.137373	1.079028	0.128194	35.461048	35.376629	35.545821	136.353106	0.057364	0.054840	0.059900	0.096829
20150806223139.960900	29343.800000	146720.000000	-39.272142	-41.745613	376.610754	37.690365	1.093222	0.136741	1.078822	0.127836	35.454269	35.367591	35.541321	136.283625	0.056418	0.053600	0.059252	0.095197
20150806223459.988300	29543.800000	147720.000000	-39.269484	-41.746235	376.656028	37.652397	1.093813	0.137075	1.079584	0.128172	35.451363	35.364094	35.539016	136.292207	0.057539	0.055107	0.059984	0.095809
20150806223819.968700	29743.800000	148720.000000	-39.267356	-41.746590	376.779673	37.638007	1.094193	0.137250	1.079968	0.128603	35.449713	35.362325	35.537484	136.257243	0.057562	0.054723	0.060417	0.096314
20150806224140.000000	29943.800000	149720.000000	-39.266891	-41.746396	376.995637	37.932010	1.094593	0.137501	1.080431	0.128816	35.444407	35.356547	35.532655	136.213381	0.058025	0.055455	0.060611	0.095878
20150806224459.988300	30143.800000	150720.000000	-39.267499	-41.745073	376.654810	37.808697	1.094252	0.137396	1.080017	0.128590	35.433056	35.346369	35.520116	136.158055	0.057730	0.054855	0.060621	0.096407
20150806224820.011700	30343.800000	151720.000000	-39.267406	-41.746086	376.611529	37.675643	1.093904	0.137339	1.080151	0.128560	35.434923	35.348714	35.521503	136.160698	0.057651	0.055259	0.060057	0.095056
20150806225140.019500	30543.800000	152720.000000	-39.267928	-41.745070	376.571901	37.848214	1.094491	0.137531	1.080113	0.128639	35.426378	35.337830	35.515311	136.092221	0.057482	0.054503	0.060479	0.094410
20150806225500.050800	30743.800000	153720.000000	-39.266459	-41.746110	376.775135	37.775267	1.095059	0.137573	1.081184	0.128941	35.421144	35.330710	35.511989	136.090865	0.058423	0.055945	0.060914	0.094858
20150806225820.039100	30943.800000	154720.000000	-39.265332	-41.745461	376.730968	37.866700	1.095345	0.137576	1.081214	0.129356	35.419300	35.328183	35.510836	136.088151	0.058427	0.055743	0.061128	0.095681
20150806230140.078100	31143.800000	155720.000000	-39.264617	-41.745395	376.835463	37.761098	1.095697	0.137704	1.081495	0.129288	35.413504	35.323195	35.504215	136.037052	0.058397	0.055340	0.061471	0.096530
20150806230500.039100	31343.800000	156720.000000	-39.263896	-41.745583	376.730968	37.815006	1.095461	0.138334	1.081407	0.129830	35.408717	35.318206	35.499636	135.980830	0.058140	0.055319	0.060978	0.095596
20150806230820.058600	31543.800000	157720.000000	-39.264206	-41.744167	376.578542	37.752575	1.095192	0.137833	1.081238	0.129339	35.403394	35.313014	35.494172	135.971288	0.058908	0.055667	0.062167	0.095884
20150806231140.070300	31743.800000	158720.000000	-39.262194	-41.743240	376.580424	37.791207	1.095963	0.137708	1.081756	0.129597	35.396515	35.305633	35.487801	135.938565	0.058420	0.055456	0.061403	0.095380
20150806231500.078100	31943.800000	159720.000000	-39.261127	-41.742933	376.610865	37.849875	1.096317	0.138261	1.082227	0.130147	35.395910	35.301917	35.490344	135.936091	0.058750	0.056041	0.061476	0.094706
20150806231820.128900	32143.800000	160720.000000	-39.259077	-41.745431	376.845536	37.833492	1.096728	0.137911	1.082657	0.130016	35.390325	35.297766	35.483305	135.888803	0.058871	0.055981	0.061779	0.096675
20150806232140.109400	32343.800000	161720.000000	-39.259738	-41.743449	376.761409	37.747372	1.096625	0.138466	1.082654	0.129910	35.388976	35.297740	35.480623	135.871478	0.059238	0.056672	0.061819	0.096012
20150806232500.121100	32543.800000	162720.000000	-39.259807	-41.743151	376.531608	37.712504	1.096472	0.138105	1.082732	0.130170	35.379717	35.286123	35.473749	135.810290	0.059044	0.056255	0.061850	0.094389
20150806232820.140600	32743.800000	163720.000000	-39.259336	-41.743100	376.516000	37.834710	1.096377	0.138474	1.082559	0.130406	35.372959	35.279434	35.466912	135.788016	0.059071	0.055899	0.062263	0.094936
20150806233140.160200	32943.800000	164720.000000	-39.259205	-41.742084	376.598578	37.761763	1.096653	0.138079	1.083003	0.130548	35.369134	35.275106	35.463597	135.796566	0.059532	0.056192	0.062894	0.095512
20150806233500.128900	33143.800000	165720.000000	-39.256281	-41.741706	376.792514	37.774382	1.097834	0.138531	1.083881	0.130587	35.365234	35.268672	35.462268	135.749256	0.059824	0.056751	0.062916	0.095573
20150806233820.148400	33343.800000	166720.000000	-39.255927	-41.740773	376.725544	37.736856	1.097710	0.138376	1.083933	0.130901	35.359717	35.264297	35.455588	135.740731	0.059364	0.056036	0.062714	0.095940
20150806234140.160200	33543.800000	167720.000000	-39.255232	-41.742567	376.685915	37.711065	1.097496	0.138578	1.083910	0.130623	35.355259	35.261695	35.449255	135.683548	0.059646	0.056649	0.062661	0.095340
20150806234500.171900	33743.800000	168720.000000	-39.254514	-41.740946	376.590165	37.929353	1.097644	0.138876	1.083882	0.131159	35.353712	35.260649	35.447197	135.675415	0.059647	0.056217	0.063099	0.095903
20150806234820.191400	33943.800000	169720.000000	-39.254848	-41.740591	376.773696	37.835595	1.097781	0.139025	1.084670	0.130951	35.342126	35.249465	35.435213	135.643942	0.059908	0.057163	0.062667	0.096556
20150806235140.199200	34143.800000	170720.000000	-39.250649	-41.741142	376.932209	37.804380	1.098578	0.139099	1.084858	0.131301	35.336022	35.243065	35.429399	135.606418	0.060285	0.057146	0.063444	0.096391
20150806235500.210900	34343.800000	171720.000000	-39.250359	-41.739983	376.799377	37.780802	1.099117	0.139085	1.085404	0.131574	35.332098	35.238204	35.426422	135.560192	0.060667	0.057809	0.063544	0.096914
20150806235820.210900	34543.800000	172720.000000	-39.250300	-41.741133	376.703184	37.842901	1.099075	0.139304	1.085283	0.131583	35.328301	35.234460	35.422577	135.554572	0.060681	0.057732	0.063648	0.097718
20150807000140.218700	34743.800000	173720.000000	-39.252088	-41.740358	376.597360	37.891496	1.098571	0.139127	1.085292	0.131595	35.323564	35.229630	35.417924	135.505604	0.060774	0.057660	0.063906	0.097086
20150807000500.250000	34943.800000	174720.000000	-39.249909	-41.739649	376.727868	37.652508	1.099020	0.139302	1.085374	0.131462	35.319008	35.221850	35.416631	135.485427	0.061540	0.058705	0.064393	0.096333
20150807000820.238300	35143.800000	175720.000000	-39.246822	-41.741193	376.602231	37.678742	1.099531	0.139282	1.085941	0.131370	35.307346	35.213629	35.401494	135.471181	0.061124	0.058356	0.063908	0.096383
20150807001140.238300	35343.800000	176720.000000	-39.246238	-41.738108	376.834024	37.920055	1.100644	0.139571	1.086763	0.131966	35.304094	35.207193	35.401454	135.473170	0.061597	0.058490	0.064725	0.097702
20150807001500.261700	35543.800000	177720.000000	-39.245788	-41.738615	376.970620	37.693797	1.100761	0.139596	1.087165	0.131798	35.294260	35.196413	35.392581	135.427109	0.061981	0.059183	0.064796	0.098038
20150807001820.281200	35743.800000	178720.000000	-39.244882	-41.736758	376.697095	37.791650	1.100772	0.139495	1.087129	0.131941	35.284288	35.185702	35.383354	135.386147	0.061896	0.058828	0.064983	0.096874
20150807002140.269500	35943.800000	179720.000000	-39.245743	-41.739721	376.820630	37.676307	1.100817	0.139074	1.087016	0.132091	35.285802	35.186123	35.385964	135.368436	0.061768	0.058605	0.064953	0.097035
20150807002500.281200	36143.800000	180720.000000	-39.244918	-41.737643	376.617175	37.620185	1.101169	0.139617	1.087414	0.132257	35.276133	35.177334	35.375413	135.337176	0.062438	0.059718	0.065177	0.098482
20150807002820.289100	36343.800000	181720.000000	-39.243699	-41.735989	376.705065	37.693243	1.101459	0.140011	1.088131	0.132322	35.270007	35.172074	35.368401	135.296514	0.062316	0.058846	0.065806	0.097940
20150807003140.300800	36543.800000	182720.000000	-39.241630	-41.736433	376.824061	37.805929	1.101797	0.140022	1.088072	0.132686	35.265320	35.164111	35.367037	135.264392	0.062895	0.060025	0.065785	0.098721
20150807003500.320300	36743.800000	183720.000000	-39.240769	-41.737727	376.812771	37.711729	1.102378	0.139737	1.088647	0.132254	35.258347	35.155163	35.362069	135.226555	0.062823	0.060073	0.065591	0.097877
20150807003820.339800	36943.800000	184720.000000	-39.240799	-41.737173	376.679495	37.621181	1.101804	0.140105	1.087906	0.132548	35.256364	35.154125	35.359118	135.221743	0.063077	0.059757	0.066419	0.098780
20150807004140.339800	37143.800000	185720.000000	-39.241660	-41.736267	376.605662	37.941861	1.101748	0.140168	1.088166	0.132777	35.246164	35.141687	35.351180	135.197188	0.062837	0.059668	0.066026	0.097006
20150807004500.359400	37343.800000	186720.000000	-39.240391	-41.736767	376.648280	37.863822	1.102329	0.140131	1.088975	0.133203	35.240707	35.135543	35.346423	135.170629	0.063210	0.060200	0.066240	0.097192
20150807004820.351600	37543.800000	187720.000000	-39.237550	-41.735054	376.898780	37.717153	1.103057	0.140287	1.089633	0.133220	35.235315	35.130270	35.340904	135.158995	0.064211	0.061012	0.067430	0.096921
20150807005140.359400	37743.800000	188720.000000	-39.237175	-41.735864	376.908963	37.709515	1.103710	0.140698	1.090199	0.133553	35.232680	35.128155	35.337743	135.130569	0.062961	0.059600	0.066345	0.097147
20150807005500.371100	37943.800000	189720.000000	-39.236478	-41.735092	376.718238	37.786226	1.103664	0.140762	1.090245	0.133991	35.225174	35.119773	35.331131	135.112924	0.063791	0.060862	0.066741	0.097446
20150807005820.378900	38143.800000	190720.000000	-39.237321	-41.735951	376.632782	37.652618	1.103568	0.139955	1.089778	0.133570	35.216298	35.110185	35.322982	135.070614	0.063882	0.060909	0.066878	0.099074
20150807010140.398400	38343.800000	191720.000000	-39.237321	-41.735989	376.687908	37.661142	1.103632	0.140506	1.090719	0.133832	35.212922	35.107014	35.319378	135.037133	0.063798	0.060658	0.066957	0.098292
20150807010500.410200	38543.800000	192720.000000	-39.236633	-41.736121	376.857380	37.972081	1.104390	0.141172	1.090786	0.134324	35.203875	35.094422	35.313928	135.001114	0.063777	0.060596	0.066981	0.097722
20150807010820.421900	38743.800000	193720.000000	-39.235512	-41.736669	376.719898	37.928025	1.105146	0.141138	1.091526	0.134559	35.198956	35.092630	35.305840	134.979035	0.064073	0.060994	0.067174	0.097801
20150807011140.429700	38943.800000	194720.000000	-39.236165	-41.737220	376.811221	37.731100	1.104893	0.140939	1.091778	0.134237	35.195184	35.087219	35.303729	134.950416	0.064642	0.061465	0.067840	0.097920
20150807011500.441400	39143.800000	195720.000000	-39.235026	-41.737795	376.774692	37.744162	1.105110	0.141239	1.091830	0.134475	35.187533	35.080789	35.294838	134.921196	0.064971	0.061576	0.068389	0.097737
20150807011820.441400	39343.800000	196720.000000	-39.235348	-41.737980	376.526848	37.684941	1.105219	0.140789	1.092007	0.134707	35.179075	35.070575	35.288154	134.895270	0.065353	0.062147	0.068583	0.098773
20150807012140.460900	39543.800000	197720.000000	-39.233715	-41.736359	376.770707	37.710511	1.106263	0.141346	1.092778	0.134749	35.170512	35.060337	35.281281	134.855321	0.065697	0.062243	0.069176	0.097425
20150807012500.460900	39743.800000	198720.000000	-39.233044	-41.734556	376.722555	37.927471	1.106206	0.141636	1.092975	0.135342	35.165856	35.053860	35.278470	134.846827	0.065371	0.062055	0.068711	0.097125
20150807012820.480500	39943.800000	199720.000000	-39.231772	-41.735608	376.936526	37.829839	1.106780	0.141719	1.093672	0.135725	35.155509	35.044469	35.267154	134.831467	0.065738	0.062041	0.069462	0.099125
20150807013140.488300	40143.800000	200720.000000	-39.232261	-41.734756	376.775024	37.800727	1.107047	0.141592	1.093946	0.135472	35.150755	35.039535	35.262590	134.792138	0.065231	0.061910	0.068576	0.098698
20150807013500.511700	40343.800000	201720.000000	-39.231834	-41.735125	376.605220	37.922158	1.106591	0.141967	1.093551	0.136143	35.142251	35.029121	35.256020	134.737538	0.066150	0.062633	0.069694	0.098590
20150807013820.511700	40543.800000	202720.000000	-39.230809	-41.735346	376.700306	37.795856	1.107057	0.142092	1.094158	0.135905	35.134847	35.020338	35.250007	134.707451	0.065913	0.062435	0.069416	0.098261
20150807014140.500000	40743.800000	203720.000000	-39.228312	-41.734672	376.829928	37.879209	1.107857	0.142182	1.094859	0.136192	35.127366	35.012211	35.243172	134.723424	0.065888	0.062347	0.069455	0.099906
20150807014500.519500	40943.800000	204720.000000	-39.227921	-41.733656	377.084303	37.899908	1.108198	0.142283	1.095445	0.136689	35.121702	35.004292	35.239794	134.656515	0.065732	0.062238	0.069253	0.098204
20150807014820.558600	41143.800000	205720.000000	-39.226875	-41.733164	376.774249	37.731543	1.108899	0.142103	1.095551	0.136325	35.115514	34.997102	35.234635	134.635014	0.066670	0.063435	0.069930	0.099717
20150807015140.550800	41343.800000	206720.000000	-39.224655	-41.734145	376.702630	37.726562	1.108880	0.142181	1.095737	0.136796	35.107161	34.990162	35.224833	134.569862	0.066259	0.062789	0.069758	0.099902
20150807015500.550800	41543.800000	207720.000000	-39.228651	-41.734473	376.617064	37.639557	1.108596	0.142290	1.095728	0.136489	35.103417	34.985230	35.222294	134.590802	0.067437	0.063972	0.070929	0.099596
20150807015820.570300	41743.800000	208720.000000	-39.226106	-41.733179	376.621602	37.893045	1.109070	0.142577	1.096103	0.137161	35.090023	34.970973	35.209783	134.567706	0.067402	0.063843	0.070989	0.099470
20150807020140.578100	41943.800000	209720.000000	-39.225209	-41.732699	376.919922	37.700660	1.109898	0.142343	1.096851	0.136915	35.082537	34.961434	35.204379	134.522868	0.067363	0.063955	0.070797	0.098867
20150807020500.601600	42143.800000	210720.000000	-39.222852	-41.733257	376.953352	37.756117	1.110619	0.142538	1.097546	0.137120	35.072481	34.950262	35.195452	134.499705	0.067864	0.064407	0.071349	0.099652
20150807020820.578100	42343.800000	211720.000000	-39.224157	-41.731889	376.887710	37.834931	1.110283	0.142697	1.097671	0.137458	35.071838	34.947881	35.196576	134.514830	0.068551	0.065243	0.071885	0.100327
20150807021140.589800	42543.800000	212720.000000	-39.222667	-41.731310	376.568248	37.797295	1.110464	0.142859	1.097620	0.137500	35.058393	34.936417	35.181124	134.442102	0.067855	0.064635	0.071100	0.099266
20150807021500.609400	42743.800000	213720.000000	-39.222524	-41.732735	376.666987	37.709515	1.110689	0.142945	1.097939	0.137693	35.045862	34.921303	35.171205	134.421960	0.067870	0.064296	0.071472	0.098816
20150807021820.628900	42943.800000	214720.000000	-39.221901	-41.730697	376.552861	37.849543	1.111367	0.143410	1.098625	0.138360	35.040735	34.914859	35.167399	134.379153	0.068551	0.065127	0.072002	0.100638
20150807022140.640600	43143.800000	215720.000000	-39.220274	-41.730464	376.677835	37.944407	1.112046	0.143397	1.099218	0.138597	35.030344	34.903437	35.158061	134.353294	0.068661	0.064974	0.072378	0.099842
20150807022500.640600	43343.800000	216720.000000	-39.219729	-41.730959	376.685473	38.024992	1.112336	0.143523	1.099587	0.138783	35.018994	34.889617	35.149226	134.331893	0.069049	0.065463	0.072664	0.100059
20150807022820.660200	43543.800000	217720.000000	-39.220426	-41.730300	376.538914	37.971638	1.112055	0.143830	1.099383	0.139028	35.006593	34.876069	35.137979	134.248936	0.069197	0.065357	0.073068	0.101414
20150807023140.691400	43743.800000	218720.000000	-39.218110	-41.731242	376.548102	37.832275	1.112974	0.143669	1.100072	0.138703	35.003090	34.873136	35.133887	134.286704	0.068756	0.064973	0.072571	0.099580
20150807023500.660200	43943.800000	219720.000000	-39.218006	-41.730175	376.434530	37.958908	1.112686	0.143357	1.100108	0.138933	34.986442	34.853695	35.120076	134.219122	0.069619	0.065404	0.073869	0.099130
20150807023820.671900	44143.800000	220720.000000	-39.216990	-41.728664	376.533933	37.907657	1.113617	0.143977	1.100770	0.139358	34.984602	34.851830	35.118272	134.248376	0.069725	0.066185	0.073296	0.099959
20150807024140.710900	44343.800000	221720.000000	-39.217792	-41.728381	376.372763	37.839027	1.113218	0.143460	1.100243	0.139115	34.970998	34.835723	35.107198	134.181058	0.070652	0.066666	0.074675	0.099933
20150807084218.199200	249.750000	222720.000000	-39.243979	-41.763342	376.723109	37.927803	1.112244	0.140230	1.101573	0.138168	34.935524	34.794435	35.077621	133.958514	0.070849	0.067016	0.074717	0.102560
20150807084628.218700	499.750000	223720.000000	-39.241908	-41.759879	376.876973	38.072480	1.112964	0.141177	1.102671	0.139719	34.923282	34.783499	35.064039	133.943543	0.071519	0.067775	0.075296	0.103212
20150807085038.230500	749.750000	224720.000000	-39.239631	-41.761035	376.693111	37.880205	1.113322	0.141165	1.103100	0.139760	34.912439	34.772023	35.053843	133.894613	0.071380	0.067479	0.075316	0.102440
20150807085448.238300	999.750000	225720.000000	-39.242200	-41.760558	376.579096	37.999865	1.114498	0.142319	1.103834	0.140813	34.907762	34.765105	35.051448	133.885583	0.071420	0.067262	0.075617	0.101685
20150807085858.261700	1249.750000	226720.000000	-39.240704	-41.757945	376.719234	37.991342	1.114443	0.141762	1.104454	0.141317	34.896475	34.754311	35.039635	133.825869	0.071489	0.067535	0.075482	0.101274
20150807090308.261700	1499.750000	227720.000000	-39.237896	-41.760481	376.763290	37.944961	1.115826	0.143124	1.105464	0.142056	34.891996	34.745654	35.039422	133.829085	0.071775	0.067961	0.075626	0.101497
20150807090718.269500	1749.750000	228720.000000	-39.238120	-41.758139	376.601899	38.068495	1.115671	0.142313	1.105742	0.141642	34.880302	34.731930	35.029790	133.819034	0.071961	0.067970	0.075990	0.104139
20150807091128.308600	1999.750000	229720.000000	-39.237646	-41.758612	376.549983	37.927803	1.115001	0.142021	1.105383	0.141627	34.867673	34.718581	35.017897	133.806393	0.072659	0.068790	0.076565	0.101797
20150807091538.300800	2249.750000	230720.000000	-39.235527	-41.756654	376.659902	38.081225	1.116262	0.142702	1.106699	0.142441	34.864917	34.713544	35.017450	133.753203	0.072386	0.068291	0.076520	0.102092
20150807091948.300800	2499.750000	231720.000000	-39.232854	-41.756181	376.607544	38.082885	1.115841	0.142273	1.106758	0.142161	34.847822	34.696515	35.000288	133.708449	0.072970	0.068759	0.077221	0.101227
20150807092358.328100	2749.750000	232720.000000	-39.230151	-41.754512	376.737720	37.987246	1.116690	0.141829	1.107538	0.142127	34.837793	34.685546	34.991224	133.653222	0.073606	0.069804	0.077445	0.102419
20150807092808.328100	2999.750000	233720.000000	-39.230630	-41.753024	376.663002	37.900794	1.116347	0.141826	1.107499	0.142488	34.828015	34.673496	34.983746	133.606128	0.073873	0.069527	0.078263	0.102455
20150807093218.371100	3249.750000	234720.000000	-39.226848	-41.753522	376.765726	37.831832	1.116909	0.141904	1.107897	0.142488	34.812656	34.659214	34.967298	133.582187	0.074652	0.070815	0.078527	0.103849
20150807093628.371100	3499.750000	235720.000000	-39.224038	-41.751242	376.805686	38.117533	1.117611	0.142013	1.108636	0.142407	34.803628	34.648686	34.959782	133.517788	0.074322	0.069564	0.079127	0.102848
20150807094038.390600	3749.750000	236720.000000	-39.224426	-41.748170	376.655475	38.063182	1.117753	0.141515	1.109091	0.142708	34.795161	34.639024	34.952533	133.536096	0.074155	0.069675	0.078681	0.101700
20150807094448.378900	3999.750000	237720.000000	-39.222515	-41.748271	376.718570	37.880980	1.118206	0.141839	1.109396	0.143064	34.789579	34.630158	34.950278	133.494756	0.074449	0.070063	0.078880	0.103509
20150807094858.398400	4249.750000	238720.000000	-39.220039	-41.745639	376.603338	38.028313	1.118550	0.142119	1.109759	0.143478	34.780533	34.621140	34.941220	133.500639	0.075385	0.071046	0.079770	0.103533
20150807095308.410200	4499.750000	239720.000000	-39.220208	-41.744879	376.749786	38.019236	1.118925	0.142645	1.110371	0.143900	34.769525	34.609427	34.930912	133.448086	0.074790	0.070120	0.079507	0.101723
20150807095718.410200	4749.750000	240720.000000	-39.213247	-41.743592	376.829264	38.069491	1.119217	0.142218	1.111036	0.144050	34.758621	34.596770	34.921799	133.365086	0.075382	0.070772	0.080039	0.103480
20150807100128.441400	4999.750000	241720.000000	-39.214019	-41.744036	376.836680	38.043700	1.120222	0.142212	1.111923	0.144207	34.749880	34.586539	34.914574	133.379765	0.074979	0.070262	0.079746	0.102942
20150807100538.441400	5249.750000	242720.000000	-39.212546	-41.744453	376.581310	37.906993	1.120098	0.142770	1.111571	0.144757	34.739820	34.575497	34.905514	133.312011	0.076260	0.071794	0.080775	0.103357
20150807100948.449200	5499.750000	243720.000000	-39.210296	-41.743616	376.572676	38.004514	1.120424	0.142200	1.112025	0.144340	34.730197	34.567182	34.894564	133.284012	0.076209	0.071780	0.080685	0.104051
20150807101358.500000	5749.750000	244720.000000	-39.210529	-41.740013	376.819966	38.005178	1.120694	0.142670	1.112604	0.144836	34.718780	34.553658	34.885280	133.264600	0.076434	0.071389	0.081532	0.102990
20150807101808.480500	5999.750000	245720.000000	-39.208967	-41.741932	376.916159	37.974073	1.121242	0.142732	1.113366	0.145374	34.714327	34.545804	34.884292	133.196876	0.076643	0.071888	0.081451	0.104460
20150807102218.480500	6249.750000	246720.000000	-39.206261	-41.739017	376.651379	37.882751	1.121671	0.142732	1.113530	0.145507	34.706704	34.538959	34.875873	133.203431	0.076331	0.071491	0.081225	0.102375
20150807102628.531200	6499.750000	247720.000000	-39.206812	-41.739271	376.492865	37.959572	1.121274	0.142953	1.113400	0.145753	34.697862	34.528058	34.869129	133.167523	0.077079	0.072353	0.081857	0.103141
20150807103038.519500	6749.750000	248720.000000	-39.201940	-41.736642	376.786536	38.009717	1.122443	0.143007	1.114655	0.145946	34.683795	34.511217	34.857895	133.131640	0.077880	0.073277	0.082533	0.103709
20150807103448.539100	6999.750000	249720.000000	-39.201806	-41.735489	376.694328	38.033516	1.122677	0.143068	1.114868	0.146156	34.676876	34.503509	34.851770	133.090508	0.077693	0.072767	0.082674	0.104601
20150807103858.550800	7249.750000	250720.000000	-39.199812	-41.735191	376.672079	37.930017	1.122687	0.143003	1.115386	0.146184	34.665790	34.490547	34.842593	133.012316	0.077876	0.073112	0.082691	0.103153
20150807104308.601600	7499.750000	251720.000000	-39.198006	-41.734347	376.735949	37.808365	1.123699	0.143215	1.115700	0.146171	34.656838	34.479345	34.835943	132.990891	0.078174	0.073238	0.083167	0.104642
20150807104718.578100	7749.750000	252720.000000	-39.199222	-41.734630	376.622045	38.111555	1.123766	0.143608	1.115823	0.146957	34.641634	34.463906	34.820981	132.944921	0.078833	0.073937	0.083786	0.104149
20150807105128.589800	7999.750000	253720.000000	-39.194051	-41.733522	376.642966	37.902233	1.124143	0.143116	1.116864	0.146641	34.628571	34.450141	34.808615	132.897409	0.079173	0.074299	0.084102	0.105035
20150807105538.589800	8249.750000	254720.000000	-39.191157	-41.730917	376.762626	37.932231	1.125203	0.143378	1.117609	0.147309	34.613377	34.434288	34.794101	132.874714	0.079504	0.074558	0.084510	0.104658
20150807105948.609400	8499.750000	255720.000000	-39.192600	-41.729144	376.611640	37.988574	1.125333	0.143773	1.117899	0.147957	34.606597	34.423374	34.791539	132.825569	0.079740	0.074519	0.085023	0.104255
20150807110358.628900	8749.750000	256720.000000	-39.190612	-41.728205	376.671193	37.930571	1.126142	0.143974	1.118671	0.148301	34.591302	34.406863	34.777478	132.775496	0.079950	0.074896	0.085065	0.105598
20150807110808.621100	8999.750000	257720.000000	-39.187706	-41.729299	376.701080	37.990345	1.127069	0.144635	1.119549	0.148333	34.580647	34.396550	34.766495	132.747192	0.079956	0.075071	0.084898	0.106046
20150807111218.648400	9249.750000	258720.000000	-39.186603	-41.725666	376.802365	38.039161	1.127484	0.144794	1.120326	0.149243	34.564069	34.377459	34.752457	132.689511	0.080875	0.075636	0.086177	0.105796
20150807111628.660200	9499.750000	259720.000000	-39.184541	-41.728646	376.792071	37.974848	1.128415	0.144628	1.121067	0.149035	34.548812	34.362916	34.736469	132.684406	0.081559	0.075890	0.087297	0.106828
20150807112038.660200	9749.750000	260720.000000	-39.184547	-41.725082	376.610754	38.007724	1.127983	0.144592	1.121089	0.149552	34.533569	34.346904	34.721999	132.602789	0.081373	0.075569	0.087247	0.105719
20150807112448.710900	9999.750000	261720.000000	-39.180148	-41.726307	376.730636	37.984257	1.128336	0.144449	1.121882	0.149772	34.521265	34.332838	34.711493	132.567755	0.081936	0.076471	0.087466	0.106472
20150807112858.699200	10249.750000	262720.000000	-39.178125	-41.724536	376.686358	37.961676	1.129280	0.144519	1.122964	0.149829	34.503077	34.311990	34.696006	132.515107	0.082706	0.076695	0.088789	0.106060
20150807113308.699200	10499.750000	263720.000000	-39.179269	-41.724444	376.708165	38.096501	1.130455	0.145249	1.123822	0.150751	34.493312	34.300959	34.687545	132.482961	0.083269	0.077295	0.089318	0.107225
20150807113718.730500	10749.750000	264720.000000	-39.178238	-41.720790	376.577768	38.078236	1.130825	0.145568	1.124317	0.151038	34.477039	34.282514	34.673488	132.443466	0.083356	0.077324	0.089463	0.107571
20150807114128.730500	10999.750000	265720.000000	-39.174745	-41.721783	376.524634	37.876552	1.131035	0.145235	1.124629	0.150938	34.462586	34.267480	34.659626	132.368649	0.083383	0.076828	0.090019	0.105204
20150807114538.750000	11249.750000	266720.000000	-39.173100	-41.720212	376.811664	38.152290	1.132046	0.145416	1.125889	0.151948	34.450528	34.254738	34.648242	132.360045	0.083576	0.076703	0.090539	0.108359
20150807114948.769500	11499.750000	267720.000000	-39.174808	-41.721118	376.782551	38.079675	1.132819	0.145533	1.126646	0.152060	34.429348	34.235082	34.625527	132.296654	0.084532	0.077777	0.091375	0.108199
20150807115358.769500	11749.750000	268720.000000	-39.171020	-41.721029	376.845979	38.041154	1.133031	0.145534	1.127505	0.152382	34.414231	34.218019	34.612400	132.227084	0.084411	0.077374	0.091537	0.108119
20150807115808.789100	11999.750000	269720.000000	-39.171538	-41.722659	376.571237	38.007060	1.133216	0.145129	1.127684	0.152484	34.392209	34.192942	34.593513	132.184066	0.085599	0.078782	0.092505	0.108154
20150807120218.800800	12249.750000	270720.000000	-39.166925	-41.720287	376.645955	38.032852	1.134161	0.145183	1.128790	0.153001	34.375979	34.175954	34.578043	132.111366	0.085934	0.078927	0.093036	0.108843
20150807120628.808600	12499.750000	271720.000000	-39.166847	-41.718087	376.806129	38.139893	1.135077	0.145694	1.130172	0.153887	34.353734	34.153707	34.555790	132.077943	0.086672	0.079335	0.094108	0.108383
20150807121038.808600	12749.750000	272720.000000	-39.163057	-41.716493	376.811774	38.097054	1.136589	0.146078	1.131525	0.154176	34.328620	34.125521	34.533808	132.027271	0.087274	0.079850	0.094798	0.108774
20150807121448.828100	12999.750000	273720.000000	-39.162320	-41.716385	376.522642	38.107127	1.137073	0.145937	1.132030	0.154694	34.294923	34.095801	34.496050	131.953976	0.087766	0.080257	0.095381	0.108060
20150807121858.621100	13249.750000	274720.000000	-39.162416	-41.716669	376.590608	38.133030	1.137897	0.146520	1.134042	0.155818	34.261585	34.063596	34.461551	131.873043	0.088964	0.080661	0.097378	0.111100
20150807122308.289100	13499.750000	275720.000000	-39.157352	-41.715086	376.840444	38.074251	1.139157	0.146605	1.135440	0.156063	34.223894	34.027914	34.421800	131.804652	0.089781	0.081196	0.098481	0.109280
20150807122718.179700	13749.750000	276720.000000	-39.154429	-41.712252	376.772367	38.154947	1.140062	0.146355	1.137090	0.156406	34.194790	34.004603	34.386756	131.735259	0.090370	0.081579	0.099277	0.111157
20150807123128.101600	13999.750000	277720.000000	-39.153848	-41.713188	376.802919	38.106352	1.140727	0.146775	1.138285	0.157058	34.167355	33.978163	34.358306	131.663020	0.091037	0.082171	0.100018	0.110768
20150807123538.078100	14249.750000	278720.000000	-39.148921	-41.714764	376.608430	38.016469	1.142060	0.146381	1.139771	0.157214	34.137799	33.953842	34.323387	131.595733	0.091563	0.082175	0.101076	0.109771
20150807123948.078100	14499.750000	279720.000000	-39.148096	-41.708664	376.643852	37.958465	1.143067	0.147261	1.141237	0.158148	34.105249	33.921002	34.291156	131.526751	0.092437	0.083651	0.101336	0.110394
20150807124358.058600	14749.750000	280720.000000	-39.142061	-41.708920	376.761741	38.083328	1.144253	0.147232	1.142634	0.158741	34.079340	33.896928	34.263326	131.452593	0.092898	0.083608	0.102312	0.112211
20150807124808.039100	14999.750000	281720.000000	-39.138467	-41.705242	376.686690	38.098272	1.145319	0.147244	1.144117	0.159028	34.045918	33.864140	34.229269	131.298153	0.092983	0.084174	0.101907	0.114635
20150807125218.070300	15249.750000	282720.000000	-39.135162	-41.702751	376.631897	38.083882	1.145436	0.147676	1.144765	0.159549	34.017881	33.837378	34.199942	131.162825	0.093129	0.084448	0.101921	0.115339
20150807125628.070300	15499.750000	283720.000000	-39.129910	-41.702316	376.632008	38.154061	1.146395	0.147658	1.146038	0.159729	33.983705	33.805586	34.163321	131.016821	0.093829	0.085006	0.102763	0.115748
20150807130038.078100	15749.750000	284720.000000	-39.119718	-41.696963	376.677392	38.199335	1.148026	0.147704	1.147624	0.160521	33.950680	33.773020	34.129822	130.844550	0.093842	0.084887	0.102917	0.118504
20150807130448.128900	15999.750000	285720.000000	-39.113609	-41.697401	376.840001	38.179742	1.149179	0.148525	1.149392	0.160871	33.921655	33.742406	34.102419	130.653779	0.094234	0.085168	0.103411	0.119309
20150807130858.109400	16249.750000	286720.000000	-39.108757	-41.691393	376.817862	38.025989	1.150329	0.148048	1.150429	0.161065	33.891133	33.711300	34.072484	130.394065	0.095188	0.086091	0.104403	0.120637
20150807131308.121100	16499.750000	287720.000000	-39.098830	-41.687674	376.656249	37.948724	1.151407	0.147966	1.151642	0.161775	33.853220	33.671570	34.036447	130.160219	0.095763	0.087106	0.104539	0.123759
20150807131718.191400	16749.750000	288720.000000	-39.083893	-41.680298	376.754656	37.933781	1.152716	0.148979	1.153228	0.162619	33.827444	33.643482	34.013028	129.743490	0.096333	0.087384	0.105400	0.128099
20150807132035.390600	16947.000000	289509.000000	-39.061690	-41.669405	376.726097	37.724569	1.153405	0.148644	1.153832	0.163123	33.801325	33.610737	33.993648	129.088510	0.095314	0.085855	0.104907	0.135515
20150807132216.648400	17048.250000	289914.000000	-39.036927	-41.657845	376.830703	37.645202	1.153748	0.148428	1.154854	0.163499	33.785584	33.588380	33.984663	128.422036	0.096094	0.087401	0.104909	0.144243
20150807132311.910200	17103.500000	290135.000000	-39.011321	-41.647637	376.470727	37.856849	1.153656	0.147585	1.154470	0.163067	33.782877	33.580610	33.987138	127.778188	0.095768	0.086880	0.104788	0.155473
20150807132356.660200	17148.250000	290314.000000	-38.987190	-41.634319	376.826164	37.751800	1.153960	0.147732	1.155012	0.163554	33.780857	33.573660	33.990190	127.133621	0.096549	0.088279	0.104941	0.161716
20150807132427.660200	17179.250000	290438.000000	-38.967464	-41.621876	376.565591	37.967210	1.153120	0.147862	1.154289	0.163830	33.783836	33.568098	34.001914	126.477060	0.095686	0.087165	0.104334	0.172178
20150807132451.441400	17203.000000	290533.000000	-38.943792	-41.614944	376.506923	37.993445	1.153003	0.147402	1.153986	0.164074	33.785057	33.561095	34.011563	125.842134	0.095222	0.086690	0.103890	0.178186
20150807132514.660200	17226.250000	290626.000000	-38.919539	-41.604931	376.371877	37.969424	1.153103	0.146863	1.153880	0.164009	33.789623	33.559250	34.022713	125.199732	0.095827	0.087643	0.104147	0.185125
20150807132531.421900	17243.000000	290693.000000	-38.896296	-41.593534	376.612304	37.900794	1.153236	0.146896	1.153879	0.164602	33.794329	33.557008	34.034543	124.573582	0.095191	0.087158	0.103363	0.191097
20150807132542.171900	17253.750000	290736.000000	-38.875327	-41.585193	376.716799	38.136350	1.153326	0.146489	1.153568	0.164112	33.798823	33.554845	34.045879	123.935234	0.094908	0.086454	0.103511	0.196409
20150807132550.679700	17262.250000	290770.000000	-38.854352	-41.574431	376.560942	38.069270	1.152811	0.146877	1.153106	0.164626	33.807659	33.559118	34.059415	123.309765	0.094793	0.086994	0.102730	0.205103
20150807132555.660200	17267.250000	290790.000000	-38.831813	-41.566629	376.590165	37.951935	1.152696	0.146256	1.152526	0.164958	33.813216	33.556406	34.073459	122.683449	0.095009	0.087165	0.103002	0.214363
20150807132559.421900	17271.000000	290805.000000	-38.812313	-41.556967	376.349074	37.825301	1.151584	0.145910	1.151723	0.164968	33.823283	33.555822	34.094506	122.012108	0.094574	0.086854	0.102441	0.221197
20150807132602.160200	17273.750000	290816.000000	-38.788322	-41.547457	376.156577	38.266526	1.150656	0.146229	1.150288	0.165671	33.834966	33.557667	34.116328	121.341100	0.094191	0.086752	0.101779	0.231424
20150807132604.660200	17276.250000	290826.000000	-38.768158	-41.540319	376.160341	38.220699	1.151000	0.146431	1.150604	0.166248	33.838118	33.555874	34.124562	120.688174	0.093924	0.086281	0.101724	0.237248
20150807132606.671900	17278.250000	290834.000000	-38.748548	-41.532204	376.112411	38.202988	1.150058	0.145818	1.150252	0.166172	33.850189	33.563918	34.140778	120.059043	0.093256	0.085903	0.100760	0.244277
20150807132609.921900	17281.500000	290847.000000	-38.722915	-41.526279	376.486113	38.167677	1.151272	0.145048	1.150621	0.165209	33.855178	33.564990	34.149848	119.412194	0.093974	0.086430	0.101677	0.241960
20150807132613.148400	17284.750000	290860.000000	-38.706345	-41.520849	376.538914	38.057979	1.150115	0.144847	1.149969	0.165315	33.867072	33.574811	34.163847	118.782249	0.094179	0.086075	0.102452	0.240910
20150807132616.410200	17288.000000	290873.000000	-38.685102	-41.513503	376.394901	38.267191	1.150767	0.145421	1.150341	0.165771	33.866511	33.569410	34.168319	118.137028	0.094458	0.086766	0.102312	0.246894
20150807132617.910200	17289.500000	290879.000000	-38.658733	-41.500444	375.980685	38.665024	1.148753	0.146156	1.148959	0.166700	33.882332	33.580148	34.189410	117.423722	0.094888	0.087660	0.102265	0.260833
20150807132618.679700	17290.250000	290882.000000	-38.638038	-41.491283	375.648271	38.561747	1.147973	0.146469	1.147821	0.167162	33.897227	33.590874	34.208630	116.772220	0.093967	0.086496	0.101596	0.267887
20150807132619.429700	17291.000000	290885.000000	-38.614923	-41.481180	375.556506	38.837375	1.146875	0.147113	1.146737	0.167639	33.901699	33.591360	34.217224	116.020777	0.093327	0.085555	0.101262	0.279095
20150807132620.160200	17291.750000	290888.000000	-38.593630	-41.469482	375.151477	38.981055	1.145752	0.147436	1.145345	0.168100	33.915497	33.601099	34.235267	115.286728	0.092919	0.085312	0.100690	0.294339
20150807132620.671900	17292.250000	290890.000000	-38.567874	-41.461197	375.082847	39.127946	1.144929	0.147662	1.144760	0.168728	33.927570	33.609438	34.251152	114.596212	0.092480	0.084356	0.100781	0.299433
20150807132621.160200	17292.750000	290892.000000	-38.539160	-41.450176	374.730730	39.344463	1.143271	0.148007	1.143135	0.169322	33.938272	33.611233	34.271144	113.663224	0.091441	0.083875	0.099174	0.315451
20150807132621.660200	17293.250000	290894.000000	-38.514191	-41.441224	374.769473	39.281478	1.143670	0.147939	1.142791	0.169578	33.952249	33.622246	34.288193	112.921853	0.092282	0.084578	0.100164	0.308123
20150807132622.421900	17294.000000	290897.000000	-38.492844	-41.435055	374.824156	39.253473	1.143712	0.147915	1.143438	0.169480	33.956968	33.627377	34.292474	112.302789	0.092843	0.084234	0.101644	0.298583
20150807132623.421900	17295.000000	290901.000000	-38.467202	-41.431270	374.996617	39.054002	1.143891	0.147640	1.143591	0.169292	33.964355	33.632098	34.302651	111.632150	0.092900	0.084199	0.101797	0.298004
20150807132624.429700	17296.000000	290905.000000	-38.430879	-41.408954	374.270355	39.612674	1.141512	0.148965	1.140600	0.170360	33.983487	33.648238	34.324908	110.599072	0.092866	0.084365	0.101563	0.337498
20150807132624.671900	17296.250000	290906.000000	-38.403035	-41.389642	373.656114	40.452730	1.139448	0.150561	1.138705	0.172196	33.990622	33.646173	34.341589	109.793674	0.090997	0.082773	0.099410	0.381005
20150807132624.921900	17296.500000	290907.000000	-38.352278	-41.366003	372.417893	41.269650	1.134455	0.152661	1.133789	0.174689	34.019095	33.670981	34.373896	108.116643	0.091266	0.082810	0.099922	0.397314
20150807132625.160200	17296.750000	290908.000000	-38.307378	-41.348047	372.333545	41.420637	1.134238	0.154016	1.133620	0.175899	34.036154	33.680598	34.398723	107.040278	0.090505	0.082019	0.099189	0.407671
20150807132625.421900	17297.000000	290909.000000	-38.261536	-41.327885	371.398403	42.176454	1.130892	0.156006	1.130160	0.178116	34.056963	33.697319	34.423771	105.611362	0.090821	0.081323	0.100547	0.420929
20150807132625.671900	17297.250000	290910.000000	-38.221396	-41.316134	372.007108	42.245638	1.131902	0.155487	1.131573	0.178101	34.069869	33.711328	34.435479	104.584063	0.091891	0.081683	0.102344	0.404070
20150807132625.921900	17297.500000	290911.000000	-38.194147	-41.309736	372.049947	42.476545	1.131798	0.156155	1.131651	0.178689	34.077022	33.719964	34.441075	103.868147	0.092255	0.081680	0.103081	0.387539
20150807132626.160200	17297.750000	290912.000000	-38.169951	-41.307748	372.070868	42.003218	1.132080	0.154949	1.131926	0.177843	34.087359	33.725838	34.456038	103.231378	0.093172	0.082316	0.104291	0.384079
20150807132626.410200	17298.000000	290913.000000	-38.149536	-41.293738	370.698375	42.280285	1.127052	0.155060	1.127610	0.178617	34.099873	33.733546	34.473547	102.498045	0.093140	0.082234	0.104310	0.411971
20150807132626.699200	17298.250000	290914.000000	-38.127986	-41.263316	369.659514	42.917549	1.123856	0.156894	1.123983	0.179923	34.111385	33.742101	34.488021	101.845688	0.090303	0.079091	0.101786	0.486797
20150807132626.921900	17298.500000	290915.000000	-38.045046	-41.227413	364.960007	42.993264	1.107857	0.157406	1.109372	0.180954	34.150513	33.779389	34.529041	99.056446	0.092574	0.077918	0.107578	0.547651
20150807132627.171900	17298.750000	290916.000000	-36.905665	-40.658194	357.688418	-31.822706	3.288003	0.368927	2.303862	0.381128	-18.421168	-16.514527	-20.431775	-69.101743	2.363158	2.055663	2.829994	2.456360
20150807132627.410200	17299.000000	290916.000000	-36.850349	-36.919612	19.707709	6.632110	1.909434	1.868593	1.631383	1.596330	32.328483	30.416491	34.382614	168.827318	0.229987	0.151207	0.321777	1.019148
