Program version:	Fatigue ver. 4.0
Date and time:	14-08-2015 11:12:49
Operator:	vanj
Project ID:	44584
Sample ID:	EQA03-11
	
Mode of operation:	Ten-ten
Low load setpoint [kN]:	0.000000
Displacement rate [mm/s]:	0.030000
Sample rate [Hz]:	10.000000
Procentage of E-max [%]:	90.000000
Sample width [mm]:	25.460000
Sample thickness [mm]:	4.430000
Strain sensor:	Extensometer
Number of strain sensors:	2
Channel configuration:	0 6 1,1,0,0,0,0 1,4,1,2,3,4
	
Machine SN:	88R1342
Load cell SN:	UK 054
Load cell [kN]:	100.000000
Extensometer 1 SN:	2026
Gauge length 1 [mm]:	50.000000
Full scale 1 [%]:	2.000000
Extensometer 2 SN:	2084
Gauge length 2 [mm]:	50.000000
Full scale 2 [%]:	2.000000
	
Modulus estimate from [%]:	0.050000
Modulus estimate to [%]:	0.250000
Strain correction a1 [%]:	-0.001276
Strain correction a2 [%]:	-0.003299
Strain correction b1 [%]:	0.007590
Strain correction b2 [%]:	0.012752
Modulus a [GPa]:	37.125733
Modulus b [GPa]:	37.235252
Difference [%]:	0.294129
Modulus a1 [GPa]:	37.439207
Modulus b1 [GPa]:	37.086565
Modulus a2 [GPa]:	36.817063
Modulus b2 [GPa]:	37.383959
Max strain [%]:	0.810982
Max stress [MPa]:	301.083683
	
	
Time [ms]	State	Position [mm]	Load [kN]	Strain1 [%]	Strain2 [%]
0.000000E+0	1.000000E+0	538.939245E-3	-471.311808E-3	-11.271954E-3	-11.347294E-3
100.000000E-3	1.000000E+0	543.874510E-3	-392.311811E-3	-9.504557E-3	-9.819865E-3
200.000000E-3	1.000000E+0	549.381979E-3	-261.139870E-3	-6.639838E-3	-6.914973E-3
300.000000E-3	1.000000E+0	558.143862E-3	-129.419565E-3	-3.422737E-3	-3.787756E-3
400.000000E-3	1.000000E+0	567.448147E-3	238.418579E-6	-325.560570E-6	-735.044479E-6
500.000000E-3	1.000000E+0	573.199995E-3	111.198425E-3	2.167702E-3	1.729012E-3
600.000000E-3	1.000000E+0	578.415402E-3	206.434727E-3	4.254103E-3	3.843784E-3
700.000000E-3	1.000000E+0	582.236060E-3	277.554989E-3	6.059647E-3	5.539179E-3
800.000000E-3	1.000000E+0	586.473950E-3	340.664387E-3	7.651806E-3	7.162094E-3
900.000000E-3	1.000000E+0	588.750847E-3	403.153896E-3	8.792162E-3	8.369923E-3
1.000000E+0	1.000000E+0	592.297324E-3	451.862812E-3	10.177374E-3	9.611845E-3
1.100000E+0	1.000000E+0	596.344479E-3	499.296188E-3	11.210442E-3	10.810137E-3
1.200000E+0	1.000000E+0	598.269709E-3	542.473793E-3	12.443304E-3	11.885166E-3
1.300000E+0	1.000000E+0	599.735984E-3	596.451759E-3	13.560295E-3	13.079405E-3
1.400000E+0	1.000000E+0	603.836783E-3	646.173954E-3	14.791727E-3	14.250994E-3
1.500000E+0	1.000000E+0	608.462104E-3	706.350803E-3	15.978813E-3	15.434504E-3
1.600000E+0	1.000000E+0	610.643634E-3	753.378868E-3	17.250061E-3	16.704559E-3
1.700000E+0	1.000000E+0	614.684829E-3	807.523727E-3	18.430471E-3	17.904997E-3
1.800000E+0	1.000000E+0	615.429887E-3	860.011578E-3	19.752264E-3	19.119740E-3
1.900000E+0	1.000000E+0	619.661817E-3	903.534889E-3	20.818710E-3	20.257473E-3
2.000000E+0	1.000000E+0	623.071202E-3	953.781605E-3	22.072077E-3	21.393299E-3
2.100000E+0	1.000000E+0	625.771293E-3	1.009822E+0	23.162127E-3	22.556305E-3
2.200000E+0	1.000000E+0	628.823051E-3	1.057935E+0	24.432898E-3	23.720026E-3
2.300000E+0	1.000000E+0	630.873451E-3	1.112127E+0	25.674105E-3	25.032997E-3
2.400000E+0	1.000000E+0	634.968290E-3	1.161766E+0	26.822567E-3	26.073456E-3
2.500000E+0	1.000000E+0	637.000808E-3	1.213777E+0	28.099060E-3	27.413368E-3
2.600000E+0	1.000000E+0	640.493640E-3	1.265967E+0	29.173851E-3	28.523445E-3
2.700000E+0	1.000000E+0	644.171247E-3	1.312709E+0	30.486345E-3	29.729843E-3
2.800000E+0	1.000000E+0	647.586593E-3	1.367044E+0	31.472683E-3	30.849934E-3
2.900000E+0	1.000000E+0	650.012502E-3	1.417506E+0	32.714367E-3	32.057047E-3
3.000000E+0	1.000000E+0	651.347646E-3	1.466405E+0	33.771276E-3	33.136368E-3
3.100000E+0	1.000000E+0	655.204067E-3	1.510394E+0	34.980536E-3	34.345388E-3
3.200000E+0	1.000000E+0	657.790908E-3	1.560402E+0	36.087513E-3	35.449743E-3
3.300000E+0	1.000000E+0	662.004957E-3	1.606584E+0	37.165880E-3	36.563635E-3
3.400000E+0	1.000000E+0	663.828859E-3	1.644027E+0	38.105726E-3	37.327528E-3
3.500000E+0	1.000000E+0	664.651403E-3	1.671064E+0	38.874388E-3	38.084507E-3
3.600000E+0	1.000000E+0	665.992508E-3	1.696050E+0	39.387703E-3	38.652182E-3
3.700000E+0	1.000000E+0	667.566070E-3	1.719570E+0	39.870024E-3	39.188623E-3
3.800000E+0	1.000000E+0	669.133673E-3	1.747656E+0	40.488243E-3	39.874315E-3
3.900000E+0	1.000000E+0	671.482096E-3	1.779187E+0	41.310310E-3	40.742159E-3
4.000000E+0	1.000000E+0	672.924528E-3	1.832414E+0	42.597294E-3	41.859627E-3
4.100000E+0	1.000000E+0	676.840553E-3	1.889813E+0	43.924332E-3	43.250322E-3
4.200000E+0	1.000000E+0	680.172453E-3	1.943493E+0	45.233250E-3	44.466019E-3
4.300000E+0	1.000000E+0	684.541473E-3	2.002370E+0	46.368837E-3	45.866013E-3
4.400000E+0	1.000000E+0	686.955462E-3	2.058280E+0	47.909498E-3	47.296524E-3
4.500000E+0	1.000000E+0	692.236433E-3	2.133334E+0	49.407959E-3	48.868418E-3
4.600000E+0	1.000000E+0	698.220740E-3	2.214515E+0	51.515579E-3	50.778866E-3
4.700000E+0	1.000000E+0	703.686486E-3	2.314150E+0	53.776979E-3	53.297997E-3
4.800000E+0	1.000000E+0	708.818446E-3	2.417433E+0	56.152582E-3	55.566311E-3
4.900000E+0	1.000000E+0	717.771063E-3	2.577662E+0	60.011387E-3	59.511185E-3
5.000000E+0	1.000000E+0	727.272044E-3	2.730930E+0	63.503265E-3	62.895298E-3
5.100000E+0	1.000000E+0	732.237111E-3	2.801836E+0	65.221786E-3	64.604044E-3
5.200000E+0	1.000000E+0	732.576857E-3	2.815533E+0	65.687895E-3	64.992189E-3
5.300000E+0	1.000000E+0	734.394799E-3	2.860367E+0	66.627264E-3	65.881729E-3
5.400000E+0	1.000000E+0	738.728057E-3	2.937531E+0	68.449259E-3	67.768574E-3
5.500000E+0	1.000000E+0	741.356622E-3	2.984405E+0	69.478750E-3	68.927288E-3
5.600000E+0	1.000000E+0	743.550073E-3	3.010511E+0	70.087910E-3	69.440126E-3
5.700000E+0	1.000000E+0	744.128238E-3	3.024065E+0	70.549965E-3	69.860697E-3
5.800000E+0	1.000000E+0	745.338212E-3	3.039241E+0	71.037292E-3	70.325851E-3
5.900000E+0	1.000000E+0	748.771440E-3	3.065658E+0	71.569681E-3	70.929050E-3
6.000000E+0	1.000000E+0	749.212514E-3	3.092313E+0	72.160244E-3	71.428299E-3
6.100000E+0	1.000000E+0	749.981414E-3	3.119886E+0	72.881460E-3	72.127581E-3
6.200000E+0	1.000000E+0	752.198707E-3	3.153789E+0	73.645353E-3	72.888613E-3
6.300000E+0	1.000000E+0	754.135858E-3	3.190279E+0	74.461699E-3	73.780775E-3
6.400000E+0	1.000000E+0	757.336627E-3	3.230810E+0	75.445890E-3	74.735165E-3
6.500000E+0	1.000000E+0	759.083043E-3	3.273261E+0	76.377153E-3	75.787306E-3
6.600000E+0	1.000000E+0	762.486468E-3	3.322351E+0	77.421427E-3	76.770306E-3
6.700000E+0	1.000000E+0	764.018308E-3	3.369021E+0	78.549385E-3	77.899456E-3
6.800000E+0	1.000000E+0	767.374049E-3	3.413212E+0	79.639435E-3	78.943253E-3
6.900000E+0	1.000000E+0	770.425807E-3	3.454804E+0	80.779314E-3	80.196381E-3
7.000000E+0	1.000000E+0	771.635782E-3	3.504598E+0	81.831455E-3	81.237555E-3
7.100000E+0	1.000000E+0	776.940595E-3	3.553843E+0	83.052874E-3	82.332373E-3
7.200000E+0	1.000000E+0	780.355941E-3	3.604615E+0	84.149122E-3	83.547115E-3
7.300000E+0	1.000000E+0	781.732809E-3	3.655732E+0	85.408211E-3	84.738731E-3
7.400000E+0	1.000000E+0	785.350811E-3	3.703451E+0	86.512566E-3	85.880995E-3
7.500000E+0	1.000000E+0	788.217794E-3	3.753543E+0	87.671757E-3	87.093830E-3
7.600000E+0	1.000000E+0	793.790828E-3	3.808129E+0	88.978529E-3	88.258982E-3
7.700000E+0	1.000000E+0	793.659698E-3	3.858793E+0	90.151548E-3	89.451551E-3
7.800000E+0	1.000000E+0	797.885668E-3	3.910482E+0	91.294765E-3	90.625286E-3
7.900000E+0	1.000000E+0	799.530756E-3	3.958142E+0	92.487335E-3	91.900826E-3
8.000000E+0	1.000000E+0	804.108393E-3	4.009962E+0	93.738794E-3	93.097925E-3
8.100000E+0	1.000000E+0	806.540262E-3	4.065239E+0	94.900370E-3	94.294071E-3
8.200000E+0	1.000000E+0	810.694706E-3	4.106164E+0	96.070051E-3	95.504045E-3
8.300000E+0	1.000000E+0	812.751066E-3	4.163170E+0	97.245932E-3	96.729755E-3
8.400000E+0	1.000000E+0	815.010082E-3	4.207397E+0	98.371267E-3	97.926378E-3
8.500000E+0	1.000000E+0	818.061840E-3	4.261172E+0	99.583626E-3	99.097729E-3
8.600000E+0	1.000000E+0	822.120916E-3	4.310918E+0	100.820780E-3	100.218534E-3
8.700000E+0	1.000000E+0	825.828325E-3	4.358780E+0	101.947069E-3	101.393700E-3
8.800000E+0	1.000000E+0	827.807200E-3	4.407811E+0	102.939844E-3	102.479219E-3
8.900000E+0	1.000000E+0	829.476130E-3	4.452717E+0	104.101181E-3	103.745461E-3
9.000000E+0	1.000000E+0	832.021248E-3	4.506111E+0	105.317116E-3	104.903460E-3
9.100000E+0	1.000000E+0	836.300862E-3	4.552937E+0	106.428623E-3	105.983019E-3
9.200000E+0	1.000000E+0	838.685047E-3	4.595327E+0	107.681513E-3	107.237101E-3
9.300000E+0	1.000000E+0	840.884459E-3	4.647481E+0	108.681202E-3	108.256817E-3
9.400000E+0	1.000000E+0	843.966019E-3	4.696822E+0	109.910250E-3	109.467983E-3
9.500000E+0	1.000000E+0	848.954928E-3	4.743600E+0	111.138582E-3	110.786438E-3
9.600000E+0	1.000000E+0	849.884760E-3	4.797447E+0	112.205982E-3	112.066031E-3
9.700000E+0	1.000000E+0	854.110730E-3	4.844630E+0	113.466740E-3	113.113642E-3
9.800000E+0	1.000000E+0	856.029999E-3	4.897475E+0	114.562273E-3	114.287615E-3
9.900000E+0	1.000000E+0	860.089076E-3	4.948592E+0	115.704536E-3	115.478277E-3
10.000000E+0	1.000000E+0	862.216962E-3	4.998291E+0	117.035151E-3	116.689682E-3
10.100000E+0	1.000000E+0	866.270077E-3	5.046952E+0	118.190765E-3	117.907763E-3
10.200000E+0	1.000000E+0	868.928445E-3	5.089903E+0	119.258881E-3	118.950605E-3
10.300000E+0	1.000000E+0	871.467603E-3	5.140650E+0	120.367050E-3	120.004654E-3
10.400000E+0	1.000000E+0	874.626649E-3	5.187547E+0	121.483088E-3	121.193171E-3
10.500000E+0	1.000000E+0	878.852618E-3	5.233204E+0	122.477770E-3	122.260332E-3
10.600000E+0	1.000000E+0	880.706323E-3	5.279636E+0	123.624325E-3	123.352528E-3
10.700000E+0	1.000000E+0	882.428897E-3	5.327702E+0	124.863148E-3	124.630690E-3
10.800000E+0	1.000000E+0	886.678708E-3	5.380487E+0	125.959396E-3	125.904799E-3
10.900000E+0	1.000000E+0	889.056933E-3	5.431581E+0	127.367735E-3	126.959801E-3
11.000000E+0	1.000000E+0	892.668975E-3	5.485094E+0	128.492832E-3	128.327847E-3
11.100000E+0	1.000000E+0	895.428670E-3	5.535018E+0	129.637241E-3	129.455090E-3
11.200000E+0	1.000000E+0	899.386419E-3	5.585909E+0	130.832672E-3	130.753279E-3
11.300000E+0	1.000000E+0	901.991142E-3	5.630672E+0	131.849527E-3	131.826401E-3
11.400000E+0	1.000000E+0	904.208434E-3	5.676711E+0	133.155584E-3	133.108377E-3
11.500000E+0	1.000000E+0	905.799878E-3	5.726361E+0	134.227037E-3	134.220123E-3
11.600000E+0	1.000000E+0	909.733785E-3	5.777311E+0	135.453939E-3	135.324240E-3
11.700000E+0	1.000000E+0	914.508117E-3	5.825460E+0	136.621714E-3	136.655331E-3
11.800000E+0	1.000000E+0	914.657129E-3	5.874205E+0	137.790918E-3	137.865782E-3
11.900000E+0	1.000000E+0	919.753326E-3	5.925834E+0	138.958931E-3	139.085054E-3
12.000000E+0	1.000000E+0	922.542823E-3	5.972564E+0	140.106440E-3	140.131712E-3
12.100000E+0	1.000000E+0	926.738990E-3	6.027400E+0	141.254187E-3	141.403437E-3
12.200000E+0	1.000000E+0	931.060327E-3	6.071472E+0	142.321825E-3	142.517567E-3
12.300000E+0	1.000000E+0	932.687534E-3	6.117272E+0	143.417358E-3	143.731594E-3
12.400000E+0	1.000000E+0	935.643924E-3	6.167018E+0	144.617558E-3	144.901037E-3
12.500000E+0	1.000000E+0	938.725485E-3	6.215084E+0	145.772934E-3	146.038532E-3
12.600000E+0	1.000000E+0	940.758003E-3	6.265724E+0	146.884918E-3	147.288799E-3
12.700000E+0	1.000000E+0	943.768038E-3	6.310880E+0	148.070335E-3	148.426294E-3
12.800000E+0	1.000000E+0	946.623100E-3	6.364322E+0	149.250746E-3	149.666309E-3
12.900000E+0	1.000000E+0	949.925198E-3	6.412303E+0	150.370359E-3	150.911093E-3
13.000000E+0	1.000000E+0	952.744497E-3	6.464064E+0	151.383638E-3	152.016878E-3
13.100000E+0	1.000000E+0	955.927385E-3	6.504130E+0	152.629852E-3	153.288841E-3
13.200000E+0	1.000000E+0	958.740725E-3	6.553483E+0	153.771162E-3	154.320478E-3
13.300000E+0	1.000000E+0	961.744799E-3	6.609225E+0	154.897451E-3	155.563593E-3
13.400000E+0	1.000000E+0	964.635624E-3	6.652391E+0	156.201124E-3	156.806707E-3
13.500000E+0	1.000000E+0	967.097296E-3	6.711090E+0	157.362223E-3	157.996655E-3
13.600000E+0	1.000000E+0	969.582810E-3	6.758130E+0	158.565998E-3	159.171820E-3
13.700000E+0	1.000000E+0	974.255814E-3	6.802237E+0	159.733057E-3	160.496235E-3
13.800000E+0	1.000000E+0	976.800932E-3	6.856680E+0	160.816431E-3	161.558151E-3
13.900000E+0	1.000000E+0	980.436816E-3	6.898069E+0	161.824703E-3	162.796497E-3
14.000000E+0	1.000000E+0	983.601822E-3	6.945813E+0	163.096666E-3	163.899183E-3
14.100000E+0	1.000000E+0	987.547650E-3	6.993473E+0	164.064407E-3	165.152073E-3
14.200000E+0	1.000000E+0	989.985480E-3	7.035708E+0	165.128946E-3	166.170835E-3
14.300000E+0	1.000000E+0	992.512717E-3	7.087326E+0	166.459084E-3	167.384386E-3
14.400000E+0	1.000000E+0	995.117440E-3	7.133508E+0	167.598963E-3	168.650389E-3
14.500000E+0	1.000000E+0	997.203602E-3	7.184410E+0	168.625832E-3	169.755697E-3
14.600000E+0	1.000000E+0	1.001024E+0	7.225060E+0	169.843197E-3	170.964718E-3
14.700000E+0	1.000000E+0	1.003993E+0	7.284868E+0	170.839310E-3	172.146082E-3
14.800000E+0	1.000000E+0	1.006675E+0	7.327342E+0	172.144175E-3	173.330545E-3
14.900000E+0	1.000000E+0	1.010579E+0	7.377183E+0	173.324108E-3	174.628735E-3
15.000000E+0	1.000000E+0	1.013052E+0	7.428229E+0	174.438000E-3	175.754070E-3
15.100000E+0	1.000000E+0	1.016784E+0	7.475471E+0	175.585747E-3	176.942825E-3
15.200000E+0	1.000000E+0	1.018602E+0	7.526648E+0	176.780462E-3	178.050995E-3
15.300000E+0	1.000000E+0	1.021433E+0	7.571387E+0	177.874327E-3	179.157734E-3
15.400000E+0	1.000000E+0	1.024860E+0	7.624674E+0	179.159403E-3	180.417538E-3
15.500000E+0	1.000000E+0	1.026654E+0	7.671213E+0	180.163860E-3	181.564093E-3
15.600000E+0	1.000000E+0	1.030767E+0	7.718182E+0	181.350231E-3	182.862997E-3
15.700000E+0	1.000000E+0	1.034755E+0	7.768798E+0	182.532549E-3	183.916569E-3
15.800000E+0	1.000000E+0	1.036447E+0	7.816541E+0	183.652163E-3	185.009003E-3
15.900000E+0	1.000000E+0	1.039755E+0	7.852089E+0	184.688330E-3	186.166763E-3
16.000000E+0	1.000000E+0	1.042110E+0	7.899833E+0	185.773611E-3	187.300444E-3
16.100000E+0	1.000000E+0	1.047480E+0	7.949305E+0	187.010288E-3	188.360691E-3
16.200000E+0	1.000000E+0	1.048601E+0	8.002853E+0	187.976599E-3	189.607143E-3
16.300000E+0	1.000000E+0	1.051563E+0	8.048248E+0	189.263105E-3	190.772295E-3
16.400000E+0	1.000000E+0	1.055336E+0	8.091402E+0	190.264225E-3	191.840649E-3
16.500000E+0	1.000000E+0	1.057428E+0	8.142197E+0	191.503286E-3	193.033934E-3
16.600000E+0	1.000000E+0	1.060915E+0	8.187521E+0	192.596674E-3	194.255590E-3
16.700000E+0	1.000000E+0	1.061773E+0	8.237660E+0	193.701982E-3	195.307255E-3
16.800000E+0	1.000000E+0	1.066619E+0	8.286393E+0	194.867373E-3	196.435690E-3
16.900000E+0	1.000000E+0	1.070225E+0	8.330488E+0	195.921183E-3	197.488546E-3
17.000000E+0	1.000000E+0	1.072997E+0	8.383107E+0	197.100639E-3	198.747158E-3
17.100000E+0	1.000000E+0	1.076335E+0	8.432686E+0	198.201895E-3	199.883461E-3
17.200000E+0	1.000000E+0	1.078188E+0	8.480215E+0	199.314117E-3	201.112747E-3
17.300000E+0	1.000000E+0	1.082009E+0	8.530402E+0	200.523376E-3	202.311993E-3
17.400000E+0	1.000000E+0	1.084960E+0	8.576572E+0	201.643944E-3	203.457594E-3
17.500000E+0	1.000000E+0	1.088077E+0	8.620942E+0	202.860594E-3	204.559326E-3
17.600000E+0	1.000000E+0	1.090527E+0	8.669114E+0	204.018593E-3	205.759048E-3
17.700000E+0	1.000000E+0	1.093495E+0	8.718252E+0	205.124378E-3	206.836462E-3
17.800000E+0	1.000000E+0	1.096052E+0	8.762753E+0	206.351042E-3	207.991123E-3
17.900000E+0	1.000000E+0	1.098996E+0	8.813226E+0	207.266808E-3	209.085703E-3
18.000000E+0	1.000000E+0	1.103997E+0	8.860373E+0	208.504915E-3	210.314035E-3
18.100000E+0	1.000000E+0	1.105636E+0	8.904529E+0	209.609747E-3	211.415529E-3
18.200000E+0	1.000000E+0	1.108176E+0	8.952713E+0	210.817575E-3	212.495804E-3
18.300000E+0	1.000000E+0	1.111215E+0	8.997297E+0	211.735010E-3	213.514566E-3
18.400000E+0	1.000000E+0	1.114470E+0	9.042716E+0	212.994576E-3	214.666843E-3
18.500000E+0	1.000000E+0	1.117462E+0	9.092569E+0	213.993788E-3	215.772390E-3
18.600000E+0	1.000000E+0	1.119685E+0	9.139037E+0	215.237617E-3	216.961145E-3
18.700000E+0	1.000000E+0	1.124227E+0	9.188938E+0	216.370344E-3	218.104839E-3
18.800000E+0	1.000000E+0	1.126957E+0	9.239399E+0	217.481852E-3	219.259501E-3
18.900000E+0	1.000000E+0	1.129985E+0	9.285998E+0	218.726397E-3	220.389605E-3
19.000000E+0	1.000000E+0	1.131606E+0	9.338534E+0	219.864845E-3	221.624374E-3
19.100000E+0	1.000000E+0	1.135820E+0	9.381092E+0	221.210480E-3	222.905874E-3
19.200000E+0	1.000000E+0	1.137418E+0	9.438705E+0	222.279787E-3	224.013090E-3
19.300000E+0	1.000000E+0	1.143414E+0	9.479713E+0	223.393202E-3	225.079298E-3
19.400000E+0	1.000000E+0	1.146185E+0	9.530056E+0	224.564552E-3	226.179123E-3
19.500000E+0	1.000000E+0	1.148587E+0	9.579015E+0	225.643635E-3	227.294445E-3
19.600000E+0	1.000000E+0	1.151150E+0	9.619462E+0	226.723194E-3	228.447676E-3
19.700000E+0	1.000000E+0	1.153195E+0	9.665263E+0	227.824211E-3	229.467154E-3
19.800000E+0	1.000000E+0	1.157057E+0	9.713960E+0	228.944778E-3	230.591774E-3
19.900000E+0	1.000000E+0	1.160371E+0	9.757757E+0	229.970694E-3	231.584787E-3
20.000000E+0	1.000000E+0	1.162058E+0	9.802878E+0	231.166840E-3	232.804775E-3
20.100000E+0	1.000000E+0	1.165181E+0	9.847426E+0	232.205629E-3	233.865023E-3
20.200000E+0	1.000000E+0	1.167649E+0	9.900188E+0	233.232021E-3	234.942675E-3
20.300000E+0	1.000000E+0	1.172781E+0	9.943938E+0	234.498262E-3	236.137152E-3
20.400000E+0	1.000000E+0	1.174027E+0	9.994972E+0	235.667467E-3	237.317562E-3
20.500000E+0	1.000000E+0	1.177692E+0	10.042381E+0	236.786127E-3	238.505602E-3
20.600000E+0	1.000000E+0	1.179999E+0	10.085857E+0	237.857819E-3	239.691973E-3
20.700000E+0	1.000000E+0	1.183790E+0	10.137248E+0	239.095926E-3	240.752697E-3
20.800000E+0	1.000000E+0	1.187015E+0	10.184610E+0	240.312338E-3	241.860390E-3
20.900000E+0	1.000000E+0	1.190066E+0	10.231006E+0	241.420269E-3	242.994070E-3
21.000000E+0	1.000000E+0	1.192176E+0	10.276306E+0	242.423058E-3	244.293928E-3
21.100000E+0	1.000000E+0	1.196569E+0	10.320842E+0	243.569851E-3	245.244980E-3
21.200000E+0	1.000000E+0	1.197642E+0	10.371399E+0	244.690418E-3	246.431112E-3
21.300000E+0	1.000000E+0	1.201624E+0	10.416484E+0	245.838165E-3	247.566700E-3
21.400000E+0	1.000000E+0	1.203805E+0	10.453820E+0	246.971369E-3	248.730183E-3
21.500000E+0	1.000000E+0	1.207817E+0	10.512209E+0	248.184681E-3	249.963045E-3
21.600000E+0	1.000000E+0	1.210207E+0	10.561907E+0	249.368191E-3	251.170874E-3
21.700000E+0	1.000000E+0	1.213974E+0	10.603642E+0	250.463486E-3	252.248764E-3
21.800000E+0	1.000000E+0	1.216048E+0	10.649037E+0	251.600504E-3	253.378868E-3
21.900000E+0	1.000000E+0	1.219994E+0	10.698760E+0	252.799511E-3	254.579544E-3
22.000000E+0	1.000000E+0	1.222467E+0	10.750091E+0	253.937721E-3	255.860567E-3
22.100000E+0	1.000000E+0	1.225990E+0	10.795140E+0	255.057096E-3	256.947279E-3
22.200000E+0	1.000000E+0	1.228786E+0	10.840201E+0	256.154060E-3	258.080959E-3
22.300000E+0	1.000000E+0	1.231343E+0	10.888731E+0	257.306337E-3	259.106874E-3
22.400000E+0	1.000000E+0	1.234889E+0	10.929763E+0	258.251190E-3	260.087013E-3
22.500000E+0	1.000000E+0	1.237762E+0	10.980952E+0	259.495735E-3	261.261225E-3
22.600000E+0	1.000000E+0	1.239997E+0	11.023426E+0	260.597467E-3	262.527466E-3
22.700000E+0	1.000000E+0	1.243418E+0	11.070478E+0	261.704445E-3	263.630390E-3
22.800000E+0	1.000000E+0	1.246196E+0	11.119044E+0	262.823105E-3	264.764786E-3
22.900000E+0	1.000000E+0	1.250201E+0	11.165071E+0	264.025211E-3	265.872955E-3
23.000000E+0	1.000000E+0	1.252294E+0	11.207783E+0	265.099764E-3	266.978741E-3
23.100000E+0	1.000000E+0	1.254803E+0	11.254966E+0	266.266823E-3	268.194675E-3
23.200000E+0	1.000000E+0	1.258707E+0	11.306608E+0	267.453671E-3	269.357681E-3
23.300000E+0	1.000000E+0	1.261520E+0	11.346316E+0	268.514633E-3	270.498991E-3
23.400000E+0	1.000000E+0	1.264840E+0	11.395061E+0	269.564867E-3	271.610022E-3
23.500000E+0	1.000000E+0	1.267135E+0	11.442769E+0	270.646811E-3	272.680283E-3
23.600000E+0	1.000000E+0	1.270980E+0	11.485374E+0	271.878719E-3	273.870468E-3
23.700000E+0	1.000000E+0	1.274288E+0	11.535800E+0	272.866488E-3	274.995089E-3
23.800000E+0	1.000000E+0	1.275867E+0	11.569774E+0	274.035454E-3	276.093245E-3
23.900000E+0	1.000000E+0	1.278263E+0	11.622548E+0	275.117874E-3	277.261019E-3
24.000000E+0	1.000000E+0	1.283592E+0	11.665738E+0	276.288748E-3	278.377533E-3
24.100000E+0	1.000000E+0	1.286066E+0	11.715198E+0	277.395964E-3	279.580832E-3
24.200000E+0	1.000000E+0	1.289493E+0	11.761343E+0	278.489590E-3	280.700922E-3
24.300000E+0	1.000000E+0	1.292241E+0	11.805356E+0	279.534817E-3	281.779528E-3
24.400000E+0	1.000000E+0	1.295304E+0	11.853218E+0	280.749559E-3	282.990456E-3
24.500000E+0	1.000000E+0	1.297939E+0	11.898410E+0	281.952858E-3	284.130335E-3
24.600000E+0	1.000000E+0	1.300454E+0	11.940801E+0	282.888651E-3	285.091639E-3
24.700000E+0	1.000000E+0	1.303077E+0	11.980247E+0	283.973932E-3	286.242247E-3
24.800000E+0	1.000000E+0	1.306349E+0	12.024665E+0	285.007954E-3	287.280798E-3
24.900000E+0	1.000000E+0	1.309657E+0	12.078977E+0	286.226034E-3	288.408995E-3
25.000000E+0	1.000000E+0	1.313281E+0	12.125182E+0	287.305832E-3	289.593935E-3
25.100000E+0	1.000000E+0	1.315647E+0	12.172318E+0	288.505554E-3	290.815830E-3
25.200000E+0	1.000000E+0	1.318407E+0	12.215126E+0	289.671421E-3	291.949749E-3
25.300000E+0	1.000000E+0	1.321232E+0	12.260211E+0	290.787935E-3	293.066740E-3
25.400000E+0	1.000000E+0	1.325017E+0	12.302041E+0	291.814327E-3	294.288158E-3
25.500000E+0	1.000000E+0	1.328695E+0	12.346375E+0	292.895317E-3	295.357943E-3
25.600000E+0	1.000000E+0	1.331091E+0	12.393939E+0	294.018269E-3	296.446085E-3
25.700000E+0	1.000000E+0	1.334417E+0	12.438250E+0	295.147896E-3	297.658682E-3
25.800000E+0	1.000000E+0	1.337045E+0	12.481594E+0	296.209574E-3	298.715115E-3
25.900000E+0	1.000000E+0	1.339775E+0	12.531066E+0	297.331572E-3	299.828768E-3
26.000000E+0	1.000000E+0	1.342392E+0	12.576151E+0	298.486233E-3	301.046371E-3
26.100000E+0	1.000000E+0	1.344943E+0	12.621880E+0	299.565792E-3	302.292109E-3
26.200000E+0	1.000000E+0	1.349258E+0	12.669504E+0	300.786257E-3	303.392649E-3
26.300000E+0	1.000000E+0	1.353967E+0	12.716115E+0	301.926613E-3	304.460287E-3
26.400000E+0	1.000000E+0	1.354635E+0	12.762380E+0	302.904129E-3	305.761099E-3
26.500000E+0	1.000000E+0	1.358581E+0	12.802172E+0	304.239750E-3	306.859016E-3
26.600000E+0	1.000000E+0	1.361507E+0	12.844706E+0	305.120707E-3	308.027506E-3
26.700000E+0	1.000000E+0	1.362807E+0	12.890208E+0	306.329012E-3	308.965921E-3
26.800000E+0	1.000000E+0	1.366162E+0	12.933147E+0	307.357311E-3	310.261965E-3
26.900000E+0	1.000000E+0	1.369935E+0	12.983859E+0	308.525324E-3	311.430454E-3
27.000000E+0	1.000000E+0	1.372594E+0	13.027465E+0	309.672832E-3	312.717915E-3
27.100000E+0	1.000000E+0	1.376224E+0	13.076735E+0	310.813427E-3	313.925743E-3
27.200000E+0	1.000000E+0	1.378196E+0	13.119316E+0	311.862469E-3	315.137625E-3
27.300000E+0	1.000000E+0	1.381528E+0	13.164103E+0	313.139677E-3	316.422462E-3
27.400000E+0	1.000000E+0	1.385391E+0	13.214540E+0	314.222813E-3	317.754030E-3
27.500000E+0	1.000000E+0	1.387376E+0	13.252401E+0	315.288782E-3	319.052935E-3
27.600000E+0	1.000000E+0	1.390868E+0	13.298059E+0	316.370487E-3	320.198774E-3
27.700000E+0	1.000000E+0	1.392168E+0	13.346207E+0	317.466736E-3	321.424961E-3
27.800000E+0	1.000000E+0	1.398015E+0	13.391602E+0	318.569660E-3	322.692156E-3
27.900000E+0	1.000000E+0	1.398951E+0	13.436031E+0	319.638252E-3	323.899508E-3
28.000000E+0	1.000000E+0	1.404005E+0	13.474989E+0	320.749760E-3	325.165749E-3
28.100000E+0	1.000000E+0	1.405376E+0	13.520730E+0	321.837902E-3	326.441288E-3
28.200000E+0	1.000000E+0	1.408213E+0	13.565779E+0	322.942495E-3	327.650070E-3
28.300000E+0	1.000000E+0	1.411170E+0	13.614726E+0	324.089050E-3	328.898907E-3
28.400000E+0	1.000000E+0	1.413351E+0	13.655913E+0	325.054407E-3	330.041647E-3
28.500000E+0	1.000000E+0	1.418567E+0	13.695979E+0	326.251030E-3	331.192493E-3
28.600000E+0	1.000000E+0	1.420122E+0	13.742781E+0	327.415943E-3	332.198620E-3
28.700000E+0	1.000000E+0	1.422828E+0	13.789558E+0	328.484058E-3	333.461285E-3
28.800000E+0	1.000000E+0	1.425809E+0	13.838303E+0	329.722166E-3	334.631205E-3
28.900000E+0	1.000000E+0	1.430166E+0	13.889694E+0	330.806971E-3	335.898876E-3
29.000000E+0	1.000000E+0	1.432985E+0	13.931358E+0	331.936836E-3	336.927414E-3
29.100000E+0	1.000000E+0	1.435196E+0	13.979161E+0	333.115339E-3	337.987900E-3
29.200000E+0	1.000000E+0	1.438183E+0	14.021993E+0	334.209442E-3	339.146852E-3
29.300000E+0	1.000000E+0	1.442158E+0	14.067090E+0	335.320473E-3	340.246201E-3
29.400000E+0	1.000000E+0	1.445359E+0	14.105535E+0	336.338282E-3	341.301203E-3
29.500000E+0	1.000000E+0	1.447523E+0	14.145529E+0	337.459803E-3	342.325449E-3
29.600000E+0	1.000000E+0	1.452774E+0	14.191544E+0	338.594675E-3	343.609333E-3
29.700000E+0	1.000000E+0	1.454216E+0	14.236677E+0	339.753628E-3	344.761848E-3
29.800000E+0	1.000000E+0	1.457626E+0	14.283109E+0	340.896130E-3	345.722437E-3
29.900000E+0	1.000000E+0	1.460129E+0	14.330280E+0	341.827393E-3	346.833706E-3
30.000000E+0	1.000000E+0	1.462698E+0	14.371920E+0	342.844725E-3	347.859621E-3
30.100000E+0	1.000000E+0	1.465893E+0	14.426100E+0	344.043016E-3	348.928452E-3
30.200000E+0	1.000000E+0	1.468891E+0	14.467621E+0	345.218897E-3	350.116730E-3
30.300000E+0	1.000000E+0	1.472193E+0	14.509761E+0	346.328974E-3	351.203918E-3
30.400000E+0	1.000000E+0	1.473767E+0	14.529407E+0	346.791029E-3	351.704836E-3
30.500000E+0	1.000000E+0	1.477897E+0	14.589739E+0	348.299503E-3	353.238344E-3
30.600000E+0	1.000000E+0	1.481515E+0	14.651871E+0	349.688053E-3	354.536057E-3
30.700000E+0	1.000000E+0	1.483893E+0	14.710116E+0	351.072550E-3	355.820894E-3
30.800000E+0	1.000000E+0	1.487941E+0	14.764166E+0	352.492332E-3	357.057333E-3
30.900000E+0	1.000000E+0	1.491207E+0	14.812124E+0	353.656530E-3	358.211756E-3
31.000000E+0	1.000000E+0	1.494062E+0	14.856410E+0	354.691744E-3	359.245777E-3
31.100000E+0	1.000000E+0	1.495129E+0	14.901567E+0	355.649233E-3	360.229492E-3
31.200000E+0	1.000000E+0	1.500732E+0	14.939499E+0	356.791735E-3	361.226559E-3
31.300000E+0	1.000000E+0	1.503342E+0	14.975655E+0	357.813120E-3	362.234831E-3
31.400000E+0	1.000000E+0	1.507384E+0	15.022016E+0	358.802557E-3	363.126516E-3
31.500000E+0	1.000000E+0	1.508290E+0	15.067697E+0	359.940052E-3	364.272356E-3
31.600000E+0	1.000000E+0	1.512456E+0	15.113616E+0	361.093760E-3	365.268707E-3
31.700000E+0	1.000000E+0	1.514679E+0	15.155077E+0	362.186193E-3	366.309404E-3
31.800000E+0	1.000000E+0	1.518858E+0	15.205121E+0	363.279819E-3	367.171049E-3
31.900000E+0	1.000000E+0	1.520443E+0	15.249348E+0	364.384413E-3	368.205070E-3
32.000000E+0	1.000000E+0	1.523268E+0	15.296316E+0	365.529776E-3	369.308949E-3
32.100000E+0	1.000000E+0	1.525718E+0	15.340996E+0	366.746426E-3	370.317698E-3
32.200000E+0	1.000000E+0	1.529872E+0	15.388131E+0	367.871523E-3	371.529818E-3
32.300000E+0	1.000000E+0	1.533413E+0	15.432048E+0	369.009972E-3	372.379065E-3
32.400000E+0	1.000000E+0	1.536047E+0	15.477097E+0	370.014906E-3	373.381138E-3
32.500000E+0	1.000000E+0	1.538461E+0	15.522313E+0	371.201038E-3	374.366999E-3
32.600000E+0	1.000000E+0	1.543218E+0	15.566730E+0	372.430325E-3	375.289917E-3
32.700000E+0	1.000000E+0	1.544821E+0	15.605140E+0	373.281479E-3	376.402140E-3
32.800000E+0	1.000000E+0	1.548326E+0	15.649211E+0	374.397516E-3	377.361059E-3
32.900000E+0	1.000000E+0	1.550394E+0	15.688777E+0	375.519991E-3	378.401756E-3
33.000000E+0	1.000000E+0	1.552594E+0	15.743732E+0	376.675367E-3	379.608393E-3
33.100000E+0	1.000000E+0	1.556319E+0	15.790367E+0	377.770185E-3	380.674362E-3
33.200000E+0	1.000000E+0	1.560652E+0	15.831411E+0	378.870964E-3	381.781578E-3
33.300000E+0	1.000000E+0	1.563579E+0	15.876222E+0	379.973650E-3	382.880449E-3
33.400000E+0	1.000000E+0	1.567721E+0	15.920532E+0	381.099224E-3	383.874416E-3
33.500000E+0	1.000000E+0	1.569712E+0	15.960658E+0	382.131577E-3	384.868860E-3
33.600000E+0	1.000000E+0	1.573169E+0	15.998316E+0	382.997751E-3	385.870695E-3
33.700000E+0	1.000000E+0	1.575440E+0	16.044676E+0	384.136915E-3	386.840105E-3
33.800000E+0	1.000000E+0	1.576608E+0	16.085815E+0	385.043859E-3	387.754679E-3
33.900000E+0	1.000000E+0	1.581067E+0	16.120028E+0	386.245966E-3	388.873816E-3
34.000000E+0	1.000000E+0	1.583093E+0	16.170943E+0	387.251377E-3	389.908791E-3
34.100000E+0	1.000000E+0	1.587713E+0	16.220212E+0	388.489246E-3	391.059399E-3
34.200000E+0	1.000000E+0	1.589799E+0	16.264081E+0	389.562607E-3	392.107964E-3
34.300000E+0	1.000000E+0	1.591176E+0	16.308975E+0	390.896320E-3	393.222094E-3
34.400000E+0	1.000000E+0	1.596564E+0	16.357100E+0	391.935349E-3	394.382238E-3
34.500000E+0	1.000000E+0	1.597798E+0	16.401327E+0	392.908573E-3	395.463943E-3
34.600000E+0	1.000000E+0	1.600927E+0	16.450655E+0	394.024134E-3	396.470070E-3
34.700000E+0	1.000000E+0	1.603752E+0	16.489887E+0	395.103216E-3	397.588730E-3
34.800000E+0	1.000000E+0	1.607627E+0	16.534781E+0	396.292686E-3	398.792505E-3
34.900000E+0	1.000000E+0	1.610893E+0	16.580760E+0	397.464752E-3	399.816036E-3
35.000000E+0	1.000000E+0	1.615101E+0	16.618240E+0	398.562670E-3	400.967121E-3
35.100000E+0	1.000000E+0	1.615262E+0	16.669536E+0	399.565697E-3	401.860476E-3
35.200000E+0	1.000000E+0	1.621431E+0	16.708863E+0	400.614977E-3	402.937174E-3
35.300000E+0	1.000000E+0	1.621687E+0	16.746724E+0	401.642323E-3	404.064894E-3
35.400000E+0	1.000000E+0	1.625592E+0	16.798043E+0	402.816296E-3	405.291557E-3
35.500000E+0	1.000000E+0	1.628947E+0	16.842198E+0	404.037714E-3	406.417131E-3
35.600000E+0	1.000000E+0	1.632613E+0	16.885471E+0	405.086994E-3	407.475948E-3
35.700000E+0	1.000000E+0	1.633966E+0	16.929483E+0	406.084776E-3	408.665419E-3
35.800000E+0	1.000000E+0	1.637954E+0	16.971087E+0	407.234669E-3	409.747362E-3
35.900000E+0	1.000000E+0	1.639956E+0	17.011094E+0	408.365011E-3	410.793781E-3
36.000000E+0	1.000000E+0	1.643395E+0	17.053878E+0	409.368277E-3	412.038088E-3
36.100000E+0	1.000000E+0	1.645368E+0	17.100525E+0	410.481453E-3	413.076401E-3
36.200000E+0	1.000000E+0	1.648986E+0	17.138910E+0	411.527634E-3	414.228678E-3
36.300000E+0	1.000000E+0	1.652068E+0	17.181337E+0	412.480831E-3	415.225506E-3
36.400000E+0	1.000000E+0	1.654875E+0	17.223215E+0	413.530111E-3	416.407108E-3
36.500000E+0	1.000000E+0	1.658052E+0	17.262864E+0	414.677620E-3	417.456865E-3
36.600000E+0	1.000000E+0	1.660085E+0	17.304385E+0	415.730715E-3	418.596029E-3
36.700000E+0	1.000000E+0	1.665002E+0	17.355001E+0	416.801453E-3	419.652700E-3
36.800000E+0	1.000000E+0	1.665640E+0	17.399752E+0	417.916775E-3	420.809507E-3
36.900000E+0	1.000000E+0	1.669812E+0	17.438173E+0	418.957949E-3	422.004700E-3
37.000000E+0	1.000000E+0	1.673055E+0	17.486882E+0	420.005560E-3	423.056364E-3
37.100000E+0	1.000000E+0	1.676583E+0	17.522371E+0	421.058893E-3	424.191952E-3
37.200000E+0	1.000000E+0	1.678634E+0	17.555630E+0	421.892405E-3	424.981117E-3
37.300000E+0	1.000000E+0	1.661104E+0	17.284346E+0	415.486813E-3	418.650627E-3
37.400000E+0	1.000000E+0	1.658189E+0	17.221153E+0	414.238214E-3	417.201996E-3
37.500000E+0	1.000000E+0	1.663715E+0	17.311740E+0	416.096449E-3	419.189930E-3
37.600000E+0	1.000000E+0	1.673669E+0	17.452466E+0	419.570923E-3	422.604322E-3
37.700000E+0	1.000000E+0	1.679474E+0	17.572618E+0	422.354221E-3	425.480843E-3
37.800000E+0	1.000000E+0	1.686341E+0	17.667019E+0	424.478054E-3	427.715302E-3
37.900000E+0	1.000000E+0	1.691103E+0	17.735445E+0	426.218987E-3	429.602623E-3
38.000000E+0	1.000000E+0	1.694274E+0	17.794502E+0	427.862167E-3	431.119204E-3
38.100000E+0	1.000000E+0	1.698178E+0	17.857230E+0	429.113150E-3	432.564259E-3
38.200000E+0	1.000000E+0	1.701885E+0	17.904556E+0	430.414438E-3	434.015989E-3
38.300000E+0	1.000000E+0	1.705831E+0	17.955720E+0	431.692123E-3	435.357332E-3
38.400000E+0	1.000000E+0	1.708901E+0	18.008244E+0	432.990789E-3	436.682224E-3
38.500000E+0	1.000000E+0	1.711220E+0	18.054533E+0	434.236288E-3	438.050508E-3
38.600000E+0	1.000000E+0	1.716459E+0	18.112040E+0	435.628414E-3	439.402580E-3
38.700000E+0	1.000000E+0	1.719338E+0	18.161368E+0	436.774731E-3	440.911055E-3
38.800000E+0	1.000000E+0	1.721507E+0	18.209672E+0	438.012362E-3	442.175150E-3
38.900000E+0	1.000000E+0	1.724917E+0	18.252349E+0	439.163446E-3	443.407774E-3
39.000000E+0	1.000000E+0	1.729327E+0	18.301392E+0	440.274954E-3	444.651127E-3
39.100000E+0	1.000000E+0	1.732457E+0	18.347752E+0	441.407442E-3	445.951939E-3
39.200000E+0	1.000000E+0	1.735991E+0	18.393302E+0	442.630291E-3	447.237730E-3
39.300000E+0	1.000000E+0	1.738501E+0	18.439579E+0	443.806648E-3	448.399782E-3
39.400000E+0	1.000000E+0	1.741999E+0	18.483686E+0	444.937229E-3	449.838877E-3
39.500000E+0	1.000000E+0	1.745975E+0	18.533957E+0	446.112871E-3	451.037407E-3
39.600000E+0	1.000000E+0	1.748180E+0	18.579268E+0	447.270632E-3	452.282667E-3
39.700000E+0	1.000000E+0	1.751041E+0	18.638611E+0	448.702335E-3	453.872681E-3
39.800000E+0	1.000000E+0	1.754624E+0	18.701553E+0	450.114727E-3	455.408096E-3
39.900000E+0	1.000000E+0	1.759017E+0	18.741691E+0	451.386929E-3	456.756830E-3
40.000000E+0	1.000000E+0	1.762515E+0	18.793976E+0	452.525377E-3	457.935572E-3
40.100000E+0	1.000000E+0	1.765889E+0	18.837428E+0	453.685284E-3	458.981037E-3
40.200000E+0	1.000000E+0	1.769149E+0	18.878949E+0	454.868078E-3	460.182428E-3
40.300000E+0	1.000000E+0	1.772326E+0	18.924809E+0	455.956459E-3	461.300611E-3
40.400000E+0	1.000000E+0	1.774067E+0	18.960261E+0	456.937075E-3	462.258577E-3
40.500000E+0	1.000000E+0	1.777142E+0	19.004929E+0	457.830429E-3	463.163376E-3
40.600000E+0	1.000000E+0	1.779294E+0	19.047594E+0	458.895922E-3	464.285374E-3
40.700000E+0	1.000000E+0	1.782239E+0	19.090438E+0	460.084200E-3	465.430498E-3
40.800000E+0	1.000000E+0	1.785499E+0	19.137585E+0	461.042166E-3	466.628790E-3
40.900000E+0	1.000000E+0	1.789892E+0	19.177103E+0	462.239504E-3	467.652559E-3
41.000000E+0	1.000000E+0	1.793408E+0	19.217491E+0	463.365078E-3	468.826771E-3
41.100000E+0	1.000000E+0	1.795769E+0	19.263947E+0	464.544058E-3	469.904900E-3
41.200000E+0	1.000000E+0	1.799750E+0	19.305778E+0	465.435982E-3	470.876217E-3
41.300000E+0	1.000000E+0	1.803356E+0	19.348598E+0	466.619730E-3	472.048521E-3
41.400000E+0	1.000000E+0	1.804113E+0	19.397414E+0	467.736006E-3	473.089695E-3
41.500000E+0	1.000000E+0	1.808184E+0	19.440460E+0	468.901634E-3	474.244118E-3
41.600000E+0	1.000000E+0	1.811552E+0	19.476569E+0	469.974518E-3	475.365162E-3
41.700000E+0	1.000000E+0	1.813602E+0	19.530642E+0	471.148968E-3	476.517200E-3
41.800000E+0	1.000000E+0	1.817262E+0	19.566429E+0	472.213984E-3	477.629900E-3
41.900000E+0	1.000000E+0	1.819539E+0	19.611931E+0	473.232508E-3	478.714466E-3
42.000000E+0	1.000000E+0	1.821917E+0	19.657862E+0	474.378347E-3	479.858875E-3
42.100000E+0	1.000000E+0	1.826209E+0	19.701219E+0	475.391150E-3	480.922937E-3
42.200000E+0	1.000000E+0	1.828325E+0	19.749129E+0	476.658583E-3	482.066393E-3
42.300000E+0	1.000000E+0	1.831579E+0	19.786155E+0	477.682829E-3	483.206034E-3
42.400000E+0	1.000000E+0	1.835382E+0	19.826007E+0	478.801250E-3	484.282017E-3
42.500000E+0	1.000000E+0	1.835877E+0	19.870675E+0	479.716301E-3	485.309362E-3
42.600000E+0	1.000000E+0	1.840174E+0	19.906020E+0	480.859041E-3	486.411572E-3
42.700000E+0	1.000000E+0	1.843697E+0	19.955933E+0	481.896162E-3	487.515926E-3
42.800000E+0	1.000000E+0	1.848668E+0	19.999528E+0	483.116150E-3	488.624573E-3
42.900000E+0	1.000000E+0	1.848650E+0	20.044017E+0	484.168530E-3	489.679337E-3
43.000000E+0	1.000000E+0	1.851833E+0	20.088387E+0	485.196829E-3	490.843296E-3
43.100000E+0	1.000000E+0	1.856232E+0	20.130861E+0	486.349106E-3	491.924524E-3
43.200000E+0	1.000000E+0	1.859099E+0	20.176578E+0	487.279415E-3	492.929459E-3
43.300000E+0	1.000000E+0	1.861173E+0	20.218337E+0	488.490820E-3	494.080544E-3
43.400000E+0	1.000000E+0	1.865119E+0	20.263040E+0	489.642859E-3	495.223284E-3
43.500000E+0	1.000000E+0	1.868159E+0	20.309794E+0	490.736961E-3	496.290684E-3
43.600000E+0	1.000000E+0	1.871032E+0	20.350564E+0	491.682053E-3	497.416735E-3
43.700000E+0	1.000000E+0	1.873559E+0	20.399535E+0	492.874622E-3	498.529196E-3
43.800000E+0	1.000000E+0	1.875222E+0	20.435977E+0	493.939400E-3	499.580860E-3
43.900000E+0	1.000000E+0	1.879162E+0	20.484269E+0	495.052576E-3	500.734568E-3
44.000000E+0	1.000000E+0	1.882762E+0	20.526874E+0	496.226311E-3	501.952410E-3
44.100000E+0	1.000000E+0	1.885539E+0	20.571470E+0	497.334242E-3	502.963305E-3
44.200000E+0	1.000000E+0	1.888919E+0	20.619798E+0	498.596907E-3	504.289865E-3
44.300000E+0	1.000000E+0	1.891011E+0	20.664644E+0	499.786139E-3	505.432606E-3
44.400000E+0	1.000000E+0	1.894766E+0	20.719528E+0	500.915766E-3	506.589890E-3
44.500000E+0	1.000000E+0	1.898593E+0	20.767748E+0	502.109051E-3	507.877588E-3
44.600000E+0	1.000000E+0	1.902080E+0	20.808136E+0	503.193855E-3	508.949995E-3
44.700000E+0	1.000000E+0	1.904696E+0	20.846295E+0	504.302740E-3	509.951591E-3
44.800000E+0	1.000000E+0	1.908404E+0	20.896196E+0	505.416870E-3	511.080027E-3
44.900000E+0	1.000000E+0	1.911342E+0	20.927715E+0	506.334066E-3	512.044907E-3
45.000000E+0	1.000000E+0	1.913542E+0	20.974612E+0	507.331371E-3	513.098478E-3
45.100000E+0	1.000000E+0	1.916647E+0	21.007264E+0	508.489132E-3	514.125586E-3
45.200000E+0	1.000000E+0	1.918149E+0	21.053791E+0	509.396553E-3	515.187263E-3
45.300000E+0	1.000000E+0	1.923478E+0	21.088374E+0	510.533333E-3	516.158342E-3
45.400000E+0	1.000000E+0	1.923740E+0	21.133220E+0	511.468172E-3	517.294407E-3
45.500000E+0	1.000000E+0	1.929069E+0	21.178591E+0	512.625456E-3	518.414736E-3
45.600000E+0	1.000000E+0	1.932347E+0	21.221519E+0	513.587952E-3	519.506454E-3
45.700000E+0	1.000000E+0	1.933920E+0	21.263444E+0	514.670372E-3	520.550966E-3
45.800000E+0	1.000000E+0	1.938093E+0	21.301675E+0	515.850306E-3	521.627188E-3
45.900000E+0	1.000000E+0	1.939815E+0	21.352518E+0	516.971588E-3	522.687197E-3
46.000000E+0	1.000000E+0	1.942921E+0	21.389186E+0	518.018723E-3	523.852110E-3
46.100000E+0	1.000000E+0	1.944476E+0	21.433425E+0	519.114971E-3	524.900198E-3
46.200000E+0	1.000000E+0	1.950049E+0	21.479440E+0	520.200491E-3	526.012659E-3
46.300000E+0	1.000000E+0	1.950777E+0	21.519697E+0	521.207809E-3	527.041435E-3
46.400000E+0	1.000000E+0	1.956201E+0	21.563292E+0	522.336006E-3	528.141260E-3
46.500000E+0	1.000000E+0	1.957756E+0	21.599579E+0	523.419857E-3	529.124260E-3
46.600000E+0	1.000000E+0	1.959860E+0	21.648955E+0	524.466753E-3	530.245543E-3
46.700000E+0	1.000000E+0	1.964480E+0	21.688414E+0	525.530577E-3	531.332254E-3
46.800000E+0	1.000000E+0	1.967406E+0	21.726561E+0	526.599884E-3	532.433510E-3
46.900000E+0	1.000000E+0	1.968974E+0	21.768653E+0	527.675390E-3	533.507109E-3
47.000000E+0	1.000000E+0	1.972294E+0	21.824062E+0	528.694153E-3	534.613848E-3
47.100000E+0	1.000000E+0	1.977450E+0	21.854973E+0	529.838562E-3	535.647869E-3
47.200000E+0	1.000000E+0	1.978326E+0	21.902204E+0	530.905247E-3	536.774874E-3
47.300000E+0	1.000000E+0	1.982045E+0	21.947324E+0	532.007694E-3	537.851572E-3
47.400000E+0	1.000000E+0	1.983696E+0	21.993518E+0	533.101320E-3	539.015293E-3
47.500000E+0	1.000000E+0	1.988292E+0	22.036207E+0	534.328938E-3	540.159225E-3
47.600000E+0	1.000000E+0	1.991099E+0	22.072160E+0	535.339355E-3	541.189909E-3
47.700000E+0	1.000000E+0	1.992643E+0	22.114372E+0	536.421776E-3	542.169094E-3
47.800000E+0	1.000000E+0	1.999104E+0	22.152293E+0	537.322998E-3	543.237448E-3
47.900000E+0	1.000000E+0	1.999807E+0	22.198915E+0	538.429260E-3	544.363022E-3
48.000000E+0	1.000000E+0	2.003825E+0	22.248685E+0	539.547920E-3	545.547009E-3
48.100000E+0	1.000000E+0	2.005786E+0	22.283816E+0	540.631771E-3	546.618938E-3
48.200000E+0	1.000000E+0	2.010113E+0	22.331095E+0	541.895866E-3	547.787428E-3
48.300000E+0	1.000000E+0	2.011269E+0	22.384357E+0	543.015003E-3	548.963070E-3
48.400000E+0	1.000000E+0	2.015942E+0	22.424579E+0	544.111252E-3	550.068378E-3
48.500000E+0	1.000000E+0	2.018470E+0	22.471476E+0	545.294046E-3	551.217318E-3
48.600000E+0	1.000000E+0	2.021015E+0	22.515571E+0	546.388626E-3	552.380323E-3
48.700000E+0	1.000000E+0	2.024800E+0	22.558153E+0	547.487020E-3	553.443670E-3
48.800000E+0	1.000000E+0	2.027059E+0	22.597861E+0	548.473358E-3	554.441929E-3
48.900000E+0	1.000000E+0	2.030152E+0	22.636724E+0	549.576521E-3	555.439711E-3
49.000000E+0	1.000000E+0	2.034563E+0	22.676778E+0	550.519943E-3	556.493282E-3
49.100000E+0	1.000000E+0	2.036130E+0	22.715986E+0	551.555634E-3	557.486773E-3
49.200000E+0	1.000000E+0	2.038324E+0	22.758281E+0	552.711010E-3	558.644772E-3
49.300000E+0	1.000000E+0	2.041972E+0	22.801387E+0	553.783417E-3	559.626102E-3
49.400000E+0	1.000000E+0	2.044785E+0	22.839570E+0	554.781914E-3	560.709238E-3
49.500000E+0	1.000000E+0	2.046680E+0	22.884464E+0	555.843115E-3	561.797380E-3
49.600000E+0	1.000000E+0	2.052134E+0	22.918892E+0	556.779861E-3	562.851906E-3
49.700000E+0	1.000000E+0	2.053553E+0	22.964847E+0	558.004618E-3	563.969612E-3
49.800000E+0	1.000000E+0	2.056325E+0	23.012567E+0	559.055567E-3	565.029383E-3
49.900000E+0	1.000000E+0	2.059513E+0	23.052239E+0	560.057878E-3	566.062689E-3
50.000000E+0	1.000000E+0	2.062577E+0	23.093712E+0	561.195850E-3	567.186594E-3
50.100000E+0	1.000000E+0	2.066189E+0	23.137307E+0	562.261581E-3	568.273067E-3
50.200000E+0	1.000000E+0	2.068698E+0	23.184741E+0	563.408375E-3	569.463015E-3
50.300000E+0	1.000000E+0	2.072120E+0	23.228860E+0	564.439774E-3	570.445061E-3
50.400000E+0	1.000000E+0	2.074850E+0	23.264802E+0	565.500498E-3	571.563721E-3
50.500000E+0	1.000000E+0	2.077240E+0	23.307049E+0	566.543579E-3	572.546721E-3
50.600000E+0	1.000000E+0	2.079886E+0	23.349690E+0	567.691088E-3	573.606014E-3
50.700000E+0	1.000000E+0	2.083290E+0	23.392904E+0	568.748713E-3	574.642420E-3
50.800000E+0	1.000000E+0	2.087176E+0	23.439801E+0	569.808960E-3	575.863361E-3
50.900000E+0	1.000000E+0	2.090293E+0	23.481548E+0	570.929050E-3	577.008724E-3
51.000000E+0	1.000000E+0	2.093440E+0	23.520315E+0	572.092056E-3	578.083038E-3
51.100000E+0	1.000000E+0	2.096510E+0	23.562312E+0	572.983265E-3	579.186916E-3
51.200000E+0	1.000000E+0	2.099633E+0	23.601902E+0	574.181080E-3	580.207825E-3
51.300000E+0	1.000000E+0	2.101272E+0	23.642421E+0	575.258017E-3	581.245661E-3
51.400000E+0	1.000000E+0	2.105665E+0	23.681772E+0	576.155424E-3	582.326412E-3
51.500000E+0	1.000000E+0	2.106637E+0	23.728013E+0	577.258110E-3	583.250046E-3
51.600000E+0	1.000000E+0	2.111274E+0	23.768294E+0	578.475475E-3	584.381104E-3
51.700000E+0	1.000000E+0	2.113551E+0	23.812222E+0	579.564333E-3	585.512161E-3
51.800000E+0	1.000000E+0	2.117997E+0	23.855686E+0	580.618382E-3	586.616039E-3
51.900000E+0	1.000000E+0	2.120858E+0	23.902404E+0	581.688404E-3	587.675095E-3
52.000000E+0	1.000000E+0	2.122760E+0	23.949432E+0	582.702160E-3	588.772535E-3
52.100000E+0	1.000000E+0	2.124834E+0	23.991013E+0	583.868027E-3	589.995623E-3
52.200000E+0	1.000000E+0	2.128875E+0	24.032867E+0	585.034609E-3	591.188908E-3
52.300000E+0	1.000000E+0	2.133548E+0	24.077606E+0	586.167574E-3	592.232943E-3
52.400000E+0	1.000000E+0	2.135736E+0	24.120247E+0	587.285519E-3	593.319178E-3
52.500000E+0	1.000000E+0	2.136540E+0	24.163091E+0	588.354349E-3	594.202995E-3
52.600000E+0	1.000000E+0	2.140909E+0	24.196672E+0	589.320898E-3	595.343351E-3
52.700000E+0	1.000000E+0	2.145177E+0	24.237049E+0	590.259075E-3	596.311808E-3
52.800000E+0	1.000000E+0	2.146989E+0	24.278092E+0	591.390371E-3	597.274780E-3
52.900000E+0	1.000000E+0	2.151614E+0	24.317086E+0	592.214823E-3	598.309755E-3
53.000000E+0	1.000000E+0	2.153492E+0	24.359453E+0	593.415737E-3	599.420309E-3
53.100000E+0	1.000000E+0	2.158850E+0	24.410355E+0	594.704628E-3	600.734711E-3
53.200000E+0	1.000000E+0	2.158618E+0	24.458170E+0	595.909834E-3	601.996183E-3
53.300000E+0	1.000000E+0	2.162695E+0	24.499810E+0	596.988678E-3	602.946520E-3
53.400000E+0	1.000000E+0	2.164596E+0	24.544537E+0	598.062038E-3	604.038239E-3
53.500000E+0	1.000000E+0	2.168667E+0	24.585617E+0	599.264145E-3	605.128527E-3
53.600000E+0	1.000000E+0	2.171177E+0	24.624085E+0	600.230694E-3	606.122732E-3
53.700000E+0	1.000000E+0	2.176040E+0	24.667811E+0	601.247787E-3	607.307434E-3
53.800000E+0	1.000000E+0	2.177674E+0	24.705899E+0	602.360964E-3	608.238220E-3
53.900000E+0	1.000000E+0	2.179939E+0	24.748790E+0	603.411198E-3	609.310389E-3
54.000000E+0	1.000000E+0	2.184445E+0	24.792171E+0	604.360580E-3	610.486269E-3
54.100000E+0	1.000000E+0	2.185923E+0	24.834228E+0	605.375051E-3	611.354113E-3
54.200000E+0	1.000000E+0	2.188963E+0	24.867749E+0	606.392145E-3	612.390518E-3
54.300000E+0	1.000000E+0	2.191997E+0	24.902821E+0	607.272387E-3	613.194942E-3
54.400000E+0	1.000000E+0	2.193230E+0	24.944246E+0	608.278751E-3	614.370584E-3
54.500000E+0	1.000000E+0	2.196777E+0	24.992681E+0	609.500885E-3	615.510941E-3
54.600000E+0	1.000000E+0	2.199364E+0	25.041234E+0	610.707045E-3	616.750717E-3
54.700000E+0	1.000000E+0	2.204323E+0	25.077903E+0	611.806870E-3	617.659569E-3
54.800000E+0	1.000000E+0	2.206546E+0	25.120628E+0	612.931967E-3	618.729353E-3
54.900000E+0	1.000000E+0	2.208614E+0	25.161397E+0	613.913774E-3	619.777203E-3
55.000000E+0	1.000000E+0	2.212769E+0	25.205338E+0	614.962339E-3	620.927334E-3
55.100000E+0	1.000000E+0	2.215898E+0	25.252020E+0	616.019487E-3	621.999025E-3
55.200000E+0	1.000000E+0	2.219003E+0	25.284290E+0	617.150307E-3	623.055935E-3
55.300000E+0	1.000000E+0	2.221227E+0	25.331604E+0	618.228674E-3	624.171734E-3
55.400000E+0	1.000000E+0	2.224964E+0	25.374484E+0	619.301796E-3	625.148296E-3
55.500000E+0	1.000000E+0	2.227950E+0	25.416648E+0	620.459080E-3	626.270056E-3
55.600000E+0	1.000000E+0	2.229726E+0	25.459802E+0	621.503592E-3	627.422094E-3
55.700000E+0	1.000000E+0	2.233392E+0	25.507665E+0	622.720480E-3	628.575325E-3
55.800000E+0	1.000000E+0	2.237207E+0	25.548315E+0	623.813868E-3	629.761696E-3
55.900000E+0	1.000000E+0	2.239990E+0	25.593412E+0	624.896288E-3	630.842447E-3
56.000000E+0	1.000000E+0	2.244097E+0	25.633836E+0	626.096964E-3	631.914616E-3
56.100000E+0	1.000000E+0	2.247500E+0	25.682712E+0	627.110958E-3	633.027792E-3
56.200000E+0	1.000000E+0	2.249771E+0	25.714242E+0	628.104210E-3	633.962870E-3
56.300000E+0	1.000000E+0	2.251589E+0	25.751364E+0	629.134178E-3	635.031700E-3
56.400000E+0	1.000000E+0	2.255613E+0	25.797844E+0	630.102634E-3	636.115551E-3
56.500000E+0	1.000000E+0	2.258897E+0	25.841451E+0	631.245852E-3	637.177944E-3
56.600000E+0	1.000000E+0	2.260339E+0	25.884950E+0	632.224560E-3	638.128519E-3
56.700000E+0	1.000000E+0	2.264166E+0	25.919354E+0	633.296490E-3	639.186144E-3
56.800000E+0	1.000000E+0	2.268481E+0	25.959730E+0	634.281874E-3	640.180111E-3
56.900000E+0	1.000000E+0	2.269751E+0	26.006055E+0	635.447979E-3	641.365290E-3
57.000000E+0	1.000000E+0	2.274275E+0	26.048207E+0	636.496544E-3	642.385960E-3
57.100000E+0	1.000000E+0	2.277017E+0	26.093900E+0	637.724161E-3	643.626928E-3
57.200000E+0	1.000000E+0	2.278727E+0	26.137877E+0	638.912439E-3	644.669533E-3
57.300000E+0	1.000000E+0	2.282333E+0	26.176763E+0	639.809847E-3	645.760536E-3
57.400000E+0	1.000000E+0	2.286178E+0	26.226473E+0	641.023874E-3	646.934032E-3
57.500000E+0	1.000000E+0	2.288586E+0	26.263642E+0	642.181635E-3	648.000956E-3
57.600000E+0	1.000000E+0	2.293640E+0	26.304662E+0	643.205643E-3	649.161577E-3
57.700000E+0	1.000000E+0	2.294660E+0	26.345885E+0	644.351959E-3	650.063038E-3
57.800000E+0	1.000000E+0	2.298045E+0	26.384246E+0	645.229101E-3	651.279449E-3
57.900000E+0	1.000000E+0	2.298522E+0	26.424611E+0	646.238327E-3	652.112961E-3
58.000000E+0	1.000000E+0	2.303505E+0	26.467395E+0	647.272348E-3	653.234959E-3
58.100000E+0	1.000000E+0	2.305412E+0	26.504076E+0	648.307800E-3	654.176235E-3
58.200000E+0	1.000000E+0	2.309060E+0	26.541615E+0	649.256229E-3	655.170918E-3
58.300000E+0	1.000000E+0	2.310890E+0	26.583910E+0	650.374889E-3	656.193018E-3
58.400000E+0	1.000000E+0	2.315259E+0	26.626563E+0	651.409626E-3	657.297850E-3
58.500000E+0	1.000000E+0	2.317119E+0	26.667678E+0	652.487516E-3	658.285856E-3
58.600000E+0	1.000000E+0	2.321798E+0	26.709688E+0	653.418779E-3	659.335613E-3
58.700000E+0	1.000000E+0	2.323186E+0	26.750576E+0	654.486179E-3	660.522223E-3
58.800000E+0	1.000000E+0	2.327675E+0	26.799369E+0	655.687809E-3	661.577702E-3
58.900000E+0	1.000000E+0	2.330136E+0	26.839423E+0	656.845570E-3	662.711143E-3
59.000000E+0	1.000000E+0	2.332413E+0	26.887417E+0	657.947302E-3	663.808584E-3
59.100000E+0	1.000000E+0	2.337140E+0	26.919115E+0	659.118652E-3	664.829016E-3
59.200000E+0	1.000000E+0	2.338237E+0	26.964700E+0	660.051107E-3	665.973663E-3
59.300000E+0	1.000000E+0	2.341706E+0	27.004099E+0	661.242723E-3	667.065382E-3
59.400000E+0	1.000000E+0	2.344996E+0	27.053130E+0	662.273407E-3	668.141365E-3
59.500000E+0	1.000000E+0	2.348232E+0	27.092218E+0	663.237572E-3	669.168711E-3
59.600000E+0	1.000000E+0	2.352226E+0	27.133894E+0	664.410830E-3	670.275450E-3
59.700000E+0	1.000000E+0	2.354866E+0	27.175665E+0	665.520668E-3	671.417475E-3
59.800000E+0	1.000000E+0	2.357250E+0	27.219713E+0	666.651249E-3	672.464848E-3
59.900000E+0	1.000000E+0	2.360505E+0	27.255046E+0	667.435884E-3	673.364639E-3
60.000000E+0	1.000000E+0	2.363992E+0	27.300715E+0	668.694019E-3	674.571753E-3
60.100000E+0	1.000000E+0	2.366287E+0	27.345967E+0	669.772863E-3	675.690651E-3
60.200000E+0	1.000000E+0	2.369797E+0	27.385557E+0	670.873165E-3	676.718473E-3
60.300000E+0	1.000000E+0	2.373177E+0	27.426088E+0	671.786308E-3	677.705526E-3
60.400000E+0	1.000000E+0	2.375579E+0	27.463138E+0	672.736406E-3	678.720713E-3
60.500000E+0	1.000000E+0	2.378774E+0	27.501035E+0	673.825502E-3	679.743290E-3
60.600000E+0	1.000000E+0	2.380836E+0	27.537119E+0	674.873352E-3	680.707455E-3
60.700000E+0	1.000000E+0	2.383971E+0	27.582455E+0	675.908804E-3	681.801796E-3
60.800000E+0	1.000000E+0	2.388233E+0	27.622938E+0	677.015066E-3	682.913303E-3
60.900000E+0	1.000000E+0	2.389395E+0	27.660382E+0	678.002357E-3	683.932543E-3
61.000000E+0	1.000000E+0	2.394098E+0	27.712226E+0	679.163218E-3	685.096741E-3
61.100000E+0	1.000000E+0	2.396822E+0	27.750254E+0	680.422068E-3	686.090946E-3
61.200000E+0	1.000000E+0	2.398950E+0	27.792740E+0	681.257248E-3	687.237501E-3
61.300000E+0	1.000000E+0	2.401203E+0	27.842116E+0	682.506561E-3	688.373804E-3
61.400000E+0	1.000000E+0	2.403981E+0	27.877164E+0	683.585882E-3	689.576387E-3
61.500000E+0	1.000000E+0	2.408379E+0	27.920127E+0	684.611797E-3	690.593481E-3
61.600000E+0	1.000000E+0	2.412164E+0	27.959919E+0	685.686827E-3	691.529751E-3
61.700000E+0	1.000000E+0	2.415556E+0	28.001428E+0	686.610222E-3	692.663193E-3
61.800000E+0	1.000000E+0	2.417934E+0	28.036249E+0	687.643051E-3	693.618536E-3
61.900000E+0	1.000000E+0	2.421594E+0	28.080785E+0	688.755274E-3	694.720745E-3
62.000000E+0	1.000000E+0	2.423424E+0	28.122973E+0	689.645529E-3	695.744038E-3
62.100000E+0	1.000000E+0	2.426750E+0	28.155529E+0	690.730095E-3	696.727753E-3
62.200000E+0	1.000000E+0	2.429068E+0	28.198075E+0	692.007780E-3	697.773218E-3
62.300000E+0	1.000000E+0	2.431089E+0	28.244066E+0	693.014383E-3	698.864222E-3
62.400000E+0	1.000000E+0	2.434576E+0	28.283846E+0	694.012403E-3	700.006962E-3
62.500000E+0	1.000000E+0	2.438521E+0	28.331006E+0	695.087194E-3	701.127052E-3
62.600000E+0	1.000000E+0	2.442312E+0	28.371644E+0	696.170807E-3	702.138901E-3
62.700000E+0	1.000000E+0	2.444458E+0	28.405082E+0	697.252274E-3	703.171253E-3
62.800000E+0	1.000000E+0	2.446377E+0	28.453159E+0	698.319674E-3	704.382896E-3
62.900000E+0	1.000000E+0	2.450109E+0	28.492236E+0	699.389935E-3	705.471516E-3
63.000000E+0	1.000000E+0	2.453673E+0	28.533196E+0	700.500727E-3	706.467628E-3
63.100000E+0	1.000000E+0	2.456313E+0	28.577268E+0	701.619864E-3	707.593679E-3
63.200000E+0	1.000000E+0	2.459282E+0	28.619754E+0	702.568769E-3	708.610773E-3
63.300000E+0	1.000000E+0	2.461493E+0	28.658342E+0	703.587294E-3	709.760904E-3
63.400000E+0	1.000000E+0	2.465946E+0	28.702533E+0	704.828739E-3	710.813522E-3
63.500000E+0	1.000000E+0	2.466881E+0	28.746462E+0	705.746889E-3	711.801291E-3
63.600000E+0	1.000000E+0	2.471989E+0	28.782880E+0	706.962585E-3	712.894201E-3
63.700000E+0	1.000000E+0	2.474093E+0	28.829205E+0	708.104372E-3	714.202881E-3
63.800000E+0	1.000000E+0	2.476734E+0	28.873432E+0	709.043026E-3	715.133667E-3
63.900000E+0	1.000000E+0	2.481353E+0	28.910685E+0	710.206270E-3	716.210604E-3
64.000000E+0	1.000000E+0	2.484202E+0	28.956103E+0	711.366177E-3	717.404604E-3
64.100000E+0	1.000000E+0	2.486742E+0	28.992927E+0	712.348700E-3	718.468189E-3
64.200000E+0	1.000000E+0	2.489251E+0	29.036653E+0	713.345289E-3	719.379902E-3
64.300000E+0	1.000000E+0	2.493727E+0	29.076040E+0	714.328289E-3	720.598936E-3
64.400000E+0	1.000000E+0	2.495277E+0	29.112959E+0	715.413332E-3	721.588850E-3
64.500000E+0	1.000000E+0	2.499044E+0	29.162896E+0	716.734409E-3	722.778797E-3
64.600000E+0	1.000000E+0	2.502012E+0	29.205775E+0	717.858553E-3	723.973989E-3
64.700000E+0	1.000000E+0	2.506399E+0	29.251838E+0	718.912363E-3	725.029945E-3
64.800000E+0	1.000000E+0	2.507842E+0	29.287589E+0	719.862700E-3	726.092339E-3
64.900000E+0	1.000000E+0	2.509242E+0	29.327083E+0	720.938921E-3	727.038622E-3
65.000000E+0	1.000000E+0	2.511764E+0	29.374528E+0	722.036362E-3	728.169203E-3
65.100000E+0	1.000000E+0	2.517068E+0	29.410756E+0	723.007679E-3	729.297161E-3
65.200000E+0	1.000000E+0	2.519101E+0	29.449940E+0	724.057674E-3	730.292320E-3
65.300000E+0	1.000000E+0	2.522522E+0	29.493368E+0	725.162506E-3	731.258869E-3
65.400000E+0	1.000000E+0	2.524334E+0	29.530180E+0	726.068735E-3	732.259035E-3
65.500000E+0	1.000000E+0	2.528811E+0	29.569352E+0	727.230549E-3	733.451128E-3
65.600000E+0	1.000000E+0	2.531689E+0	29.605758E+0	728.180170E-3	734.348059E-3
65.700000E+0	1.000000E+0	2.533072E+0	29.650056E+0	729.089499E-3	735.371828E-3
65.800000E+0	1.000000E+0	2.538580E+0	29.686987E+0	730.177641E-3	736.327410E-3
65.900000E+0	1.000000E+0	2.539510E+0	29.723012E+0	731.289387E-3	737.447977E-3
66.000000E+0	1.000000E+0	2.543539E+0	29.767704E+0	732.245922E-3	738.536835E-3
66.100000E+0	1.000000E+0	2.546239E+0	29.807091E+0	733.262777E-3	739.594460E-3
66.200000E+0	1.000000E+0	2.549434E+0	29.849529E+0	734.313250E-3	740.542173E-3
66.300000E+0	1.000000E+0	2.551544E+0	29.883218E+0	735.392094E-3	741.605282E-3
66.400000E+0	1.000000E+0	2.554530E+0	29.930210E+0	736.418009E-3	742.719650E-3
66.500000E+0	1.000000E+0	2.556986E+0	29.972517E+0	737.521887E-3	743.853569E-3
66.600000E+0	1.000000E+0	2.561283E+0	30.015504E+0	738.771200E-3	745.023727E-3
66.700000E+0	1.000000E+0	2.565569E+0	30.060935E+0	739.829540E-3	746.167183E-3
66.800000E+0	1.000000E+0	2.568227E+0	30.107939E+0	740.959644E-3	747.204065E-3
66.900000E+0	1.000000E+0	2.570224E+0	30.140507E+0	741.953850E-3	748.307228E-3
67.000000E+0	1.000000E+0	2.574420E+0	30.185878E+0	743.047714E-3	749.436378E-3
67.100000E+0	1.000000E+0	2.575487E+0	30.220091E+0	744.105577E-3	750.458002E-3
67.200000E+0	1.000000E+0	2.579176E+0	30.261517E+0	745.145798E-3	751.438618E-3
67.300000E+0	1.000000E+0	2.581126E+0	30.310488E+0	746.207237E-3	752.618551E-3
67.400000E+0	1.000000E+0	2.584511E+0	30.351961E+0	747.339487E-3	753.714800E-3
67.500000E+0	1.000000E+0	2.587026E+0	30.396533E+0	748.492002E-3	754.997253E-3
67.600000E+0	1.000000E+0	2.590704E+0	30.437231E+0	749.647379E-3	756.068945E-3
67.700000E+0	1.000000E+0	2.594364E+0	30.482423E+0	750.645876E-3	757.053614E-3
67.800000E+0	1.000000E+0	2.599734E+0	30.518258E+0	751.712084E-3	758.178234E-3
67.900000E+0	1.000000E+0	2.601212E+0	30.557644E+0	752.730370E-3	759.148836E-3
68.000000E+0	1.000000E+0	2.603483E+0	30.608296E+0	753.833055E-3	760.214090E-3
68.100000E+0	1.000000E+0	2.605432E+0	30.641747E+0	754.822254E-3	761.263609E-3
68.200000E+0	1.000000E+0	2.609521E+0	30.680072E+0	755.929947E-3	762.313843E-3
68.300000E+0	1.000000E+0	2.611941E+0	30.725086E+0	756.836891E-3	763.344765E-3
68.400000E+0	1.000000E+0	2.613372E+0	30.758750E+0	757.918119E-3	764.432430E-3
68.500000E+0	1.000000E+0	2.617604E+0	30.803227E+0	759.121895E-3	765.622139E-3
68.600000E+0	1.000000E+0	2.621561E+0	30.850101E+0	760.141134E-3	766.653538E-3
68.700000E+0	1.000000E+0	2.624697E+0	30.882740E+0	761.160612E-3	767.641068E-3
68.800000E+0	1.000000E+0	2.626324E+0	30.925190E+0	762.171268E-3	768.714666E-3
68.900000E+0	1.000000E+0	2.629370E+0	30.962265E+0	763.224840E-3	769.878387E-3
69.000000E+0	1.000000E+0	2.632982E+0	31.007981E+0	764.328480E-3	770.853996E-3
69.100000E+0	1.000000E+0	2.635938E+0	31.047583E+0	765.404940E-3	771.965265E-3
69.200000E+0	1.000000E+0	2.639616E+0	31.085289E+0	766.408205E-3	772.913933E-3
69.300000E+0	1.000000E+0	2.642065E+0	31.128204E+0	767.396927E-3	774.007797E-3
69.400000E+0	1.000000E+0	2.646655E+0	31.166780E+0	768.558502E-3	775.087357E-3
69.500000E+0	1.000000E+0	2.649027E+0	31.215703E+0	769.572973E-3	776.120424E-3
69.600000E+0	1.000000E+0	2.651423E+0	31.251299E+0	770.661354E-3	777.171612E-3
69.700000E+0	1.000000E+0	2.655292E+0	31.288028E+0	771.651983E-3	778.250217E-3
69.800000E+0	1.000000E+0	2.656454E+0	31.339848E+0	772.707462E-3	779.325247E-3
69.900000E+0	1.000000E+0	2.660704E+0	31.374598E+0	773.856163E-3	780.436993E-3
70.000000E+0	1.000000E+0	2.662361E+0	31.420362E+0	774.968386E-3	781.586170E-3
70.100000E+0	1.000000E+0	2.667230E+0	31.457949E+0	776.112556E-3	782.782078E-3
70.200000E+0	1.000000E+0	2.669013E+0	31.503928E+0	777.142048E-3	783.944368E-3
70.300000E+0	1.000000E+0	2.672172E+0	31.543958E+0	778.296947E-3	784.914017E-3
70.400000E+0	1.000000E+0	2.675211E+0	31.578577E+0	779.218435E-3	785.901785E-3
70.500000E+0	1.000000E+0	2.677715E+0	31.617057E+0	780.122757E-3	786.732197E-3
70.600000E+0	1.000000E+0	2.681333E+0	31.654310E+0	781.091213E-3	787.711859E-3
70.700000E+0	1.000000E+0	2.683908E+0	31.690490E+0	782.123804E-3	788.678408E-3
70.800000E+0	1.000000E+0	2.685726E+0	31.736040E+0	783.166409E-3	789.743900E-3
70.900000E+0	1.000000E+0	2.690780E+0	31.770718E+0	784.374714E-3	790.941238E-3
71.000000E+0	1.000000E+0	2.692497E+0	31.808305E+0	785.304785E-3	791.990280E-3
71.100000E+0	1.000000E+0	2.695566E+0	31.859982E+0	786.401272E-3	793.090343E-3
71.200000E+0	1.000000E+0	2.699566E+0	31.894541E+0	787.659645E-3	794.203281E-3
71.300000E+0	1.000000E+0	2.702326E+0	31.945074E+0	788.630486E-3	795.412302E-3
71.400000E+0	1.000000E+0	2.705306E+0	31.985807E+0	789.806366E-3	796.478510E-3
71.500000E+0	1.000000E+0	2.705330E+0	32.029974E+0	790.824413E-3	797.557831E-3
71.600000E+0	1.000000E+0	2.710754E+0	32.067335E+0	791.887760E-3	798.615932E-3
71.700000E+0	1.000000E+0	2.714157E+0	32.105100E+0	792.948246E-3	799.639702E-3
71.800000E+0	1.000000E+0	2.716816E+0	32.149184E+0	793.958902E-3	800.671577E-3
71.900000E+0	1.000000E+0	2.721149E+0	32.185686E+0	795.049667E-3	801.680565E-3
72.000000E+0	1.000000E+0	2.721685E+0	32.227075E+0	796.052694E-3	802.741289E-3
72.100000E+0	1.000000E+0	2.725923E+0	32.270753E+0	797.095299E-3	803.862572E-3
72.200000E+0	1.000000E+0	2.727723E+0	32.312858E+0	798.169136E-3	804.994822E-3
72.300000E+0	1.000000E+0	2.732015E+0	32.348144E+0	799.202919E-3	805.980206E-3
72.400000E+0	1.000000E+0	2.734584E+0	32.389188E+0	800.344944E-3	807.093620E-3
72.500000E+0	1.000000E+0	2.739006E+0	32.433581E+0	801.155806E-3	808.043003E-3
72.600000E+0	1.000000E+0	2.742052E+0	32.465947E+0	802.299023E-3	809.063911E-3
72.700000E+0	1.000000E+0	2.744520E+0	32.503724E+0	803.282976E-3	810.121775E-3
72.800000E+0	1.000000E+0	2.746004E+0	32.549047E+0	804.437399E-3	811.290503E-3
72.900000E+0	1.000000E+0	2.750331E+0	32.594037E+0	805.456877E-3	812.417269E-3
73.000000E+0	1.000000E+0	2.753854E+0	32.633018E+0	806.513548E-3	813.483953E-3
73.100000E+0	1.000000E+0	2.755249E+0	32.676113E+0	807.536364E-3	814.476967E-3
73.200000E+0	1.000000E+0	2.758986E+0	32.709932E+0	808.667421E-3	815.560341E-3
73.300000E+0	1.000000E+0	2.763176E+0	32.754755E+0	809.735537E-3	816.577196E-3
73.400000E+0	1.000000E+0	2.766305E+0	32.792342E+0	810.647488E-3	817.621946E-3
73.500000E+0	1.000000E+0	2.768612E+0	32.835340E+0	811.682463E-3	818.643808E-3
73.600000E+0	1.000000E+0	2.769631E+0	32.873058E+0	812.733412E-3	819.807768E-3
73.700000E+0	1.000000E+0	2.774286E+0	32.913601E+0	813.965082E-3	820.938110E-3
73.800000E+0	1.000000E+0	2.777165E+0	32.957709E+0	815.041304E-3	822.070599E-3
73.900000E+0	1.000000E+0	2.779734E+0	32.999253E+0	816.006184E-3	823.034525E-3
74.000000E+0	1.000000E+0	2.784061E+0	33.031178E+0	816.942453E-3	823.997259E-3
74.100000E+0	1.000000E+0	2.786231E+0	33.071721E+0	818.014622E-3	825.035334E-3
74.200000E+0	1.000000E+0	2.787983E+0	33.114290E+0	819.143295E-3	826.165676E-3
74.300000E+0	1.000000E+0	2.792162E+0	33.157396E+0	820.230484E-3	827.441931E-3
74.400000E+0	1.000000E+0	2.795041E+0	33.198369E+0	821.317434E-3	828.444004E-3
74.500000E+0	1.000000E+0	2.798617E+0	33.236146E+0	822.323799E-3	829.571724E-3
74.600000E+0	1.000000E+0	2.800280E+0	33.285272E+0	823.400497E-3	830.651045E-3
74.700000E+0	1.000000E+0	2.804762E+0	33.324659E+0	824.537039E-3	831.696749E-3
74.800000E+0	1.000000E+0	2.808499E+0	33.365321E+0	825.635433E-3	832.798958E-3
74.900000E+0	1.000000E+0	2.810425E+0	33.402395E+0	826.550961E-3	833.845377E-3
75.000000E+0	1.000000E+0	2.813286E+0	33.439982E+0	827.569008E-3	834.789991E-3
75.100000E+0	1.000000E+0	2.814961E+0	33.480668E+0	828.670502E-3	835.904121E-3
75.200000E+0	1.000000E+0	2.819645E+0	33.522606E+0	829.725266E-3	836.962223E-3
75.300000E+0	1.000000E+0	2.822739E+0	33.562624E+0	830.766916E-3	838.090658E-3
75.400000E+0	1.000000E+0	2.825272E+0	33.605361E+0	831.751585E-3	839.206457E-3
75.500000E+0	1.000000E+0	2.827841E+0	33.641243E+0	832.877874E-3	840.296984E-3
75.600000E+0	1.000000E+0	2.831584E+0	33.682561E+0	833.844662E-3	841.310740E-3
75.700000E+0	1.000000E+0	2.833420E+0	33.720720E+0	834.846020E-3	842.348576E-3
75.800000E+0	1.000000E+0	2.836990E+0	33.759046E+0	835.926294E-3	843.355179E-3
75.900000E+0	1.000000E+0	2.839977E+0	33.799541E+0	836.844921E-3	844.419718E-3
76.000000E+0	1.000000E+0	2.842468E+0	33.839953E+0	837.900162E-3	845.506907E-3
76.100000E+0	1.000000E+0	2.844471E+0	33.885539E+0	839.080572E-3	846.632719E-3
76.200000E+0	1.000000E+0	2.849972E+0	33.926845E+0	840.183735E-3	847.718477E-3
76.300000E+0	1.000000E+0	2.852643E+0	33.958566E+0	841.234684E-3	848.715782E-3
76.400000E+0	2.000000E+0	2.853429E+0	33.998072E+0	842.159033E-3	849.817038E-3
76.500000E+0	2.000000E+0	2.856910E+0	34.033310E+0	842.974186E-3	850.663424E-3
76.600000E+0	2.000000E+0	2.834839E+0	33.629572E+0	833.533525E-3	841.267824E-3
76.700000E+0	2.000000E+0	2.782285E+0	32.785583E+0	813.457251E-3	821.012259E-3
76.800000E+0	2.000000E+0	2.741039E+0	32.098341E+0	796.991825E-3	804.567814E-3
76.900000E+0	2.000000E+0	2.699184E+0	31.438637E+0	781.227589E-3	788.690567E-3
77.000000E+0	2.000000E+0	2.659333E+0	30.773568E+0	765.260935E-3	772.620916E-3
77.100000E+0	2.000000E+0	2.615613E+0	30.090261E+0	749.053001E-3	756.293535E-3
77.200000E+0	2.000000E+0	2.573925E+0	29.407620E+0	732.505083E-3	739.669561E-3
77.300000E+0	2.000000E+0	2.532566E+0	28.730297E+0	716.171741E-3	723.257780E-3
77.400000E+0	2.000000E+0	2.487904E+0	28.049147E+0	699.680328E-3	706.668139E-3
77.500000E+0	2.000000E+0	2.446550E+0	27.363634E+0	683.271885E-3	690.001965E-3
77.600000E+0	2.000000E+0	2.402920E+0	26.682413E+0	666.707039E-3	673.341036E-3
77.700000E+0	2.000000E+0	2.358586E+0	25.993192E+0	650.218248E-3	656.614065E-3
77.800000E+0	2.000000E+0	2.313024E+0	25.312901E+0	633.621693E-3	639.978647E-3
77.900000E+0	2.000000E+0	2.272171E+0	24.627113E+0	617.019653E-3	623.358011E-3
78.000000E+0	2.000000E+0	2.225935E+0	23.940718E+0	600.459576E-3	606.560230E-3
78.100000E+0	2.000000E+0	2.183545E+0	23.260188E+0	583.858252E-3	589.792013E-3
78.200000E+0	2.000000E+0	2.137280E+0	22.577107E+0	567.244291E-3	573.112965E-3
78.300000E+0	2.000000E+0	2.094966E+0	21.894217E+0	550.535917E-3	556.380272E-3
78.400000E+0	2.000000E+0	2.048475E+0	21.201777E+0	533.602476E-3	539.263964E-3
78.500000E+0	2.000000E+0	2.004635E+0	20.520592E+0	517.180443E-3	522.666216E-3
78.600000E+0	2.000000E+0	1.961112E+0	19.842947E+0	500.637293E-3	506.057501E-3
78.700000E+0	2.000000E+0	1.916587E+0	19.159269E+0	483.989000E-3	489.403486E-3
78.800000E+0	2.000000E+0	1.872987E+0	18.477511E+0	467.363119E-3	472.738504E-3
78.900000E+0	2.000000E+0	1.828623E+0	17.802441E+0	450.806856E-3	456.077099E-3
79.000000E+0	2.000000E+0	1.784235E+0	17.119014E+0	434.209585E-3	439.432144E-3
79.100000E+0	2.000000E+0	1.740098E+0	16.444337E+0	417.570591E-3	422.972679E-3
79.200000E+0	2.000000E+0	1.693112E+0	15.762961E+0	400.892258E-3	406.316757E-3
79.300000E+0	2.000000E+0	1.649851E+0	15.079427E+0	384.269714E-3	389.609814E-3
79.400000E+0	2.000000E+0	1.602674E+0	14.402950E+0	367.590666E-3	372.885466E-3
79.500000E+0	2.000000E+0	1.559311E+0	13.712752E+0	350.896835E-3	356.103420E-3
79.600000E+0	2.000000E+0	1.515597E+0	13.032579E+0	334.376335E-3	339.382887E-3
79.700000E+0	2.000000E+0	1.468813E+0	12.349999E+0	317.701578E-3	322.525263E-3
79.800000E+0	2.000000E+0	1.424646E+0	11.670864E+0	300.944567E-3	304.636955E-3
79.900000E+0	2.000000E+0	1.379973E+0	10.989106E+0	284.246683E-3	287.523985E-3
80.000000E+0	2.000000E+0	1.334405E+0	10.305214E+0	267.648935E-3	270.810843E-3
80.100000E+0	2.000000E+0	1.288027E+0	9.630001E+0	251.005888E-3	254.560232E-3
80.200000E+0	2.000000E+0	1.245302E+0	8.948481E+0	234.223604E-3	238.368034E-3
80.300000E+0	2.000000E+0	1.200020E+0	8.267629E+0	217.730522E-3	222.285032E-3
80.400000E+0	2.000000E+0	1.155281E+0	7.592189E+0	201.004267E-3	205.608606E-3
80.500000E+0	2.000000E+0	1.108783E+0	6.909525E+0	184.313774E-3	188.865185E-3
80.600000E+0	2.000000E+0	1.064163E+0	6.223071E+0	167.611837E-3	171.852589E-3
80.700000E+0	2.000000E+0	1.015264E+0	5.536675E+0	150.755644E-3	153.936625E-3
80.800000E+0	2.000000E+0	971.359028E-3	4.856491E+0	134.123087E-3	136.554956E-3
80.900000E+0	2.000000E+0	926.327718E-3	4.180264E+0	117.652893E-3	119.501591E-3
81.000000E+0	2.000000E+0	881.350053E-3	3.503680E+0	101.056576E-3	103.059053E-3
81.100000E+0	2.000000E+0	834.959757E-3	2.827656E+0	84.419250E-3	86.717367E-3
81.200000E+0	2.000000E+0	791.054975E-3	2.136993E+0	67.632198E-3	70.811749E-3
81.300000E+0	2.000000E+0	744.676600E-3	1.452458E+0	50.711393E-3	54.419518E-3
81.400000E+0	2.000000E+0	700.604925E-3	775.003433E-3	34.228563E-3	37.723780E-3
81.500000E+0	2.000000E+0	659.698257E-3	185.537338E-3	19.434452E-3	23.130417E-3
81.600000E+0	2.000000E+0	630.134353E-3	-210.994482E-3	9.402514E-3	13.087034E-3
81.700000E+0	2.000000E+0	628.274688E-3	-214.213133E-3	8.812666E-3	12.633324E-3
81.800000E+0	2.000000E+0	630.062827E-3	-166.201591E-3	9.446144E-3	13.243198E-3
81.900000E+0	2.000000E+0	630.092630E-3	-159.132481E-3	9.362698E-3	13.144970E-3
82.000000E+0	2.000000E+0	628.298530E-3	-145.399570E-3	9.403229E-3	13.172626E-3
82.100000E+0	2.000000E+0	629.198560E-3	-127.339363E-3	9.575844E-3	13.303518E-3
82.200000E+0	2.000000E+0	627.756128E-3	-113.743544E-3	9.683371E-3	13.381720E-3
82.300000E+0	2.000000E+0	629.490623E-3	-105.619431E-3	9.716749E-3	13.615847E-3
82.400000E+0	2.000000E+0	629.925737E-3	-96.887350E-3	9.817362E-3	13.701200E-3
82.500000E+0	2.000000E+0	629.490623E-3	-87.064505E-3	9.946346E-3	13.681173E-3
82.600000E+0	2.000000E+0	629.609832E-3	-78.326464E-3	9.929180E-3	13.738632E-3
82.700000E+0	2.000000E+0	631.910571E-3	-70.828199E-3	10.174036E-3	13.921976E-3
82.800000E+0	2.000000E+0	630.414495E-3	-59.849024E-3	10.138035E-3	13.942003E-3
82.900000E+0	2.000000E+0	628.983983E-3	-54.407120E-3	10.158300E-3	14.077902E-3
83.000000E+0	2.000000E+0	627.917060E-3	-45.925379E-3	10.225058E-3	14.022589E-3
83.100000E+0	2.000000E+0	629.085311E-3	-39.887428E-3	10.271072E-3	14.172554E-3
83.200000E+0	2.000000E+0	628.334293E-3	-37.831068E-3	10.396004E-3	14.277697E-3
83.300000E+0	2.000000E+0	629.627713E-3	-29.075146E-3	10.352612E-3	14.287472E-3
83.400000E+0	2.000000E+0	628.602514E-3	-23.722649E-3	10.372639E-3	14.276505E-3
83.500000E+0	2.000000E+0	630.128392E-3	-26.625395E-3	10.465384E-3	14.405489E-3
83.600000E+0	2.000000E+0	628.209123E-3	-18.692017E-3	10.343313E-3	14.391184E-3
83.700000E+0	2.000000E+0	628.119716E-3	-18.286705E-3	10.334253E-3	14.493465E-3
83.800000E+0	2.000000E+0	629.210481E-3	-10.037422E-3	10.291338E-3	14.322281E-3
83.900000E+0	2.000000E+0	629.425058E-3	-15.777349E-3	10.315418E-3	14.409781E-3
84.000000E+0	2.000000E+0	628.328332E-3	-13.071299E-3	10.322809E-3	14.442921E-3
84.100000E+0	2.000000E+0	627.857455E-3	-8.797646E-3	10.240555E-3	14.370918E-3
84.200000E+0	2.000000E+0	628.370055E-3	-7.456541E-3	10.305882E-3	14.443398E-3
84.300000E+0	2.000000E+0	628.429660E-3	-5.650520E-3	10.352612E-3	14.505625E-3
84.400000E+0	2.000000E+0	628.840932E-3	-4.136562E-3	10.310888E-3	14.446497E-3
84.500000E+0	2.000000E+0	628.769407E-3	-810.623169E-6	10.379314E-3	14.389992E-3
84.600000E+0	2.000000E+0	626.719007E-3	2.646446E-3	10.283947E-3	14.363766E-3
84.700000E+0	2.000000E+0	629.568109E-3	2.872944E-3	10.288239E-3	14.392853E-3
84.800000E+0	2.000000E+0	627.714404E-3	6.794930E-3	10.263920E-3	14.405966E-3
84.900000E+0	2.000000E+0	628.781327E-3	9.727478E-3	10.377169E-3	14.400482E-3
85.000000E+0	2.000000E+0	627.672681E-3	10.323524E-3	10.298967E-3	14.425516E-3
85.100000E+0	2.000000E+0	627.952823E-3	10.550022E-3	10.363579E-3	14.417171E-3
85.200000E+0	2.000000E+0	628.376016E-3	7.021427E-3	10.333776E-3	14.379025E-3
85.300000E+0	2.000000E+0	627.619037E-3	15.616417E-3	10.176420E-3	14.355659E-3
85.400000E+0	2.000000E+0	627.529630E-3	7.116795E-3	10.227680E-3	14.332533E-3
85.500000E+0	2.000000E+0	626.522311E-3	18.060207E-3	10.063887E-3	14.322281E-3
85.600000E+0	2.000000E+0	628.966102E-3	12.588501E-3	10.297298E-3	14.259100E-3
85.700000E+0	2.000000E+0	626.438865E-3	8.547306E-3	10.149002E-3	14.231682E-3
85.800000E+0	2.000000E+0	627.827653E-3	16.188622E-3	10.182142E-3	14.234781E-3
85.900000E+0	2.000000E+0	628.077993E-3	12.242794E-3	10.160923E-3	14.241457E-3
86.000000E+0	2.000000E+0	628.107795E-3	12.075901E-3	10.058880E-3	14.221907E-3
86.100000E+0	2.000000E+0	626.999149E-3	14.817715E-3	10.085344E-3	14.133215E-3
86.200000E+0	3.000000E+0	626.844176E-3	13.017654E-3	9.952545E-3	14.125347E-3
86.300000E+0	3.000000E+0	625.401744E-3	14.472008E-3	10.038853E-3	13.997078E-3
86.400000E+0	3.000000E+0	625.348100E-3	16.677380E-3	9.969711E-3	14.121771E-3
86.500000E+0	3.000000E+0	626.927623E-3	17.976761E-3	10.018110E-3	14.117241E-3
86.600000E+0	3.000000E+0	626.170644E-3	20.527840E-3	10.053873E-3	14.144421E-3
86.700000E+0	3.000000E+0	625.890502E-3	24.151802E-3	10.286808E-3	14.296532E-3
86.800000E+0	3.000000E+0	627.267369E-3	39.625168E-3	10.390282E-3	14.485598E-3
86.900000E+0	3.000000E+0	627.332935E-3	58.317184E-3	10.820866E-3	14.940500E-3
87.000000E+0	3.000000E+0	630.730399E-3	96.118450E-3	11.610270E-3	15.861273E-3
87.100000E+0	3.000000E+0	632.464895E-3	157.272816E-3	13.122559E-3	17.165422E-3
87.200000E+0	3.000000E+0	637.966403E-3	220.286846E-3	14.508963E-3	18.723011E-3
87.300000E+0	3.000000E+0	641.602287E-3	285.959244E-3	16.145706E-3	20.225286E-3
87.400000E+0	3.000000E+0	646.394500E-3	352.966785E-3	17.685652E-3	21.733761E-3
87.500000E+0	3.000000E+0	650.209198E-3	417.983532E-3	19.155741E-3	23.120165E-3
87.600000E+0	3.000000E+0	653.481493E-3	477.731228E-3	20.453691E-3	24.484158E-3
87.700000E+0	3.000000E+0	655.800113E-3	546.836853E-3	22.103310E-3	26.125669E-3
87.800000E+0	3.000000E+0	660.079727E-3	604.081154E-3	23.554802E-3	27.696609E-3
87.900000E+0	3.000000E+0	665.730247E-3	672.948360E-3	25.150537E-3	29.143095E-3
88.000000E+0	3.000000E+0	668.615112E-3	730.490685E-3	26.644230E-3	30.602694E-3
88.100000E+0	3.000000E+0	671.368847E-3	800.514221E-3	28.053761E-3	32.085419E-3
88.200000E+0	3.000000E+0	675.421963E-3	866.663456E-3	29.698610E-3	33.603907E-3
88.300000E+0	3.000000E+0	679.326067E-3	930.488110E-3	31.132460E-3	35.209656E-3
88.400000E+0	3.000000E+0	684.642801E-3	996.232033E-3	32.698870E-3	36.703587E-3
88.500000E+0	3.000000E+0	688.707838E-3	1.091218E+0	34.752607E-3	38.768530E-3
88.600000E+0	3.000000E+0	693.410645E-3	1.160753E+0	36.407948E-3	40.453672E-3
88.700000E+0	3.000000E+0	696.289549E-3	1.206517E+0	37.619591E-3	41.522980E-3
88.800000E+0	3.000000E+0	697.618733E-3	1.263714E+0	38.817644E-3	42.815924E-3
88.900000E+0	3.000000E+0	701.385746E-3	1.303065E+0	39.831877E-3	43.803453E-3
89.000000E+0	3.000000E+0	702.846060E-3	1.343560E+0	40.797472E-3	44.699907E-3
89.100000E+0	3.000000E+0	707.983981E-3	1.380801E+0	41.759968E-3	45.592070E-3
89.200000E+0	3.000000E+0	708.264122E-3	1.420152E+0	42.666912E-3	46.584368E-3
89.300000E+0	3.000000E+0	710.880766E-3	1.467431E+0	43.575048E-3	47.562361E-3
89.400000E+0	3.000000E+0	711.977492E-3	1.514256E+0	44.747829E-3	48.650026E-3
89.500000E+0	3.000000E+0	716.263066E-3	1.559770E+0	45.752764E-3	49.750805E-3
89.600000E+0	3.000000E+0	718.528042E-3	1.607597E+0	46.806574E-3	50.733566E-3
89.700000E+0	3.000000E+0	722.992430E-3	1.644146E+0	47.883749E-3	51.850796E-3
89.800000E+0	3.000000E+0	723.910342E-3	1.691794E+0	48.860788E-3	52.882910E-3
89.900000E+0	3.000000E+0	726.228963E-3	1.738775E+0	49.883366E-3	53.910971E-3
90.000000E+0	3.000000E+0	729.364167E-3	1.784313E+0	51.073074E-3	55.025339E-3
90.100000E+0	3.000000E+0	732.600699E-3	1.836908E+0	52.241325E-3	56.206703E-3
90.200000E+0	3.000000E+0	736.415397E-3	1.880801E+0	53.267956E-3	57.316065E-3
90.300000E+0	3.000000E+0	738.751899E-3	1.930833E+0	54.382086E-3	58.358192E-3
90.400000E+0	3.000000E+0	741.213570E-3	1.976705E+0	55.639267E-3	59.597492E-3
90.500000E+0	3.000000E+0	743.925582E-3	2.020204E+0	56.650639E-3	60.727119E-3
90.600000E+0	3.000000E+0	747.126351E-3	2.074194E+0	57.784081E-3	61.755180E-3
90.700000E+0	3.000000E+0	749.790679E-3	2.122641E+0	58.920860E-3	63.011646E-3
90.800000E+0	3.000000E+0	752.788793E-3	2.168727E+0	60.097933E-3	64.020872E-3
90.900000E+0	3.000000E+0	754.284869E-3	2.221620E+0	61.191082E-3	65.222025E-3
91.000000E+0	3.000000E+0	757.336627E-3	2.273858E+0	62.555552E-3	66.673040E-3
91.100000E+0	3.000000E+0	763.100396E-3	2.344525E+0	64.156532E-3	68.293810E-3
91.200000E+0	3.000000E+0	766.927015E-3	2.392900E+0	65.465450E-3	69.582701E-3
91.300000E+0	3.000000E+0	768.566142E-3	2.452481E+0	66.613913E-3	70.751429E-3
91.400000E+0	3.000000E+0	772.154342E-3	2.507555E+0	67.865372E-3	72.035789E-3
91.500000E+0	3.000000E+0	776.267063E-3	2.558422E+0	69.096327E-3	73.368311E-3
91.600000E+0	3.000000E+0	777.035962E-3	2.610540E+0	70.321560E-3	74.568272E-3
91.700000E+0	3.000000E+0	782.191764E-3	2.660108E+0	71.472406E-3	75.719833E-3
91.800000E+0	3.000000E+0	784.581911E-3	2.714515E+0	72.833776E-3	77.044249E-3
91.900000E+0	3.000000E+0	787.144910E-3	2.766597E+0	73.993444E-3	78.096390E-3
92.000000E+0	3.000000E+0	791.317236E-3	2.807724E+0	75.052023E-3	79.381704E-3
92.100000E+0	3.000000E+0	792.562973E-3	2.849185E+0	76.007366E-3	80.255985E-3
92.200000E+0	3.000000E+0	795.501482E-3	2.889347E+0	76.896429E-3	81.197023E-3
92.300000E+0	3.000000E+0	797.140609E-3	2.940810E+0	78.177214E-3	82.356930E-3
92.400000E+0	3.000000E+0	801.175844E-3	2.992404E+0	79.181194E-3	83.513737E-3
92.500000E+0	3.000000E+0	804.227602E-3	3.047121E+0	80.669403E-3	84.901094E-3
92.600000E+0	3.000000E+0	806.218397E-3	3.112507E+0	82.025051E-3	86.365461E-3
92.700000E+0	3.000000E+0	810.140383E-3	3.163707E+0	83.323479E-3	87.609529E-3
92.800000E+0	3.000000E+0	813.734543E-3	3.223598E+0	84.661722E-3	88.961840E-3
92.900000E+0	3.000000E+0	821.042072E-3	3.346932E+0	87.608814E-3	92.006207E-3
93.000000E+0	3.000000E+0	830.566895E-3	3.505361E+0	91.558218E-3	95.799923E-3
93.100000E+0	3.000000E+0	831.896078E-3	3.522313E+0	91.697454E-3	95.942497E-3
93.200000E+0	3.000000E+0	834.733259E-3	3.577292E+0	93.220711E-3	97.388506E-3
93.300000E+0	3.000000E+0	838.261854E-3	3.644621E+0	94.747782E-3	98.960400E-3
93.400000E+0	3.000000E+0	839.626801E-3	3.660607E+0	95.179081E-3	99.350452E-3
93.500000E+0	3.000000E+0	840.598357E-3	3.683984E+0	95.721245E-3	99.895000E-3
93.600000E+0	3.000000E+0	843.751442E-3	3.719056E+0	96.653700E-3	100.754499E-3
93.700000E+0	3.000000E+0	847.107184E-3	3.758991E+0	97.629070E-3	101.856232E-3
93.800000E+0	3.000000E+0	849.187386E-3	3.797853E+0	98.555088E-3	102.810860E-3
93.900000E+0	3.000000E+0	850.451004E-3	3.844464E+0	99.561930E-3	103.873491E-3
94.000000E+0	3.000000E+0	853.323948E-3	3.896904E+0	100.662947E-3	104.961157E-3
94.100000E+0	3.000000E+0	856.184971E-3	3.933001E+0	101.738453E-3	105.823994E-3
94.200000E+0	3.000000E+0	857.716811E-3	3.977609E+0	102.672338E-3	106.928825E-3
94.300000E+0	3.000000E+0	861.072552E-3	4.029727E+0	103.764296E-3	108.095407E-3
94.400000E+0	3.000000E+0	864.094508E-3	4.069662E+0	104.914188E-3	109.116316E-3
94.500000E+0	3.000000E+0	867.384684E-3	4.116356E+0	105.859280E-3	110.137463E-3
94.600000E+0	3.000000E+0	870.877517E-3	4.150140E+0	106.818199E-3	111.089230E-3
94.700000E+0	3.000000E+0	871.342433E-3	4.188085E+0	107.837915E-3	112.093687E-3
94.800000E+0	3.000000E+0	875.335944E-3	4.234993E+0	108.792782E-3	113.134623E-3
94.900000E+0	3.000000E+0	877.457869E-3	4.285204E+0	110.036135E-3	114.265680E-3
95.000000E+0	3.000000E+0	880.682481E-3	4.330885E+0	111.093044E-3	115.422726E-3
95.100000E+0	3.000000E+0	883.102429E-3	4.388320E+0	112.322092E-3	116.617918E-3
95.200000E+0	3.000000E+0	886.273397E-3	4.432201E+0	113.528252E-3	117.783308E-3
95.300000E+0	3.000000E+0	889.456285E-3	4.480886E+0	114.669085E-3	119.040966E-3
95.400000E+0	3.000000E+0	892.728580E-3	4.532397E+0	115.868092E-3	120.194197E-3
95.500000E+0	3.000000E+0	894.957793E-3	4.579926E+0	117.052317E-3	121.306896E-3
95.600000E+0	3.000000E+0	898.414863E-3	4.619336E+0	117.942810E-3	122.314930E-3
95.700000E+0	3.000000E+0	900.661958E-3	4.674435E+0	119.024277E-3	123.431206E-3
95.800000E+0	3.000000E+0	903.874648E-3	4.721904E+0	120.360851E-3	124.777794E-3
95.900000E+0	3.000000E+0	909.078134E-3	4.775023E+0	121.713638E-3	126.089573E-3
96.000000E+0	3.000000E+0	911.229862E-3	4.825711E+0	122.732878E-3	127.084255E-3
96.100000E+0	3.000000E+0	913.131250E-3	4.865038E+0	123.921156E-3	128.267288E-3
96.200000E+0	3.000000E+0	915.408147E-3	4.923141E+0	125.040770E-3	129.394054E-3
96.300000E+0	3.000000E+0	919.562591E-3	4.966331E+0	126.150846E-3	130.645752E-3
96.400000E+0	3.000000E+0	921.767963E-3	5.019748E+0	127.368927E-3	131.869555E-3
96.500000E+0	3.000000E+0	924.450172E-3	5.064225E+0	128.453970E-3	133.013725E-3
96.600000E+0	3.000000E+0	928.342355E-3	5.109584E+0	129.592657E-3	134.019852E-3
96.700000E+0	3.000000E+0	931.406034E-3	5.166268E+0	130.768061E-3	135.263443E-3
96.800000E+0	3.000000E+0	932.991518E-3	5.201769E+0	131.828308E-3	136.396646E-3
96.900000E+0	3.000000E+0	937.366499E-3	5.265296E+0	133.198261E-3	137.626171E-3
97.000000E+0	3.000000E+0	938.659920E-3	5.308628E+0	134.302616E-3	138.820648E-3
97.100000E+0	3.000000E+0	942.385210E-3	5.357933E+0	135.455608E-3	139.981747E-3
97.200000E+0	3.000000E+0	945.216431E-3	5.411792E+0	136.636019E-3	141.103983E-3
97.300000E+0	3.000000E+0	949.716581E-3	5.459595E+0	137.927532E-3	142.410994E-3
97.400000E+0	3.000000E+0	951.224579E-3	5.512154E+0	139.005661E-3	143.556595E-3
97.500000E+0	3.000000E+0	955.313458E-3	5.559230E+0	140.139818E-3	144.663811E-3
97.600000E+0	3.000000E+0	957.846655E-3	5.603468E+0	141.265869E-3	145.754099E-3
97.700000E+0	3.000000E+0	959.807648E-3	5.649900E+0	142.414331E-3	146.986246E-3
97.800000E+0	3.000000E+0	963.681950E-3	5.700922E+0	143.632412E-3	148.210526E-3
97.900000E+0	3.000000E+0	965.273394E-3	5.757689E+0	144.858122E-3	149.609566E-3
98.000000E+0	3.000000E+0	971.210016E-3	5.809176E+0	146.162033E-3	150.777817E-3
98.100000E+0	3.000000E+0	974.136605E-3	5.857289E+0	147.504568E-3	152.027130E-3
98.200000E+0	3.000000E+0	976.330056E-3	5.913877E+0	148.606777E-3	153.137445E-3
98.300000E+0	3.000000E+0	979.268565E-3	5.953848E+0	149.646997E-3	154.400826E-3
98.400000E+0	3.000000E+0	983.703150E-3	5.999506E+0	150.660038E-3	155.344725E-3
98.500000E+0	3.000000E+0	983.506455E-3	6.039703E+0	151.724100E-3	156.362772E-3
98.600000E+0	3.000000E+0	988.501324E-3	6.085491E+0	152.863026E-3	157.502890E-3
98.700000E+0	3.000000E+0	990.337147E-3	6.143475E+0	154.102802E-3	158.818483E-3
98.800000E+0	3.000000E+0	995.934023E-3	6.185150E+0	155.250788E-3	159.892559E-3
98.900000E+0	3.000000E+0	997.364535E-3	6.232762E+0	156.408310E-3	161.042929E-3
99.000000E+0	3.000000E+0	999.891772E-3	6.278777E+0	157.363176E-3	162.059069E-3
99.100000E+0	3.000000E+0	1.003420E+0	6.324828E+0	158.725500E-3	163.388014E-3
99.200000E+0	3.000000E+0	1.004958E+0	6.383526E+0	159.956455E-3	164.662361E-3
99.300000E+0	3.000000E+0	1.009113E+0	6.438875E+0	161.065102E-3	165.840864E-3
99.400000E+0	3.000000E+0	1.012158E+0	6.475985E+0	162.203074E-3	166.900635E-3
99.500000E+0	3.000000E+0	1.013452E+0	6.522465E+0	163.351774E-3	168.024540E-3
99.600000E+0	3.000000E+0	1.018810E+0	6.571376E+0	164.527893E-3	169.211388E-3
99.700000E+0	3.000000E+0	1.022047E+0	6.627190E+0	165.872097E-3	170.504808E-3
99.800000E+0	3.000000E+0	1.025814E+0	6.676745E+0	166.860580E-3	171.674252E-3
99.900000E+0	3.000000E+0	1.026630E+0	6.724906E+0	168.059587E-3	172.836781E-3
100.000000E+0	3.000000E+0	1.030165E+0	6.779504E+0	169.403315E-3	174.077511E-3
100.100000E+0	3.000000E+0	1.032370E+0	6.818998E+0	170.348644E-3	175.167561E-3
100.200000E+0	3.000000E+0	1.037598E+0	6.865525E+0	171.554804E-3	176.265717E-3
100.300000E+0	3.000000E+0	1.038355E+0	6.906974E+0	172.405005E-3	177.254438E-3
100.400000E+0	3.000000E+0	1.042491E+0	6.949365E+0	173.610210E-3	178.400040E-3
100.500000E+0	3.000000E+0	1.042736E+0	6.996393E+0	174.605131E-3	179.302692E-3
100.600000E+0	3.000000E+0	1.047933E+0	7.049286E+0	175.973415E-3	180.661917E-3
100.700000E+0	3.000000E+0	1.049566E+0	7.101560E+0	177.081585E-3	181.769848E-3
100.800000E+0	3.000000E+0	1.053977E+0	7.152450E+0	178.190708E-3	182.751894E-3
100.900000E+0	3.000000E+0	1.057220E+0	7.196927E+0	179.451704E-3	183.797121E-3
101.000000E+0	3.000000E+0	1.059967E+0	7.243907E+0	180.441856E-3	184.835672E-3
101.100000E+0	3.000000E+0	1.064521E+0	7.291532E+0	181.731939E-3	185.930729E-3
101.200000E+0	3.000000E+0	1.064008E+0	7.343972E+0	182.961702E-3	187.132835E-3
101.300000E+0	3.000000E+0	1.067901E+0	7.390976E+0	184.015036E-3	188.149214E-3
101.400000E+0	3.000000E+0	1.072228E+0	7.436919E+0	185.209036E-3	189.311266E-3
101.500000E+0	3.000000E+0	1.074743E+0	7.486272E+0	186.363935E-3	190.246582E-3
101.600000E+0	3.000000E+0	1.077884E+0	7.533550E+0	187.599659E-3	191.333532E-3
101.700000E+0	3.000000E+0	1.079094E+0	7.586038E+0	188.776016E-3	192.442179E-3
101.800000E+0	3.000000E+0	1.084572E+0	7.637107E+0	189.856291E-3	193.554640E-3
101.900000E+0	3.000000E+0	1.086414E+0	7.668650E+0	190.914392E-3	194.452047E-3
102.000000E+0	3.000000E+0	1.091337E+0	7.725298E+0	191.991091E-3	195.579529E-3
102.100000E+0	3.000000E+0	1.093465E+0	7.769322E+0	193.128824E-3	196.665049E-3
102.200000E+0	3.000000E+0	1.096386E+0	7.817698E+0	194.360018E-3	197.834015E-3
102.300000E+0	3.000000E+0	1.098710E+0	7.869184E+0	195.688963E-3	199.096441E-3
102.400000E+0	3.000000E+0	1.101208E+0	7.918465E+0	196.812868E-3	200.200558E-3
102.500000E+0	3.000000E+0	1.105249E+0	7.963884E+0	197.843313E-3	201.238632E-3
102.600000E+0	3.000000E+0	1.107687E+0	8.011472E+0	198.985577E-3	202.360630E-3
102.700000E+0	3.000000E+0	1.110625E+0	8.056104E+0	200.177670E-3	203.536749E-3
102.800000E+0	3.000000E+0	1.112378E+0	8.109176E+0	201.283932E-3	204.615116E-3
102.900000E+0	3.000000E+0	1.116979E+0	8.150053E+0	202.425241E-3	205.736399E-3
103.000000E+0	3.000000E+0	1.121241E+0	8.211160E+0	203.666210E-3	206.786156E-3
103.100000E+0	3.000000E+0	1.122302E+0	8.256161E+0	204.823732E-3	208.107710E-3
103.200000E+0	3.000000E+0	1.124543E+0	8.300722E+0	205.992222E-3	209.134817E-3
103.300000E+0	3.000000E+0	1.128370E+0	8.351564E+0	207.116604E-3	210.319519E-3
103.400000E+0	3.000000E+0	1.131284E+0	8.398628E+0	208.228350E-3	211.462498E-3
103.500000E+0	3.000000E+0	1.134235E+0	8.451724E+0	209.534645E-3	212.637186E-3
103.600000E+0	3.000000E+0	1.136744E+0	8.496130E+0	210.691214E-3	213.785410E-3
103.700000E+0	3.000000E+0	1.141703E+0	8.538461E+0	211.807251E-3	215.014458E-3
103.800000E+0	3.000000E+0	1.145059E+0	8.588481E+0	212.813139E-3	215.985775E-3
103.900000E+0	3.000000E+0	1.147378E+0	8.635426E+0	214.042664E-3	217.075348E-3
104.000000E+0	3.000000E+0	1.148754E+0	8.685005E+0	215.219021E-3	218.325853E-3
104.100000E+0	3.000000E+0	1.152480E+0	8.726633E+0	216.307640E-3	219.290733E-3
104.200000E+0	3.000000E+0	1.156366E+0	8.769417E+0	217.510223E-3	220.396757E-3
104.300000E+0	3.000000E+0	1.157582E+0	8.817959E+0	218.396425E-3	221.456766E-3
104.400000E+0	3.000000E+0	1.158828E+0	8.873796E+0	219.534159E-3	222.594261E-3
104.500000E+0	3.000000E+0	1.163632E+0	8.917236E+0	220.794439E-3	223.994255E-3
104.600000E+0	3.000000E+0	1.167339E+0	8.971643E+0	222.067595E-3	225.114107E-3
104.700000E+0	3.000000E+0	1.171815E+0	9.012139E+0	223.227739E-3	226.156235E-3
104.800000E+0	3.000000E+0	1.172882E+0	9.063625E+0	224.223137E-3	227.243662E-3
104.900000E+0	3.000000E+0	1.176173E+0	9.113348E+0	225.531578E-3	228.470087E-3
105.000000E+0	3.000000E+0	1.180899E+0	9.166956E+0	226.792097E-3	229.632854E-3
105.100000E+0	3.000000E+0	1.184136E+0	9.213245E+0	227.904558E-3	230.787754E-3
105.200000E+0	3.000000E+0	1.186174E+0	9.256792E+0	228.984594E-3	231.866598E-3
105.300000E+0	3.000000E+0	1.188135E+0	9.298539E+0	230.007410E-3	232.956648E-3
105.400000E+0	3.000000E+0	1.191598E+0	9.347153E+0	231.255531E-3	234.166622E-3
105.500000E+0	3.000000E+0	1.193935E+0	9.394872E+0	232.422352E-3	235.306740E-3
105.600000E+0	3.000000E+0	1.198488E+0	9.444439E+0	233.433962E-3	236.370564E-3
105.700000E+0	3.000000E+0	1.201773E+0	9.481597E+0	234.556437E-3	237.489462E-3
105.800000E+0	3.000000E+0	1.203704E+0	9.534562E+0	235.697031E-3	238.666534E-3
105.900000E+0	3.000000E+0	1.204920E+0	9.585381E+0	237.011433E-3	239.989281E-3
106.000000E+0	3.000000E+0	1.210928E+0	9.634423E+0	238.136530E-3	241.125822E-3
106.100000E+0	3.000000E+0	1.213229E+0	9.686542E+0	239.412785E-3	242.416143E-3
106.200000E+0	3.000000E+0	1.217198E+0	9.726906E+0	240.358114E-3	243.361473E-3
106.300000E+0	3.000000E+0	1.217240E+0	9.777212E+0	241.567373E-3	244.569778E-3
106.400000E+0	3.000000E+0	1.222318E+0	9.827149E+0	242.811441E-3	245.853662E-3
106.500000E+0	3.000000E+0	1.224548E+0	9.883523E+0	244.192839E-3	247.173548E-3
106.600000E+0	3.000000E+0	1.228279E+0	9.924984E+0	245.165110E-3	248.206377E-3
106.700000E+0	3.000000E+0	1.231092E+0	9.968722E+0	246.309280E-3	249.277830E-3
106.800000E+0	3.000000E+0	1.232570E+0	10.017836E+0	247.419834E-3	250.514746E-3
106.900000E+0	3.000000E+0	1.236773E+0	10.066450E+0	248.603582E-3	251.760721E-3
107.000000E+0	3.000000E+0	1.241106E+0	10.118198E+0	249.868631E-3	252.935410E-3
107.100000E+0	3.000000E+0	1.243335E+0	10.160005E+0	250.930786E-3	254.095078E-3
107.200000E+0	3.000000E+0	1.246578E+0	10.204983E+0	252.004385E-3	255.037546E-3
107.300000E+0	3.000000E+0	1.249391E+0	10.256565E+0	253.050566E-3	256.147861E-3
107.400000E+0	3.000000E+0	1.250488E+0	10.290241E+0	254.157305E-3	257.324457E-3
107.500000E+0	3.000000E+0	1.254290E+0	10.339808E+0	255.277157E-3	258.527279E-3
107.600000E+0	3.000000E+0	1.257926E+0	10.390377E+0	256.457090E-3	259.706497E-3
107.700000E+0	3.000000E+0	1.261193E+0	10.436261E+0	257.606983E-3	260.910749E-3
107.800000E+0	3.000000E+0	1.262224E+0	10.486281E+0	258.651733E-3	262.139797E-3
107.900000E+0	3.000000E+0	1.267910E+0	10.527849E+0	259.804010E-3	263.152838E-3
108.000000E+0	3.000000E+0	1.269752E+0	10.577178E+0	261.026621E-3	264.377594E-3
108.100000E+0	3.000000E+0	1.273149E+0	10.620070E+0	261.951208E-3	265.367508E-3
108.200000E+0	3.000000E+0	1.274544E+0	10.663640E+0	263.048887E-3	266.489029E-3
108.300000E+0	3.000000E+0	1.277530E+0	10.711050E+0	264.256477E-3	267.696619E-3
108.400000E+0	3.000000E+0	1.280653E+0	10.766518E+0	265.461683E-3	269.069433E-3
108.500000E+0	3.000000E+0	1.285315E+0	10.810661E+0	266.673565E-3	270.319939E-3
108.600000E+0	3.000000E+0	1.288968E+0	10.859656E+0	267.705917E-3	271.543503E-3
108.700000E+0	3.000000E+0	1.290721E+0	10.906255E+0	268.893003E-3	272.750139E-3
108.800000E+0	3.000000E+0	1.294267E+0	10.949838E+0	270.052910E-3	273.874044E-3
108.900000E+0	3.000000E+0	1.296407E+0	10.993278E+0	271.115541E-3	275.077820E-3
109.000000E+0	3.000000E+0	1.299810E+0	11.038733E+0	272.193909E-3	276.158094E-3
109.100000E+0	3.000000E+0	1.304591E+0	11.080456E+0	273.219585E-3	277.285099E-3
109.200000E+0	3.000000E+0	1.305479E+0	11.126137E+0	274.333954E-3	278.607368E-3
109.300000E+0	3.000000E+0	1.308644E+0	11.177611E+0	275.565624E-3	279.900074E-3
109.400000E+0	3.000000E+0	1.311374E+0	11.224055E+0	276.818514E-3	281.228304E-3
109.500000E+0	3.000000E+0	1.315081E+0	11.273766E+0	277.893782E-3	282.471180E-3
109.600000E+0	3.000000E+0	1.317579E+0	11.321723E+0	279.098272E-3	283.855677E-3
109.700000E+0	3.000000E+0	1.322430E+0	11.368263E+0	280.299902E-3	285.055637E-3
109.800000E+0	3.000000E+0	1.324117E+0	11.423457E+0	281.414747E-3	286.310434E-3
109.900000E+0	3.000000E+0	1.327175E+0	11.462498E+0	282.662392E-3	287.581682E-3
110.000000E+0	3.000000E+0	1.330096E+0	11.509192E+0	283.601999E-3	288.872957E-3
110.100000E+0	3.000000E+0	1.332605E+0	11.552668E+0	284.708738E-3	290.199995E-3
110.200000E+0	4.000000E+0	1.335937E+0	11.593556E+0	285.715103E-3	291.205168E-3
110.300000E+0	4.000000E+0	1.336473E+0	11.625171E+0	286.412954E-3	292.020321E-3
110.400000E+0	4.000000E+0	1.338559E+0	11.617839E+0	286.584139E-3	291.952610E-3
110.500000E+0	4.000000E+0	1.324230E+0	11.385107E+0	281.060219E-3	286.483049E-3
110.600000E+0	4.000000E+0	1.309127E+0	11.129022E+0	275.021791E-3	280.303717E-3
110.700000E+0	4.000000E+0	1.296634E+0	10.901916E+0	269.748688E-3	275.069952E-3
110.800000E+0	4.000000E+0	1.281750E+0	10.674572E+0	264.309883E-3	269.584656E-3
110.900000E+0	4.000000E+0	1.267272E+0	10.437608E+0	258.984566E-3	264.036179E-3
111.000000E+0	4.000000E+0	1.254517E+0	10.203648E+0	253.466606E-3	258.506298E-3
111.100000E+0	4.000000E+0	1.238799E+0	9.973443E+0	247.978687E-3	252.995729E-3
111.200000E+0	4.000000E+0	1.225197E+0	9.736741E+0	242.508888E-3	247.239113E-3
111.300000E+0	4.000000E+0	1.211721E+0	9.507179E+0	237.125874E-3	241.640806E-3
111.400000E+0	4.000000E+0	1.199871E+0	9.270811E+0	231.610537E-3	235.794306E-3
111.500000E+0	4.000000E+0	1.184577E+0	9.037495E+0	225.951910E-3	229.957104E-3
111.600000E+0	4.000000E+0	1.171613E+0	8.802044E+0	220.414877E-3	224.226236E-3
111.700000E+0	4.000000E+0	1.158339E+0	8.571339E+0	215.003252E-3	218.580961E-3
111.800000E+0	4.000000E+0	1.143575E+0	8.338964E+0	209.519625E-3	212.754250E-3
111.900000E+0	4.000000E+0	1.128811E+0	8.100295E+0	203.979015E-3	207.139015E-3
112.000000E+0	4.000000E+0	1.116860E+0	7.871199E+0	198.464870E-3	201.425314E-3
112.100000E+0	4.000000E+0	1.102436E+0	7.631242E+0	193.028927E-3	195.837498E-3
112.200000E+0	4.000000E+0	1.087648E+0	7.404363E+0	187.625885E-3	190.219879E-3
112.300000E+0	4.000000E+0	1.073831E+0	7.169294E+0	182.073832E-3	184.519291E-3
112.400000E+0	4.000000E+0	1.058424E+0	6.937385E+0	176.604271E-3	178.846121E-3
112.500000E+0	4.000000E+0	1.044053E+0	6.700492E+0	170.931578E-3	173.299074E-3
112.600000E+0	4.000000E+0	1.030248E+0	6.467628E+0	165.512085E-3	167.712212E-3
112.700000E+0	4.000000E+0	1.016790E+0	6.238770E+0	159.915924E-3	162.212133E-3
112.800000E+0	4.000000E+0	1.003444E+0	6.004465E+0	154.547930E-3	156.609058E-3
112.900000E+0	4.000000E+0	989.431157E-3	5.770159E+0	149.121523E-3	151.120901E-3
113.000000E+0	4.000000E+0	973.832621E-3	5.544102E+0	143.597603E-3	145.573854E-3
113.100000E+0	4.000000E+0	960.594429E-3	5.308986E+0	138.066053E-3	140.025854E-3
113.200000E+0	4.000000E+0	945.657505E-3	5.071378E+0	132.462740E-3	134.579420E-3
113.300000E+0	4.000000E+0	930.601371E-3	4.844272E+0	127.000332E-3	129.056215E-3
113.400000E+0	4.000000E+0	917.875780E-3	4.610360E+0	121.506691E-3	123.675108E-3
113.500000E+0	4.000000E+0	901.436818E-3	4.375803E+0	115.880251E-3	118.102312E-3
113.600000E+0	4.000000E+0	889.039052E-3	4.146600E+0	110.369205E-3	112.938643E-3
113.700000E+0	4.000000E+0	872.832549E-3	3.912556E+0	104.901314E-3	107.724667E-3
113.800000E+0	4.000000E+0	859.576476E-3	3.679323E+0	99.400043E-3	102.415800E-3
113.900000E+0	4.000000E+0	845.187914E-3	3.446627E+0	93.796492E-3	97.185612E-3
114.000000E+0	4.000000E+0	830.298674E-3	3.214967E+0	88.178158E-3	91.769218E-3
114.100000E+0	4.000000E+0	815.802824E-3	2.985394E+0	82.790613E-3	86.345196E-3
114.200000E+0	4.000000E+0	800.907623E-3	2.753389E+0	77.174187E-3	80.770969E-3
114.300000E+0	4.000000E+0	786.501180E-3	2.524841E+0	71.648598E-3	75.313091E-3
114.400000E+0	4.000000E+0	772.017251E-3	2.284908E+0	65.902948E-3	69.476604E-3
114.500000E+0	4.000000E+0	757.360469E-3	2.051294E+0	60.432911E-3	63.894033E-3
114.600000E+0	4.000000E+0	742.280494E-3	1.817822E+0	54.881573E-3	58.367968E-3
114.700000E+0	4.000000E+0	727.272044E-3	1.588702E+0	49.285650E-3	52.734852E-3
114.800000E+0	4.000000E+0	713.163624E-3	1.357245E+0	43.702364E-3	47.101974E-3
114.900000E+0	4.000000E+0	698.858509E-3	1.120317E+0	38.171053E-3	41.541338E-3
115.000000E+0	4.000000E+0	687.438259E-3	907.731056E-3	33.073187E-3	36.522388E-3
115.100000E+0	4.000000E+0	672.835121E-3	710.630417E-3	28.285742E-3	31.642675E-3
115.200000E+0	4.000000E+0	660.109529E-3	506.269932E-3	23.107052E-3	26.571989E-3
115.300000E+0	4.000000E+0	644.826898E-3	284.528732E-3	17.953396E-3	21.466017E-3
115.400000E+0	4.000000E+0	630.581388E-3	61.988831E-3	12.584686E-3	16.037226E-3
115.500000E+0	4.000000E+0	626.701125E-3	-8.904934E-3	10.656595E-3	14.308453E-3
115.600000E+0	4.000000E+0	624.883184E-3	-12.332201E-3	10.662079E-3	14.178991E-3
115.700000E+0	4.000000E+0	625.199088E-3	-7.873774E-3	10.447502E-3	14.128923E-3
115.800000E+0	4.000000E+0	626.277932E-3	-10.037422E-3	10.433674E-3	13.806581E-3
115.900000E+0	4.000000E+0	624.549398E-3	-8.976460E-3	10.344028E-3	13.822556E-3
116.000000E+0	4.000000E+0	624.901065E-3	-8.404255E-3	10.348320E-3	13.879538E-3
116.100000E+0	4.000000E+0	623.893747E-3	-8.898973E-3	10.171175E-3	13.743401E-3
116.200000E+0	4.000000E+0	623.571881E-3	-9.715557E-3	10.214329E-3	13.616562E-3
116.300000E+0	4.000000E+0	623.065242E-3	-15.646219E-3	9.896278E-3	13.471603E-3
116.400000E+0	4.000000E+0	621.616849E-3	-39.005280E-3	9.474039E-3	13.037443E-3
116.500000E+0	4.000000E+0	621.074447E-3	-26.738644E-3	9.468317E-3	13.056517E-3
116.600000E+0	4.000000E+0	623.124847E-3	-27.209520E-3	9.502649E-3	13.129234E-3
116.700000E+0	4.000000E+0	623.148688E-3	-18.221140E-3	9.523869E-3	13.179302E-3
116.800000E+0	4.000000E+0	621.438035E-3	-15.193224E-3	9.637594E-3	13.253450E-3
116.900000E+0	4.000000E+0	621.634730E-3	-13.971329E-3	9.602547E-3	13.293743E-3
117.000000E+0	4.000000E+0	623.267898E-3	-6.389618E-3	9.647131E-3	13.287067E-3
117.100000E+0	4.000000E+0	622.344026E-3	-6.538630E-3	9.670973E-3	13.400316E-3
117.200000E+0	4.000000E+0	621.902951E-3	-9.661913E-3	9.669065E-3	13.337374E-3
117.300000E+0	4.000000E+0	623.053321E-3	-4.392862E-3	9.710789E-3	13.404131E-3
117.400000E+0	4.000000E+0	622.057923E-3	-7.820129E-3	9.718418E-3	13.441086E-3
117.500000E+0	4.000000E+0	623.035440E-3	-4.118681E-3	9.728670E-3	13.460636E-3
117.600000E+0	4.000000E+0	622.415551E-3	-2.455711E-3	9.814978E-3	13.526678E-3
117.700000E+0	4.000000E+0	621.825465E-3	4.148483E-3	9.662151E-3	13.480663E-3
117.800000E+0	4.000000E+0	622.135409E-3	1.192093E-3	9.767771E-3	13.508320E-3
117.900000E+0	4.000000E+0	623.095044E-3	-1.239777E-3	9.752274E-3	13.429165E-3
118.000000E+0	4.000000E+0	622.886428E-3	6.866455E-3	9.808064E-3	13.399124E-3
118.100000E+0	4.000000E+0	621.819505E-3	2.551079E-3	9.760380E-3	13.401270E-3
118.200000E+0	4.000000E+0	622.755298E-3	4.529953E-3	9.732962E-3	13.460636E-3
118.300000E+0	4.000000E+0	622.099647E-3	4.291534E-3	9.649515E-3	13.438463E-3
118.400000E+0	4.000000E+0	621.461877E-3	4.541874E-3	9.535074E-3	13.329029E-3
118.500000E+0	4.000000E+0	621.509561E-3	10.907650E-3	9.680986E-3	13.351202E-3
118.600000E+0	4.000000E+0	622.260579E-3	7.152557E-3	9.752750E-3	13.388157E-3
118.700000E+0	4.000000E+0	621.974477E-3	11.491776E-3	9.763956E-3	13.396502E-3
118.800000E+0	4.000000E+0	621.247300E-3	11.348724E-3	9.712458E-3	13.364553E-3
118.900000E+0	4.000000E+0	622.934112E-3	8.881092E-3	9.692669E-3	13.397694E-3
119.000000E+0	4.000000E+0	621.992358E-3	14.400482E-3	9.618998E-3	13.388157E-3
119.100000E+0	4.000000E+0	622.636089E-3	8.547306E-3	9.639263E-3	13.332129E-3
119.200000E+0	4.000000E+0	621.110210E-3	9.107590E-3	9.606123E-3	13.278008E-3
119.300000E+0	4.000000E+0	620.347270E-3	13.732910E-3	9.531021E-3	13.218880E-3
119.400000E+0	4.000000E+0	620.931396E-3	11.765957E-3	9.519100E-3	13.343573E-3
119.500000E+0	4.000000E+0	622.171172E-3	13.601780E-3	9.560108E-3	13.247728E-3
119.600000E+0	4.000000E+0	622.576484E-3	13.911724E-3	9.612322E-3	13.254166E-3
119.700000E+0	4.000000E+0	620.925435E-3	12.278557E-3	9.531260E-3	13.196707E-3
119.800000E+0	4.000000E+0	620.943317E-3	13.136864E-3	9.452105E-3	13.168097E-3
119.900000E+0	4.000000E+0	621.575126E-3	9.763241E-3	9.537697E-3	13.222694E-3
