Program version:	Fatigue ver. 4.0
Date and time:	03-08-2015 10:50:27
Operator:	sras
Project ID:	44055-70
Sample ID:	EQA02-05
	
Mode of operation:	Ten-ten
Low load setpoint [kN]:	0.000000
Displacement rate [mm/s]:	0.030000
Sample rate [Hz]:	10.000000
Procentage of E-max [%]:	90.000000
Sample width [mm]:	25.180000
Sample thickness [mm]:	4.210000
Strain sensor:	Extensometer
Number of strain sensors:	2
Channel configuration:	0 6 1,1,0,0,0,0 1,4,1,2,3,4
	
Machine SN:	88R1331
Load cell SN:	UK 230
Load cell [kN]:	50.000000
Extensometer 1 SN:	1758
Gauge length 1 [mm]:	50.000000
Full scale 1 [%]:	2.000000
Extensometer 2 SN:	2040
Gauge length 2 [mm]:	50.000000
Full scale 2 [%]:	2.000000
	
Modulus estimate from [%]:	0.050000
Modulus estimate to [%]:	0.250000
Strain correction a1 [%]:	-0.002940
Strain correction a2 [%]:	-0.001179
Strain correction b1 [%]:	0.001099
Strain correction b2 [%]:	0.003366
Modulus a [GPa]:	38.586911
Modulus b [GPa]:	38.722514
Difference [%]:	0.350191
Modulus a1 [GPa]:	39.138204
Modulus b1 [GPa]:	39.293794
Modulus a2 [GPa]:	38.050698
Modulus b2 [GPa]:	38.167387
Max strain [%]:	0.720503
Max stress [MPa]:	278.021489
	
	
Time [ms]	State	Position [mm]	Load [kN]	Strain1 [%]	Strain2 [%]
0.000000E+0	1.000000E+0	-17.051909E+0	-420.212746E-6	152.826309E-6	238.656998E-6
100.000000E-3	1.000000E+0	-17.047942E+0	36.805868E-3	974.178314E-6	1.028776E-3
200.000000E-3	1.000000E+0	-17.046055E+0	87.469816E-3	1.790047E-3	2.092600E-3
300.000000E-3	1.000000E+0	-17.043072E+0	120.657682E-3	2.742529E-3	3.056288E-3
400.000000E-3	1.000000E+0	-17.038968E+0	168.681145E-3	3.754139E-3	4.150629E-3
500.000000E-3	1.000000E+0	-17.038611E+0	227.844715E-3	4.981756E-3	5.255461E-3
600.000000E-3	1.000000E+0	-17.036289E+0	269.216299E-3	5.942106E-3	6.397247E-3
700.000000E-3	1.000000E+0	-17.033214E+0	304.800272E-3	7.040739E-3	7.506371E-3
800.000000E-3	1.000000E+0	-17.029542E+0	352.013111E-3	7.974386E-3	8.396387E-3
900.000000E-3	1.000000E+0	-17.024964E+0	395.631790E-3	8.877754E-3	9.513617E-3
1.000000E+0	1.000000E+0	-17.022830E+0	437.635183E-3	10.043621E-3	10.704994E-3
1.100000E+0	1.000000E+0	-17.020014E+0	481.414795E-3	10.985613E-3	11.702538E-3
1.200000E+0	1.000000E+0	-17.014933E+0	523.340702E-3	11.938334E-3	12.750149E-3
1.300000E+0	1.000000E+0	-17.014408E+0	570.052862E-3	13.078451E-3	13.857126E-3
1.400000E+0	1.000000E+0	-17.010129E+0	615.501404E-3	14.237881E-3	15.220881E-3
1.500000E+0	1.000000E+0	-17.007482E+0	669.139624E-3	15.258551E-3	16.422987E-3
1.600000E+0	1.000000E+0	-17.003182E+0	715.154409E-3	16.340971E-3	17.371893E-3
1.700000E+0	1.000000E+0	-17.003566E+0	748.759508E-3	17.241478E-3	18.425226E-3
1.800000E+0	1.000000E+0	-16.999132E+0	798.296928E-3	18.251419E-3	19.577503E-3
1.900000E+0	1.000000E+0	-16.994661E+0	850.164890E-3	19.313574E-3	20.664930E-3
2.000000E+0	1.000000E+0	-16.991946E+0	891.327858E-3	20.426989E-3	21.785975E-3
2.100000E+0	1.000000E+0	-16.989774E+0	933.188200E-3	21.429300E-3	22.727966E-3
2.200000E+0	1.000000E+0	-16.986776E+0	984.513760E-3	22.360325E-3	23.856401E-3
2.300000E+0	1.000000E+0	-16.983286E+0	1.029348E+0	23.638487E-3	25.152206E-3
2.400000E+0	1.000000E+0	-16.980240E+0	1.072979E+0	24.772882E-3	26.427269E-3
2.500000E+0	1.000000E+0	-16.976068E+0	1.123929E+0	25.732279E-3	27.372599E-3
2.600000E+0	1.000000E+0	-16.975323E+0	1.162523E+0	26.597261E-3	28.254271E-3
2.700000E+0	1.000000E+0	-16.969934E+0	1.200491E+0	27.730942E-3	29.580593E-3
2.800000E+0	1.000000E+0	-16.968110E+0	1.263797E+0	29.052258E-3	30.777693E-3
2.900000E+0	1.000000E+0	-16.963420E+0	1.310480E+0	30.036211E-3	31.883240E-3
3.000000E+0	1.000000E+0	-16.959736E+0	1.346958E+0	31.033754E-3	33.055544E-3
3.100000E+0	1.000000E+0	-16.954479E+0	1.400506E+0	32.239437E-3	34.332991E-3
3.200000E+0	1.000000E+0	-16.954768E+0	1.458877E+0	33.420324E-3	35.483599E-3
3.300000E+0	1.000000E+0	-16.950390E+0	1.502848E+0	34.614563E-3	36.700726E-3
3.400000E+0	1.000000E+0	-16.951046E+0	1.543635E+0	35.644293E-3	37.778139E-3
3.500000E+0	1.000000E+0	-16.944123E+0	1.584876E+0	36.506176E-3	38.709164E-3
3.600000E+0	1.000000E+0	-16.942886E+0	1.632148E+0	37.718534E-3	39.955854E-3
3.700000E+0	1.000000E+0	-16.937673E+0	1.679420E+0	38.898468E-3	41.081190E-3
3.800000E+0	1.000000E+0	-16.936597E+0	1.725566E+0	39.893627E-3	42.254925E-3
3.900000E+0	1.000000E+0	-16.933456E+0	1.769024E+0	40.718794E-3	43.034315E-3
4.000000E+0	1.000000E+0	-16.930917E+0	1.811343E+0	41.771173E-3	44.130087E-3
4.100000E+0	1.000000E+0	-16.927013E+0	1.850885E+0	42.835474E-3	45.305967E-3
4.200000E+0	1.000000E+0	-16.924441E+0	1.892465E+0	43.727636E-3	46.213150E-3
4.300000E+0	1.000000E+0	-16.921830E+0	1.934671E+0	44.622421E-3	47.291279E-3
4.400000E+0	1.000000E+0	-16.918978E+0	1.975948E+0	45.690298E-3	48.366308E-3
4.500000E+0	1.000000E+0	-16.914761E+0	2.026153E+0	46.697617E-3	49.406052E-3
4.600000E+0	1.000000E+0	-16.913593E+0	2.066904E+0	47.624111E-3	50.320625E-3
4.700000E+0	1.000000E+0	-16.911850E+0	2.105409E+0	48.684597E-3	51.605463E-3
4.800000E+0	1.000000E+0	-16.906828E+0	2.157015E+0	49.865007E-3	52.760363E-3
4.900000E+0	1.000000E+0	-16.904089E+0	2.204967E+0	50.736189E-3	53.576231E-3
5.000000E+0	1.000000E+0	-16.902176E+0	2.237910E+0	51.688433E-3	54.645777E-3
5.100000E+0	1.000000E+0	-16.898707E+0	2.272385E+0	52.755833E-3	55.773020E-3
5.200000E+0	1.000000E+0	-16.894886E+0	2.328449E+0	53.743124E-3	56.753635E-3
5.300000E+0	1.000000E+0	-16.890818E+0	2.372408E+0	54.894209E-3	57.959795E-3
5.400000E+0	1.000000E+0	-16.889736E+0	2.410793E+0	56.016684E-3	59.081078E-3
5.500000E+0	1.000000E+0	-16.885993E+0	2.461118E+0	56.872606E-3	60.044765E-3
5.600000E+0	1.000000E+0	-16.882640E+0	2.503622E+0	57.973623E-3	61.058521E-3
5.700000E+0	1.000000E+0	-16.881123E+0	2.541876E+0	59.007883E-3	62.244177E-3
5.800000E+0	1.000000E+0	-16.876880E+0	2.591205E+0	60.226679E-3	63.401937E-3
5.900000E+0	1.000000E+0	-16.874871E+0	2.639985E+0	61.126709E-3	64.432383E-3
6.000000E+0	1.000000E+0	-16.872946E+0	2.668560E+0	61.868429E-3	65.294743E-3
6.100000E+0	1.000000E+0	-16.867304E+0	2.707595E+0	62.908888E-3	66.251278E-3
6.200000E+0	1.000000E+0	-16.866297E+0	2.766079E+0	64.089537E-3	67.568064E-3
6.300000E+0	1.000000E+0	-16.863165E+0	2.810919E+0	65.246820E-3	68.837404E-3
6.400000E+0	1.000000E+0	-16.859001E+0	2.849334E+0	66.217899E-3	69.797039E-3
6.500000E+0	1.000000E+0	-16.857001E+0	2.896941E+0	67.188978E-3	70.730686E-3
6.600000E+0	1.000000E+0	-16.853115E+0	2.931947E+0	68.042994E-3	71.685076E-3
6.700000E+0	1.000000E+0	-16.850245E+0	2.979928E+0	69.151878E-3	72.849751E-3
6.800000E+0	1.000000E+0	-16.845617E+0	3.026342E+0	70.333242E-3	74.128389E-3
6.900000E+0	1.000000E+0	-16.844231E+0	3.069854E+0	71.212292E-3	74.918509E-3
7.000000E+0	1.000000E+0	-16.839203E+0	3.111196E+0	72.292089E-3	76.022387E-3
7.100000E+0	1.000000E+0	-16.837108E+0	3.152317E+0	73.343277E-3	77.078104E-3
7.200000E+0	1.000000E+0	-16.835585E+0	3.201437E+0	74.470758E-3	78.368425E-3
7.300000E+0	1.000000E+0	-16.833577E+0	3.251845E+0	75.494051E-3	79.420328E-3
7.400000E+0	1.000000E+0	-16.829640E+0	3.288698E+0	76.499462E-3	80.476761E-3
7.500000E+0	1.000000E+0	-16.826210E+0	3.329402E+0	77.562809E-3	81.434488E-3
7.600000E+0	1.000000E+0	-16.823390E+0	3.377545E+0	78.421116E-3	82.551956E-3
7.700000E+0	1.000000E+0	-16.820777E+0	3.416306E+0	79.605579E-3	83.611012E-3
7.800000E+0	1.000000E+0	-16.817686E+0	3.461808E+0	80.510139E-3	84.709167E-3
7.900000E+0	1.000000E+0	-16.815090E+0	3.513175E+0	81.589699E-3	85.685492E-3
8.000000E+0	1.000000E+0	-16.810578E+0	3.550881E+0	82.708359E-3	86.858749E-3
8.100000E+0	1.000000E+0	-16.807318E+0	3.588724E+0	83.671331E-3	87.879896E-3
8.200000E+0	1.000000E+0	-16.808492E+0	3.641480E+0	84.574461E-3	88.931322E-3
8.300000E+0	1.000000E+0	-16.803140E+0	3.674430E+0	85.592270E-3	89.869261E-3
8.400000E+0	1.000000E+0	-16.800088E+0	3.715670E+0	86.788177E-3	90.972424E-3
8.500000E+0	1.000000E+0	-16.797129E+0	3.762317E+0	87.651968E-3	92.026711E-3
8.600000E+0	1.000000E+0	-16.794530E+0	3.806895E+0	88.754892E-3	93.132257E-3
8.700000E+0	1.000000E+0	-16.789669E+0	3.844911E+0	89.822292E-3	94.299316E-3
8.800000E+0	1.000000E+0	-16.787574E+0	3.897732E+0	90.815783E-3	95.485449E-3
8.900000E+0	1.000000E+0	-16.783560E+0	3.945643E+0	91.931581E-3	96.473694E-3
9.000000E+0	1.000000E+0	-16.780612E+0	3.974903E+0	92.930555E-3	97.526073E-3
9.100000E+0	1.000000E+0	-16.778744E+0	4.021704E+0	93.849897E-3	98.434448E-3
9.200000E+0	1.000000E+0	-16.775218E+0	4.065996E+0	94.804764E-3	99.488974E-3
9.300000E+0	1.000000E+0	-16.773361E+0	4.109156E+0	95.925331E-3	100.607872E-3
9.400000E+0	1.000000E+0	-16.768840E+0	4.157698E+0	97.099304E-3	101.808071E-3
9.500000E+0	1.000000E+0	-16.766164E+0	4.192543E+0	97.830057E-3	102.660656E-3
9.600000E+0	1.000000E+0	-16.763070E+0	4.234195E+0	98.845720E-3	103.713274E-3
9.700000E+0	1.000000E+0	-16.757056E+0	4.278141E+0	100.079536E-3	104.913473E-3
9.800000E+0	1.000000E+0	-16.760630E+0	4.329085E+0	101.224899E-3	106.108665E-3
9.900000E+0	1.000000E+0	-16.750661E+0	4.370105E+0	102.195263E-3	106.966257E-3
10.000000E+0	1.000000E+0	-16.752351E+0	4.408193E+0	103.088379E-3	108.093500E-3
10.100000E+0	1.000000E+0	-16.749016E+0	4.444361E+0	103.979111E-3	108.973980E-3
10.200000E+0	1.000000E+0	-16.746849E+0	4.502940E+0	105.261803E-3	110.225916E-3
10.300000E+0	1.000000E+0	-16.741136E+0	4.544926E+0	106.246948E-3	111.324787E-3
10.400000E+0	1.000000E+0	-16.739521E+0	4.582244E+0	107.367992E-3	112.411499E-3
10.500000E+0	1.000000E+0	-16.736794E+0	4.624832E+0	108.291626E-3	113.369703E-3
10.600000E+0	1.000000E+0	-16.733575E+0	4.672664E+0	109.219790E-3	114.391327E-3
10.700000E+0	1.000000E+0	-16.728917E+0	4.714447E+0	110.528469E-3	115.673304E-3
10.800000E+0	1.000000E+0	-16.727036E+0	4.759288E+0	111.504793E-3	116.709471E-3
10.900000E+0	1.000000E+0	-16.723085E+0	4.799020E+0	112.312078E-3	117.569208E-3
11.000000E+0	1.000000E+0	-16.722176E+0	4.840982E+0	113.359213E-3	118.626595E-3
11.100000E+0	1.000000E+0	-16.718525E+0	4.876268E+0	114.364386E-3	119.775772E-3
11.200000E+0	1.000000E+0	-16.714755E+0	4.938865E+0	115.607023E-3	120.882034E-3
11.300000E+0	1.000000E+0	-16.712827E+0	4.973888E+0	116.615534E-3	122.053623E-3
11.400000E+0	1.000000E+0	-16.709310E+0	5.010778E+0	117.476940E-3	122.932434E-3
11.500000E+0	1.000000E+0	-16.705713E+0	5.060607E+0	118.688822E-3	123.925209E-3
11.600000E+0	1.000000E+0	-16.702819E+0	5.100989E+0	119.728565E-3	125.039816E-3
11.700000E+0	1.000000E+0	-16.699332E+0	5.141807E+0	120.676517E-3	126.147270E-3
11.800000E+0	1.000000E+0	-16.697353E+0	5.189002E+0	121.817350E-3	127.291918E-3
11.900000E+0	1.000000E+0	-16.694716E+0	5.235374E+0	122.644424E-3	128.316641E-3
12.000000E+0	1.000000E+0	-16.690523E+0	5.268711E+0	123.759747E-3	129.230261E-3
12.100000E+0	1.000000E+0	-16.688738E+0	5.307847E+0	124.642611E-3	130.312443E-3
12.200000E+0	1.000000E+0	-16.686836E+0	5.361468E+0	125.681400E-3	131.415606E-3
12.300000E+0	1.000000E+0	-16.681618E+0	5.404735E+0	126.894236E-3	132.557154E-3
12.400000E+0	1.000000E+0	-16.679216E+0	5.439800E+0	127.882719E-3	133.626699E-3
12.500000E+0	1.000000E+0	-16.675124E+0	5.483049E+0	128.743649E-3	134.561062E-3
12.600000E+0	1.000000E+0	-16.674093E+0	5.525827E+0	129.771709E-3	135.582685E-3
12.700000E+0	1.000000E+0	-16.669774E+0	5.571747E+0	130.965471E-3	136.664391E-3
12.800000E+0	1.000000E+0	-16.667733E+0	5.611944E+0	131.959677E-3	137.828588E-3
12.900000E+0	1.000000E+0	-16.663707E+0	5.659431E+0	133.102417E-3	138.878107E-3
13.000000E+0	1.000000E+0	-16.661263E+0	5.695075E+0	133.883238E-3	139.777899E-3
13.100000E+0	1.000000E+0	-16.658160E+0	5.732840E+0	135.033131E-3	140.805244E-3
13.200000E+0	1.000000E+0	-16.655547E+0	5.783916E+0	135.992527E-3	141.915798E-3
13.300000E+0	1.000000E+0	-16.651857E+0	5.829334E+0	137.152195E-3	142.996550E-3
13.400000E+0	1.000000E+0	-16.648725E+0	5.862921E+0	138.126373E-3	144.072533E-3
13.500000E+0	1.000000E+0	-16.646269E+0	5.906111E+0	138.942719E-3	145.096540E-3
13.600000E+0	1.000000E+0	-16.644424E+0	5.955923E+0	140.025616E-3	146.001101E-3
13.700000E+0	1.000000E+0	-16.641706E+0	5.993760E+0	141.163588E-3	147.279501E-3
13.800000E+0	1.000000E+0	-16.637585E+0	6.039882E+0	142.292500E-3	148.515463E-3
13.900000E+0	1.000000E+0	-16.634986E+0	6.082851E+0	143.099070E-3	149.244785E-3
14.000000E+0	1.000000E+0	-16.630852E+0	6.116390E+0	144.117832E-3	150.196791E-3
14.100000E+0	1.000000E+0	-16.628227E+0	6.159914E+0	145.197392E-3	151.351213E-3
14.200000E+0	1.000000E+0	-16.625723E+0	6.217074E+0	146.247625E-3	152.508736E-3
14.300000E+0	1.000000E+0	-16.623578E+0	6.253231E+0	147.249937E-3	153.599739E-3
14.400000E+0	1.000000E+0	-16.620675E+0	6.289589E+0	148.314714E-3	154.564142E-3
14.500000E+0	1.000000E+0	-16.615623E+0	6.338942E+0	149.385691E-3	155.831337E-3
14.600000E+0	1.000000E+0	-16.613698E+0	6.384408E+0	150.356054E-3	156.913042E-3
14.700000E+0	1.000000E+0	-16.610703E+0	6.426424E+0	151.650429E-3	158.089638E-3
14.800000E+0	1.000000E+0	-16.605905E+0	6.467456E+0	152.563810E-3	158.965111E-3
14.900000E+0	1.000000E+0	-16.602859E+0	6.508929E+0	153.369665E-3	159.809828E-3
15.000000E+0	1.000000E+0	-16.601190E+0	6.543350E+0	154.441595E-3	160.836697E-3
15.100000E+0	1.000000E+0	-16.599259E+0	6.589854E+0	155.556440E-3	162.057400E-3
15.200000E+0	1.000000E+0	-16.595924E+0	6.631517E+0	156.289577E-3	162.967682E-3
15.300000E+0	1.000000E+0	-16.592270E+0	6.673843E+0	157.568932E-3	164.163351E-3
15.400000E+0	1.000000E+0	-16.587821E+0	6.715775E+0	158.465862E-3	165.232897E-3
15.500000E+0	1.000000E+0	-16.586295E+0	6.764817E+0	159.657001E-3	166.191339E-3
15.600000E+0	1.000000E+0	-16.584033E+0	6.808835E+0	160.678625E-3	167.277336E-3
15.700000E+0	1.000000E+0	-16.579995E+0	6.848633E+0	161.842823E-3	168.441296E-3
15.800000E+0	1.000000E+0	-16.577363E+0	6.885552E+0	162.609816E-3	169.428587E-3
15.900000E+0	1.000000E+0	-16.573534E+0	6.931198E+0	163.713455E-3	170.379639E-3
16.000000E+0	1.000000E+0	-16.571850E+0	6.971198E+0	164.775133E-3	171.490431E-3
16.100000E+0	1.000000E+0	-16.569588E+0	7.007772E+0	165.730238E-3	172.471285E-3
16.200000E+0	1.000000E+0	-16.565842E+0	7.057315E+0	166.812897E-3	173.518181E-3
16.300000E+0	1.000000E+0	-16.561511E+0	7.102650E+0	167.909384E-3	174.728155E-3
16.400000E+0	1.000000E+0	-16.558436E+0	7.137680E+0	168.847084E-3	175.707340E-3
16.500000E+0	1.000000E+0	-16.556904E+0	7.181197E+0	169.870138E-3	176.651716E-3
16.600000E+0	1.000000E+0	-16.553241E+0	7.223290E+0	170.876265E-3	177.669764E-3
16.700000E+0	1.000000E+0	-16.551161E+0	7.263690E+0	171.970606E-3	178.838730E-3
16.800000E+0	1.000000E+0	-16.546372E+0	7.306731E+0	172.941208E-3	179.990292E-3
16.900000E+0	1.000000E+0	-16.544762E+0	7.357454E+0	174.086809E-3	180.887461E-3
17.000000E+0	1.000000E+0	-16.542539E+0	7.392365E+0	174.933672E-3	181.966782E-3
17.100000E+0	1.000000E+0	-16.537547E+0	7.437629E+0	176.208258E-3	183.278799E-3
17.200000E+0	1.000000E+0	-16.535646E+0	7.486367E+0	177.148819E-3	184.114456E-3
17.300000E+0	1.000000E+0	-16.532552E+0	7.523394E+0	178.181171E-3	185.089588E-3
17.400000E+0	1.000000E+0	-16.529000E+0	7.558107E+0	179.228306E-3	186.302423E-3
17.500000E+0	1.000000E+0	-16.525465E+0	7.604462E+0	180.129290E-3	187.208652E-3
17.600000E+0	1.000000E+0	-16.524267E+0	7.643580E+0	181.092978E-3	188.223600E-3
17.700000E+0	1.000000E+0	-16.519755E+0	7.686460E+0	182.292938E-3	189.455032E-3
17.800000E+0	1.000000E+0	-16.516954E+0	7.734531E+0	183.307409E-3	190.482855E-3
17.900000E+0	1.000000E+0	-16.515118E+0	7.774287E+0	184.172630E-3	191.386938E-3
18.000000E+0	1.000000E+0	-16.511476E+0	7.815123E+0	185.326815E-3	192.409992E-3
18.100000E+0	1.000000E+0	-16.507173E+0	7.857996E+0	186.307192E-3	193.509102E-3
18.200000E+0	1.000000E+0	-16.504553E+0	7.905042E+0	187.309742E-3	194.652796E-3
18.300000E+0	1.000000E+0	-16.501621E+0	7.941961E+0	188.254833E-3	195.609808E-3
18.400000E+0	1.000000E+0	-16.498813E+0	7.976758E+0	189.324856E-3	196.621180E-3
18.500000E+0	1.000000E+0	-16.497609E+0	8.024001E+0	190.347195E-3	197.714567E-3
18.600000E+0	1.000000E+0	-16.493288E+0	8.071524E+0	191.680908E-3	198.845387E-3
18.700000E+0	1.000000E+0	-16.492096E+0	8.112872E+0	192.605972E-3	199.897766E-3
18.800000E+0	1.000000E+0	-16.488177E+0	8.148956E+0	193.523169E-3	200.993776E-3
18.900000E+0	1.000000E+0	-16.482786E+0	8.197933E+0	194.464207E-3	201.864004E-3
19.000000E+0	1.000000E+0	-16.480434E+0	8.235306E+0	195.384026E-3	202.985287E-3
19.100000E+0	1.000000E+0	-16.478059E+0	8.277804E+0	196.653605E-3	204.143286E-3
19.200000E+0	1.000000E+0	-16.475496E+0	8.323658E+0	197.469473E-3	205.016136E-3
19.300000E+0	1.000000E+0	-16.472984E+0	8.365065E+0	198.630333E-3	206.026793E-3
19.400000E+0	1.000000E+0	-16.469214E+0	8.399338E+0	199.737072E-3	207.108736E-3
19.500000E+0	1.000000E+0	-16.466624E+0	8.443898E+0	200.492144E-3	208.208799E-3
19.600000E+0	1.000000E+0	-16.463778E+0	8.494937E+0	201.726198E-3	209.286928E-3
19.700000E+0	1.000000E+0	-16.461227E+0	8.525449E+0	202.759743E-3	210.343361E-3
19.800000E+0	1.000000E+0	-16.456869E+0	8.572227E+0	203.732014E-3	211.419582E-3
19.900000E+0	1.000000E+0	-16.454414E+0	8.618426E+0	204.748154E-3	212.365866E-3
20.000000E+0	1.000000E+0	-16.450787E+0	8.651453E+0	205.797672E-3	213.383675E-3
20.100000E+0	1.000000E+0	-16.447550E+0	8.690464E+0	206.782818E-3	214.454651E-3
20.200000E+0	1.000000E+0	-16.445631E+0	8.743984E+0	207.805157E-3	215.465546E-3
20.300000E+0	1.000000E+0	-16.442755E+0	8.781409E+0	208.857536E-3	216.670752E-3
20.400000E+0	1.000000E+0	-16.439110E+0	8.825094E+0	210.047007E-3	217.631102E-3
20.500000E+0	1.000000E+0	-16.436631E+0	8.862203E+0	210.819721E-3	218.570709E-3
20.600000E+0	1.000000E+0	-16.432396E+0	8.913231E+0	212.077856E-3	219.759464E-3
20.700000E+0	1.000000E+0	-16.430295E+0	8.949661E+0	213.101387E-3	221.005678E-3
20.800000E+0	1.000000E+0	-16.427040E+0	8.989900E+0	214.035273E-3	221.873283E-3
20.900000E+0	1.000000E+0	-16.424343E+0	9.031856E+0	214.830160E-3	222.797394E-3
21.000000E+0	1.000000E+0	-16.422194E+0	9.069884E+0	215.897322E-3	223.900557E-3
21.100000E+0	1.000000E+0	-16.418180E+0	9.116399E+0	217.074871E-3	224.966526E-3
21.200000E+0	1.000000E+0	-16.414884E+0	9.164488E+0	218.200445E-3	226.038218E-3
21.300000E+0	1.000000E+0	-16.413570E+0	9.199387E+0	219.011545E-3	227.085829E-3
21.400000E+0	1.000000E+0	-16.405937E+0	9.237754E+0	220.184088E-3	228.171825E-3
21.500000E+0	1.000000E+0	-16.406325E+0	9.282392E+0	221.150398E-3	229.160070E-3
21.600000E+0	1.000000E+0	-16.404280E+0	9.327692E+0	222.165108E-3	230.269194E-3
21.700000E+0	1.000000E+0	-16.403985E+0	9.372979E+0	223.368406E-3	231.364965E-3
21.800000E+0	1.000000E+0	-16.398484E+0	9.405333E+0	224.210262E-3	232.279778E-3
21.900000E+0	1.000000E+0	-16.393075E+0	9.449804E+0	225.082874E-3	233.196974E-3
22.000000E+0	1.000000E+0	-16.391635E+0	9.485281E+0	226.129532E-3	234.299660E-3
22.100000E+0	1.000000E+0	-16.386268E+0	9.534699E+0	227.477551E-3	235.633850E-3
22.200000E+0	1.000000E+0	-16.383243E+0	9.576905E+0	228.336334E-3	236.468792E-3
22.300000E+0	1.000000E+0	-16.383818E+0	9.616065E+0	229.235649E-3	237.326622E-3
22.400000E+0	1.000000E+0	-16.378558E+0	9.653127E+0	230.324268E-3	238.584995E-3
22.500000E+0	1.000000E+0	-16.376260E+0	9.701592E+0	231.252670E-3	239.635944E-3
22.600000E+0	1.000000E+0	-16.372556E+0	9.748596E+0	232.329130E-3	240.575075E-3
22.700000E+0	1.000000E+0	-16.369888E+0	9.783775E+0	233.347654E-3	241.741419E-3
22.800000E+0	1.000000E+0	-16.367239E+0	9.826446E+0	234.435081E-3	242.669344E-3
22.900000E+0	1.000000E+0	-16.363999E+0	9.870285E+0	235.391378E-3	243.636370E-3
23.000000E+0	1.000000E+0	-16.360530E+0	9.909087E+0	236.464024E-3	244.805574E-3
23.100000E+0	1.000000E+0	-16.358781E+0	9.948802E+0	237.504482E-3	245.953083E-3
23.200000E+0	1.000000E+0	-16.354674E+0	10.000068E+0	238.432407E-3	246.864557E-3
23.300000E+0	1.000000E+0	-16.352162E+0	10.037649E+0	239.641905E-3	247.857809E-3
23.400000E+0	1.000000E+0	-16.349745E+0	10.071766E+0	240.743399E-3	248.947382E-3
23.500000E+0	1.000000E+0	-16.346082E+0	10.120851E+0	241.627455E-3	250.109434E-3
23.600000E+0	1.000000E+0	-16.343397E+0	10.167301E+0	242.762804E-3	251.108885E-3
23.700000E+0	1.000000E+0	-16.340494E+0	10.204780E+0	243.831158E-3	252.304792E-3
23.800000E+0	1.000000E+0	-16.339359E+0	10.244262E+0	244.795561E-3	253.211737E-3
23.900000E+0	1.000000E+0	-16.333461E+0	10.283208E+0	245.664597E-3	254.102468E-3
24.000000E+0	1.000000E+0	-16.331733E+0	10.325676E+0	246.609688E-3	255.245924E-3
24.100000E+0	1.000000E+0	-16.328004E+0	10.364485E+0	247.712612E-3	256.192207E-3
24.200000E+0	1.000000E+0	-16.326213E+0	10.412067E+0	248.765945E-3	257.277012E-3
24.300000E+0	1.000000E+0	-16.321677E+0	10.455889E+0	249.913692E-3	258.306265E-3
24.400000E+0	1.000000E+0	-16.319677E+0	10.492241E+0	250.804424E-3	259.424686E-3
24.500000E+0	1.000000E+0	-16.317493E+0	10.531735E+0	251.759052E-3	260.219812E-3
24.600000E+0	1.000000E+0	-16.314459E+0	10.581344E+0	252.933264E-3	261.535406E-3
24.700000E+0	1.000000E+0	-16.311059E+0	10.622948E+0	254.104137E-3	262.609243E-3
24.800000E+0	1.000000E+0	-16.310174E+0	10.657984E+0	254.804611E-3	263.520241E-3
24.900000E+0	1.000000E+0	-16.303298E+0	10.699999E+0	255.774498E-3	264.472723E-3
25.000000E+0	1.000000E+0	-16.300449E+0	10.746425E+0	256.961346E-3	265.758753E-3
25.100000E+0	1.000000E+0	-16.296327E+0	10.782892E+0	257.966042E-3	266.893864E-3
25.200000E+0	1.000000E+0	-16.295159E+0	10.830092E+0	259.055614E-3	267.871380E-3
25.300000E+0	1.000000E+0	-16.292349E+0	10.866964E+0	259.929895E-3	268.752813E-3
25.400000E+0	1.000000E+0	-16.290194E+0	10.903847E+0	261.000395E-3	269.810438E-3
25.500000E+0	1.000000E+0	-16.286695E+0	10.951209E+0	262.115479E-3	270.933867E-3
25.600000E+0	1.000000E+0	-16.284532E+0	11.001402E+0	263.131142E-3	272.032499E-3
25.700000E+0	1.000000E+0	-16.280052E+0	11.030167E+0	264.016151E-3	272.868156E-3
25.800000E+0	1.000000E+0	-16.278321E+0	11.064392E+0	264.892817E-3	273.857355E-3
25.900000E+0	1.000000E+0	-16.273383E+0	11.115646E+0	265.923262E-3	274.816036E-3
26.000000E+0	1.000000E+0	-16.272161E+0	11.153704E+0	266.972303E-3	275.989771E-3
26.100000E+0	1.000000E+0	-16.268495E+0	11.196035E+0	268.256426E-3	277.170181E-3
26.200000E+0	1.000000E+0	-16.264695E+0	11.246419E+0	269.151211E-3	278.133869E-3
26.300000E+0	1.000000E+0	-16.262111E+0	11.282986E+0	270.262480E-3	279.141665E-3
26.400000E+0	1.000000E+0	-16.260070E+0	11.316949E+0	271.211147E-3	280.138016E-3
26.500000E+0	1.000000E+0	-16.256353E+0	11.369538E+0	272.280931E-3	281.327724E-3
26.600000E+0	1.000000E+0	-16.253260E+0	11.411399E+0	273.390770E-3	282.373428E-3
26.700000E+0	1.000000E+0	-16.250497E+0	11.446011E+0	274.250269E-3	283.346415E-3
26.800000E+0	1.000000E+0	-16.246522E+0	11.489642E+0	275.432587E-3	284.369707E-3
26.900000E+0	1.000000E+0	-16.243819E+0	11.534518E+0	276.402473E-3	285.595179E-3
27.000000E+0	1.000000E+0	-16.241047E+0	11.568487E+0	277.403355E-3	286.509991E-3
27.100000E+0	1.000000E+0	-16.238591E+0	11.612713E+0	278.388977E-3	287.553549E-3
27.200000E+0	1.000000E+0	-16.235829E+0	11.658949E+0	279.608965E-3	288.611174E-3
27.300000E+0	1.000000E+0	-16.232184E+0	11.695415E+0	280.408382E-3	289.623260E-3
27.400000E+0	1.000000E+0	-16.228453E+0	11.733264E+0	281.420708E-3	290.640831E-3
27.500000E+0	1.000000E+0	-16.226846E+0	11.777192E+0	282.502651E-3	291.628122E-3
27.600000E+0	1.000000E+0	-16.222936E+0	11.824054E+0	283.583641E-3	292.760611E-3
27.700000E+0	1.000000E+0	-16.219762E+0	11.864096E+0	284.682989E-3	293.804169E-3
27.800000E+0	1.000000E+0	-16.217208E+0	11.901504E+0	285.625219E-3	294.738293E-3
27.900000E+0	1.000000E+0	-16.212920E+0	11.945307E+0	286.578894E-3	295.808792E-3
28.000000E+0	1.000000E+0	-16.209930E+0	11.984926E+0	287.640333E-3	296.924353E-3
28.100000E+0	1.000000E+0	-16.207445E+0	12.025017E+0	288.653851E-3	297.939301E-3
28.200000E+0	1.000000E+0	-16.205040E+0	12.069726E+0	289.591551E-3	298.885345E-3
28.300000E+0	1.000000E+0	-16.202116E+0	12.111664E+0	290.603638E-3	299.900770E-3
28.400000E+0	1.000000E+0	-16.199872E+0	12.142211E+0	291.534424E-3	300.991535E-3
28.500000E+0	1.000000E+0	-16.197166E+0	12.192363E+0	292.650461E-3	301.984310E-3
28.600000E+0	1.000000E+0	-16.193903E+0	12.243879E+0	293.820381E-3	303.177118E-3
28.700000E+0	1.000000E+0	-16.188181E+0	12.275481E+0	294.722795E-3	304.154634E-3
28.800000E+0	1.000000E+0	-16.185463E+0	12.309206E+0	295.772552E-3	305.207968E-3
28.900000E+0	1.000000E+0	-16.185031E+0	12.356555E+0	296.498060E-3	306.087494E-3
29.000000E+0	1.000000E+0	-16.181496E+0	12.401313E+0	297.735453E-3	307.261467E-3
29.100000E+0	1.000000E+0	-16.178468E+0	12.438691E+0	298.867464E-3	308.362007E-3
29.200000E+0	1.000000E+0	-16.174734E+0	12.483793E+0	299.748898E-3	309.256077E-3
29.300000E+0	1.000000E+0	-16.173440E+0	12.517333E+0	300.667286E-3	310.169220E-3
29.400000E+0	1.000000E+0	-16.169358E+0	12.559831E+0	301.816702E-3	311.368227E-3
29.500000E+0	1.000000E+0	-16.166991E+0	12.610024E+0	302.879333E-3	312.445402E-3
29.600000E+0	1.000000E+0	-16.162247E+0	12.653399E+0	303.892851E-3	313.431025E-3
29.700000E+0	1.000000E+0	-16.160849E+0	12.680387E+0	304.722309E-3	314.465284E-3
29.800000E+0	1.000000E+0	-16.157508E+0	12.727648E+0	305.768490E-3	315.518618E-3
29.900000E+0	1.000000E+0	-16.153950E+0	12.771136E+0	306.814194E-3	316.516638E-3
30.000000E+0	1.000000E+0	-16.152099E+0	12.807024E+0	307.932854E-3	317.631721E-3
30.100000E+0	1.000000E+0	-16.148478E+0	12.850404E+0	309.021711E-3	318.688631E-3
30.200000E+0	1.000000E+0	-16.145075E+0	12.895042E+0	309.900999E-3	319.701672E-3
30.300000E+0	1.000000E+0	-16.144335E+0	12.930143E+0	310.799122E-3	320.570707E-3
30.400000E+0	1.000000E+0	-16.138345E+0	12.971056E+0	312.028646E-3	321.712017E-3
30.500000E+0	1.000000E+0	-16.135681E+0	13.016927E+0	313.012362E-3	322.807074E-3
30.600000E+0	1.000000E+0	-16.134382E+0	13.060641E+0	314.072132E-3	323.790073E-3
30.700000E+0	1.000000E+0	-16.130921E+0	13.097942E+0	314.929962E-3	324.804306E-3
30.800000E+0	1.000000E+0	-16.127765E+0	13.133281E+0	316.017389E-3	325.836658E-3
30.900000E+0	1.000000E+0	-16.124365E+0	13.182908E+0	316.950083E-3	326.910496E-3
31.000000E+0	1.000000E+0	-16.120976E+0	13.221931E+0	318.038702E-3	327.852011E-3
31.100000E+0	1.000000E+0	-16.115225E+0	13.253123E+0	319.065571E-3	328.998804E-3
31.200000E+0	1.000000E+0	-16.112849E+0	13.298982E+0	319.986582E-3	330.013514E-3
31.300000E+0	1.000000E+0	-16.112560E+0	13.350254E+0	321.170330E-3	331.068277E-3
31.400000E+0	1.000000E+0	-16.109479E+0	13.383001E+0	322.150469E-3	332.079887E-3
31.500000E+0	1.000000E+0	-16.106975E+0	13.426203E+0	323.139191E-3	333.076477E-3
31.600000E+0	1.000000E+0	-16.102055E+0	13.470614E+0	324.091911E-3	334.201097E-3
31.700000E+0	1.000000E+0	-16.100157E+0	13.506037E+0	325.124502E-3	335.156679E-3
31.800000E+0	1.000000E+0	-16.097906E+0	13.540381E+0	326.092482E-3	336.218596E-3
31.900000E+0	1.000000E+0	-16.094366E+0	13.593185E+0	327.125072E-3	337.179661E-3
32.000000E+0	1.000000E+0	-16.093505E+0	13.628924E+0	328.163147E-3	338.133097E-3
32.100000E+0	1.000000E+0	-16.089022E+0	13.669860E+0	329.256296E-3	339.261532E-3
32.200000E+0	1.000000E+0	-16.085750E+0	13.717872E+0	330.237627E-3	340.286016E-3
32.300000E+0	1.000000E+0	-16.084865E+0	13.754326E+0	331.186533E-3	341.232061E-3
32.400000E+0	1.000000E+0	-16.079197E+0	13.785511E+0	332.157612E-3	342.300177E-3
32.500000E+0	1.000000E+0	-16.075343E+0	13.837129E+0	333.231926E-3	343.520641E-3
32.600000E+0	1.000000E+0	-16.073448E+0	13.884097E+0	334.288836E-3	344.500542E-3
32.700000E+0	1.000000E+0	-16.069883E+0	13.914067E+0	335.310936E-3	345.480919E-3
32.800000E+0	1.000000E+0	-16.071373E+0	13.954383E+0	336.306095E-3	346.377611E-3
32.900000E+0	1.000000E+0	-16.064814E+0	13.996816E+0	337.153196E-3	347.420216E-3
33.000000E+0	1.000000E+0	-16.061920E+0	14.042979E+0	338.443279E-3	348.631859E-3
33.100000E+0	1.000000E+0	-16.058806E+0	14.078939E+0	339.435101E-3	349.656105E-3
33.200000E+0	1.000000E+0	-16.055438E+0	14.119488E+0	340.260983E-3	350.473642E-3
33.300000E+0	1.000000E+0	-16.053602E+0	14.157689E+0	341.184616E-3	351.609945E-3
33.400000E+0	1.000000E+0	-16.052181E+0	14.199173E+0	342.420578E-3	352.605581E-3
33.500000E+0	1.000000E+0	-16.045618E+0	14.243042E+0	343.381643E-3	353.754997E-3
33.600000E+0	1.000000E+0	-16.042677E+0	14.284217E+0	344.358683E-3	354.699373E-3
33.700000E+0	1.000000E+0	-16.040868E+0	14.321142E+0	345.242023E-3	355.664015E-3
33.800000E+0	1.000000E+0	-16.038010E+0	14.359963E+0	346.313238E-3	356.777906E-3
33.900000E+0	1.000000E+0	-16.034296E+0	14.411026E+0	347.320795E-3	357.895613E-3
34.000000E+0	1.000000E+0	-16.030759E+0	14.449823E+0	348.359585E-3	358.919621E-3
34.100000E+0	1.000000E+0	-16.029304E+0	14.483988E+0	349.394083E-3	359.867573E-3
34.200000E+0	1.000000E+0	-16.025651E+0	14.526457E+0	350.304127E-3	360.894680E-3
34.300000E+0	1.000000E+0	-16.022060E+0	14.572251E+0	351.419449E-3	361.873388E-3
34.400000E+0	1.000000E+0	-16.018138E+0	14.606470E+0	352.356672E-3	363.071203E-3
34.500000E+0	1.000000E+0	-16.018495E+0	14.645153E+0	353.455782E-3	363.900423E-3
34.600000E+0	1.000000E+0	-16.013494E+0	14.696121E+0	354.499578E-3	364.951611E-3
34.700000E+0	1.000000E+0	-16.010663E+0	14.729261E+0	355.461359E-3	366.084576E-3
34.800000E+0	1.000000E+0	-16.007433E+0	14.769208E+0	356.454372E-3	367.027283E-3
34.900000E+0	1.000000E+0	-16.004619E+0	14.814013E+0	357.504845E-3	367.997885E-3
35.000000E+0	1.000000E+0	-16.000998E+0	14.854991E+0	358.613014E-3	369.085789E-3
35.100000E+0	1.000000E+0	-15.998972E+0	14.889550E+0	359.458923E-3	370.132923E-3
35.200000E+0	1.000000E+0	-15.993858E+0	14.940739E+0	360.439777E-3	371.141911E-3
35.300000E+0	1.000000E+0	-15.992242E+0	14.977968E+0	361.488819E-3	372.184753E-3
35.400000E+0	1.000000E+0	-15.988538E+0	15.013051E+0	362.577200E-3	373.227835E-3
35.500000E+0	1.000000E+0	-15.986338E+0	15.063709E+0	363.634825E-3	374.414206E-3
35.600000E+0	1.000000E+0	-15.983886E+0	15.106058E+0	364.568710E-3	375.318289E-3
35.700000E+0	1.000000E+0	-15.978214E+0	15.134066E+0	365.532875E-3	376.268625E-3
35.800000E+0	1.000000E+0	-15.977627E+0	15.178180E+0	366.466045E-3	377.307415E-3
35.900000E+0	1.000000E+0	-15.974716E+0	15.219265E+0	367.476702E-3	378.319263E-3
36.000000E+0	1.000000E+0	-15.971032E+0	15.260381E+0	368.551731E-3	379.390001E-3
36.100000E+0	1.000000E+0	-15.967971E+0	15.298492E+0	369.668484E-3	380.488634E-3
36.200000E+0	1.000000E+0	-15.964598E+0	15.342659E+0	370.565653E-3	381.420851E-3
36.300000E+0	1.000000E+0	-15.962452E+0	15.377098E+0	371.591330E-3	382.388592E-3
36.400000E+0	1.000000E+0	-15.958888E+0	15.422958E+0	372.646570E-3	383.515835E-3
36.500000E+0	1.000000E+0	-15.957532E+0	15.465176E+0	373.717546E-3	384.641409E-3
36.600000E+0	1.000000E+0	-15.952277E+0	15.506232E+0	374.655247E-3	385.507107E-3
36.700000E+0	1.000000E+0	-15.948987E+0	15.539432E+0	375.455379E-3	386.490822E-3
36.800000E+0	1.000000E+0	-15.945667E+0	15.579480E+0	376.708508E-3	387.616158E-3
36.900000E+0	1.000000E+0	-15.944410E+0	15.628582E+0	377.788782E-3	388.718843E-3
37.000000E+0	1.000000E+0	-15.941572E+0	15.673590E+0	378.717184E-3	389.648199E-3
37.100000E+0	1.000000E+0	-15.941671E+0	15.708876E+0	379.735470E-3	390.771389E-3
37.200000E+0	1.000000E+0	-15.936089E+0	15.745652E+0	380.688667E-3	391.621113E-3
37.300000E+0	1.000000E+0	-15.931702E+0	15.793198E+0	381.821632E-3	392.713785E-3
37.400000E+0	1.000000E+0	-15.929443E+0	15.827847E+0	382.753611E-3	393.738508E-3
37.500000E+0	1.000000E+0	-15.926361E+0	15.871304E+0	383.737803E-3	394.791126E-3
37.600000E+0	1.000000E+0	-15.924016E+0	15.912741E+0	384.639263E-3	395.670176E-3
37.700000E+0	1.000000E+0	-15.920407E+0	15.942627E+0	385.571003E-3	396.672487E-3
37.800000E+0	1.000000E+0	-15.917501E+0	15.983498E+0	386.648178E-3	397.698402E-3
37.900000E+0	1.000000E+0	-15.913815E+0	16.043788E+0	387.891531E-3	398.961306E-3
38.000000E+0	1.000000E+0	-15.912435E+0	16.069740E+0	388.731718E-3	399.839401E-3
38.100000E+0	1.000000E+0	-15.907794E+0	16.110027E+0	389.791965E-3	400.970936E-3
38.200000E+0	1.000000E+0	-15.905920E+0	16.151285E+0	390.700817E-3	401.822090E-3
38.300000E+0	1.000000E+0	-15.901843E+0	16.193885E+0	391.848803E-3	402.920485E-3
38.400000E+0	1.000000E+0	-15.899044E+0	16.232347E+0	392.851114E-3	404.018402E-3
38.500000E+0	1.000000E+0	-15.895277E+0	16.279030E+0	393.851519E-3	405.075550E-3
38.600000E+0	1.000000E+0	-15.893185E+0	16.318339E+0	394.806147E-3	405.998945E-3
38.700000E+0	1.000000E+0	-15.890178E+0	16.349387E+0	395.718575E-3	406.957626E-3
38.800000E+0	1.000000E+0	-15.886185E+0	16.395980E+0	396.875381E-3	408.102989E-3
38.900000E+0	1.000000E+0	-15.885091E+0	16.443568E+0	397.853374E-3	409.178019E-3
39.000000E+0	1.000000E+0	-15.882835E+0	16.478449E+0	398.917675E-3	410.165787E-3
39.100000E+0	1.000000E+0	-15.878687E+0	16.517502E+0	399.884462E-3	411.152124E-3
39.200000E+0	1.000000E+0	-15.877214E+0	16.565627E+0	400.981188E-3	412.277222E-3
39.300000E+0	1.000000E+0	-15.872938E+0	16.601390E+0	401.902199E-3	413.169622E-3
39.400000E+0	1.000000E+0	-15.868888E+0	16.644239E+0	403.089762E-3	414.309978E-3
39.500000E+0	1.000000E+0	-15.865261E+0	16.690648E+0	404.131413E-3	415.572405E-3
39.600000E+0	1.000000E+0	-15.862951E+0	16.730779E+0	404.943705E-3	416.397810E-3
39.700000E+0	1.000000E+0	-15.859169E+0	16.761672E+0	405.873537E-3	417.409658E-3
39.800000E+0	1.000000E+0	-15.857250E+0	16.797197E+0	406.891108E-3	418.380976E-3
39.900000E+0	1.000000E+0	-15.853995E+0	16.843659E+0	407.891035E-3	419.287920E-3
40.000000E+0	1.000000E+0	-15.851057E+0	16.888082E+0	409.011841E-3	420.341969E-3
40.100000E+0	1.000000E+0	-15.848738E+0	16.919470E+0	409.915686E-3	421.374321E-3
40.200000E+0	1.000000E+0	-15.846956E+0	16.955483E+0	410.907507E-3	422.333479E-3
40.300000E+0	1.000000E+0	-15.844271E+0	17.010188E+0	411.844730E-3	423.487425E-3
40.400000E+0	1.000000E+0	-15.838814E+0	17.047960E+0	413.112640E-3	424.549341E-3
40.500000E+0	1.000000E+0	-15.836665E+0	17.084622E+0	414.060116E-3	425.721169E-3
40.600000E+0	1.000000E+0	-15.833339E+0	17.129445E+0	414.965630E-3	426.407099E-3
40.700000E+0	1.000000E+0	-15.829537E+0	17.160016E+0	415.928125E-3	427.479982E-3
40.800000E+0	1.000000E+0	-15.827003E+0	17.201310E+0	416.947126E-3	428.486824E-3
40.900000E+0	1.000000E+0	-15.824142E+0	17.256272E+0	418.021441E-3	429.759026E-3
41.000000E+0	1.000000E+0	-15.821406E+0	17.293692E+0	419.076204E-3	430.821180E-3
41.100000E+0	1.000000E+0	-15.818155E+0	17.324126E+0	420.039415E-3	431.770086E-3
41.200000E+0	1.000000E+0	-15.814859E+0	17.368948E+0	420.931578E-3	432.567835E-3
41.300000E+0	1.000000E+0	-15.812525E+0	17.414749E+0	422.075510E-3	433.819532E-3
41.400000E+0	1.000000E+0	-15.810380E+0	17.452258E+0	423.197269E-3	434.955597E-3
41.500000E+0	1.000000E+0	-15.806341E+0	17.491615E+0	424.131870E-3	435.797453E-3
41.600000E+0	1.000000E+0	-15.804589E+0	17.531097E+0	424.983025E-3	436.721325E-3
41.700000E+0	1.000000E+0	-15.800110E+0	17.560375E+0	425.876617E-3	437.671661E-3
41.800000E+0	1.000000E+0	-15.797112E+0	17.610168E+0	427.133560E-3	438.864946E-3
41.900000E+0	1.000000E+0	-15.793675E+0	17.657310E+0	428.151369E-3	439.942598E-3
42.000000E+0	1.000000E+0	-15.791360E+0	17.687470E+0	428.962708E-3	440.779924E-3
42.100000E+0	1.000000E+0	-15.788698E+0	17.729670E+0	430.046797E-3	441.968679E-3
42.200000E+0	1.000000E+0	-15.783474E+0	17.771733E+0	431.025267E-3	442.855358E-3
42.300000E+0	1.000000E+0	-15.781132E+0	17.816311E+0	432.119608E-3	443.966866E-3
42.400000E+0	1.000000E+0	-15.779022E+0	17.852473E+0	433.233261E-3	444.953203E-3
42.500000E+0	1.000000E+0	-15.776029E+0	17.896539E+0	434.186220E-3	445.977211E-3
42.600000E+0	1.000000E+0	-15.773216E+0	17.936069E+0	435.169220E-3	446.971178E-3
42.700000E+0	1.000000E+0	-15.770427E+0	17.973679E+0	436.211109E-3	448.027611E-3
42.800000E+0	1.000000E+0	-15.767861E+0	18.013418E+0	437.040806E-3	449.033260E-3
42.900000E+0	1.000000E+0	-15.763450E+0	18.059939E+0	438.290358E-3	450.052977E-3
43.000000E+0	1.000000E+0	-15.762204E+0	18.101078E+0	439.324141E-3	451.210022E-3
43.100000E+0	1.000000E+0	-15.759176E+0	18.134046E+0	440.226793E-3	452.251434E-3
43.200000E+0	1.000000E+0	-15.754414E+0	18.175840E+0	441.191912E-3	453.142643E-3
43.300000E+0	1.000000E+0	-15.752194E+0	18.220097E+0	442.227602E-3	454.178810E-3
43.400000E+0	1.000000E+0	-15.748772E+0	18.257934E+0	443.260431E-3	455.331326E-3
43.500000E+0	1.000000E+0	-15.746808E+0	18.297225E+0	444.212437E-3	456.285477E-3
43.600000E+0	1.000000E+0	-15.744636E+0	18.346494E+0	445.080280E-3	457.184792E-3
43.700000E+0	1.000000E+0	-15.739444E+0	18.373549E+0	446.187258E-3	458.260536E-3
43.800000E+0	1.000000E+0	-15.737394E+0	18.416756E+0	447.360754E-3	459.280491E-3
43.900000E+0	1.000000E+0	-15.734756E+0	18.461859E+0	448.278666E-3	460.365534E-3
44.000000E+0	1.000000E+0	-15.732023E+0	18.501037E+0	449.236631E-3	461.307287E-3
44.100000E+0	1.000000E+0	-15.727890E+0	18.533844E+0	450.223207E-3	462.337971E-3
44.200000E+0	1.000000E+0	-15.725008E+0	18.575114E+0	451.193810E-3	463.178635E-3
44.300000E+0	1.000000E+0	-15.721518E+0	18.622380E+0	452.255726E-3	464.372635E-3
44.400000E+0	1.000000E+0	-15.717867E+0	18.662214E+0	453.402042E-3	465.538263E-3
44.500000E+0	1.000000E+0	-15.716040E+0	18.706292E+0	454.428434E-3	466.571808E-3
44.600000E+0	1.000000E+0	-15.711209E+0	18.738252E+0	455.198050E-3	467.427492E-3
44.700000E+0	1.000000E+0	-15.710175E+0	18.772328E+0	456.248283E-3	468.462467E-3
44.800000E+0	1.000000E+0	-15.707317E+0	18.820465E+0	457.359552E-3	469.550848E-3
44.900000E+0	1.000000E+0	-15.704346E+0	18.866712E+0	458.347321E-3	470.535040E-3
45.000000E+0	1.000000E+0	-15.699917E+0	18.898529E+0	459.397554E-3	471.474409E-3
45.100000E+0	1.000000E+0	-15.697670E+0	18.941689E+0	460.232735E-3	472.641230E-3
45.200000E+0	1.000000E+0	-15.695212E+0	18.982869E+0	461.339712E-3	473.517656E-3
45.300000E+0	1.000000E+0	-15.692747E+0	19.023567E+0	462.280035E-3	474.646568E-3
45.400000E+0	1.000000E+0	-15.689457E+0	19.063407E+0	463.354349E-3	475.697041E-3
45.500000E+0	1.000000E+0	-15.685976E+0	19.098359E+0	464.362621E-3	476.697445E-3
45.600000E+0	1.000000E+0	-15.683231E+0	19.137573E+0	465.184212E-3	477.526426E-3
45.700000E+0	1.000000E+0	-15.679792E+0	19.181085E+0	466.246843E-3	478.598356E-3
45.800000E+0	1.000000E+0	-15.677479E+0	19.218004E+0	467.271805E-3	479.674578E-3
45.900000E+0	1.000000E+0	-15.675605E+0	19.262892E+0	468.266249E-3	480.663061E-3
46.000000E+0	1.000000E+0	-15.670961E+0	19.304985E+0	469.295502E-3	481.763840E-3
46.100000E+0	1.000000E+0	-15.668211E+0	19.339627E+0	470.404387E-3	482.839108E-3
46.200000E+0	1.000000E+0	-15.665874E+0	19.379985E+0	471.296549E-3	483.742952E-3
46.300000E+0	1.000000E+0	-15.663725E+0	19.429570E+0	472.418547E-3	484.896421E-3
46.400000E+0	1.000000E+0	-15.658483E+0	19.463140E+0	473.491669E-3	485.896349E-3
46.500000E+0	1.000000E+0	-15.654895E+0	19.506925E+0	474.408865E-3	487.011671E-3
46.600000E+0	1.000000E+0	-15.653444E+0	19.548434E+0	475.364923E-3	487.896919E-3
46.700000E+0	1.000000E+0	-15.649939E+0	19.581532E+0	476.348400E-3	488.960981E-3
46.800000E+0	1.000000E+0	-15.647251E+0	19.615316E+0	477.328777E-3	489.796877E-3
46.900000E+0	1.000000E+0	-15.643946E+0	19.674104E+0	478.384733E-3	490.907192E-3
47.000000E+0	1.000000E+0	-15.642217E+0	19.707108E+0	479.489803E-3	491.959333E-3
47.100000E+0	1.000000E+0	-15.637213E+0	19.740683E+0	480.492592E-3	493.008614E-3
47.200000E+0	1.000000E+0	-15.636042E+0	19.786710E+0	481.445551E-3	494.051933E-3
47.300000E+0	1.000000E+0	-15.631402E+0	19.826609E+0	482.504606E-3	495.048285E-3
47.400000E+0	1.000000E+0	-15.630022E+0	19.867647E+0	483.579159E-3	496.286869E-3
47.500000E+0	1.000000E+0	-15.626857E+0	19.907284E+0	484.370947E-3	497.013807E-3
47.600000E+0	1.000000E+0	-15.624669E+0	19.949895E+0	485.469103E-3	498.120785E-3
47.700000E+0	1.000000E+0	-15.621096E+0	19.979590E+0	486.349106E-3	499.012947E-3
47.800000E+0	1.000000E+0	-15.617809E+0	20.026684E+0	487.408400E-3	500.130892E-3
47.900000E+0	1.000000E+0	-15.613565E+0	20.072448E+0	488.434792E-3	501.147985E-3
48.000000E+0	1.000000E+0	-15.612298E+0	20.108795E+0	489.404678E-3	502.256155E-3
48.100000E+0	1.000000E+0	-15.607748E+0	20.140183E+0	490.336657E-3	503.096342E-3
48.200000E+0	1.000000E+0	-15.605688E+0	20.182395E+0	491.344690E-3	504.113913E-3
48.300000E+0	1.000000E+0	-15.601802E+0	20.223701E+0	492.462873E-3	505.161524E-3
48.400000E+0	1.000000E+0	-15.599340E+0	20.268244E+0	493.562698E-3	506.335258E-3
48.500000E+0	1.000000E+0	-15.595526E+0	20.303327E+0	494.469881E-3	507.212877E-3
48.600000E+0	1.000000E+0	-15.593234E+0	20.341778E+0	495.329618E-3	508.095980E-3
48.700000E+0	1.000000E+0	-15.590835E+0	20.384735E+0	496.392250E-3	509.328365E-3
48.800000E+0	1.000000E+0	-15.588001E+0	20.435053E+0	497.782707E-3	510.621309E-3
48.900000E+0	1.000000E+0	-15.584094E+0	20.469654E+0	498.538971E-3	511.424303E-3
49.000000E+0	1.000000E+0	-15.582821E+0	20.508671E+0	499.521017E-3	512.403011E-3
49.100000E+0	1.000000E+0	-15.578726E+0	20.544344E+0	500.541925E-3	513.459682E-3
49.200000E+0	1.000000E+0	-15.574867E+0	20.588768E+0	501.501322E-3	514.433622E-3
49.300000E+0	1.000000E+0	-15.573076E+0	20.635992E+0	502.617359E-3	515.529633E-3
49.400000E+0	1.000000E+0	-15.569172E+0	20.667440E+0	503.551483E-3	516.588688E-3
49.500000E+0	1.000000E+0	-15.566844E+0	20.701474E+0	504.375935E-3	517.330170E-3
49.600000E+0	1.000000E+0	-15.564332E+0	20.753604E+0	505.585432E-3	518.371582E-3
49.700000E+0	1.000000E+0	-15.560746E+0	20.788854E+0	506.630421E-3	519.564867E-3
49.800000E+0	1.000000E+0	-15.557403E+0	20.826358E+0	507.645607E-3	520.553827E-3
49.900000E+0	1.000000E+0	-15.553177E+0	20.868415E+0	508.443356E-3	521.393061E-3
50.000000E+0	1.000000E+0	-15.551263E+0	20.909315E+0	509.587049E-3	522.535563E-3
50.100000E+0	1.000000E+0	-15.548387E+0	20.944005E+0	510.596514E-3	523.573399E-3
50.200000E+0	1.000000E+0	-15.545133E+0	20.988399E+0	511.604309E-3	524.589777E-3
50.300000E+0	1.000000E+0	-15.542346E+0	21.030772E+0	512.546539E-3	525.639057E-3
50.400000E+0	1.000000E+0	-15.539557E+0	21.066380E+0	513.627768E-3	526.748896E-3
50.500000E+0	1.000000E+0	-15.535501E+0	21.107388E+0	514.609814E-3	527.552128E-3
50.600000E+0	1.000000E+0	-15.534002E+0	21.152043E+0	515.642643E-3	528.632402E-3
50.700000E+0	1.000000E+0	-15.529278E+0	21.180528E+0	516.526937E-3	529.567719E-3
50.800000E+0	1.000000E+0	-15.526974E+0	21.229678E+0	517.680168E-3	530.779839E-3
50.900000E+0	1.000000E+0	-15.524337E+0	21.270972E+0	518.614054E-3	531.702518E-3
51.000000E+0	1.000000E+0	-15.520632E+0	21.304870E+0	519.554853E-3	532.716990E-3
51.100000E+0	1.000000E+0	-15.519870E+0	21.344584E+0	520.539045E-3	533.783674E-3
51.200000E+0	1.000000E+0	-15.514320E+0	21.388167E+0	521.653652E-3	534.649134E-3
51.300000E+0	1.000000E+0	-15.511719E+0	21.432906E+0	522.643328E-3	535.832405E-3
51.400000E+0	1.000000E+0	-15.508956E+0	21.468365E+0	523.664236E-3	536.881924E-3
51.500000E+0	1.000000E+0	-15.507433E+0	21.506792E+0	524.495125E-3	537.752390E-3
51.600000E+0	1.000000E+0	-15.504232E+0	21.547401E+0	525.531054E-3	538.648844E-3
51.700000E+0	1.000000E+0	-15.499675E+0	21.584237E+0	526.579142E-3	539.770126E-3
51.800000E+0	1.000000E+0	-15.497744E+0	21.625072E+0	527.682781E-3	540.903807E-3
51.900000E+0	1.000000E+0	-15.494210E+0	21.668178E+0	528.682709E-3	541.826487E-3
52.000000E+0	1.000000E+0	-15.491075E+0	21.708333E+0	529.628038E-3	542.955399E-3
52.100000E+0	1.000000E+0	-15.488479E+0	21.735781E+0	530.558348E-3	543.772221E-3
52.200000E+0	1.000000E+0	-15.484837E+0	21.790242E+0	531.812429E-3	544.988394E-3
52.300000E+0	1.000000E+0	-15.481574E+0	21.834463E+0	532.734871E-3	545.838356E-3
52.400000E+0	1.000000E+0	-15.479285E+0	21.867800E+0	533.741951E-3	547.051430E-3
52.500000E+0	1.000000E+0	-15.475157E+0	21.903563E+0	534.698486E-3	547.997713E-3
52.600000E+0	1.000000E+0	-15.473065E+0	21.949333E+0	535.622120E-3	548.935652E-3
52.700000E+0	1.000000E+0	-15.470481E+0	21.984023E+0	536.729813E-3	549.928904E-3
52.800000E+0	1.000000E+0	-15.466327E+0	22.025311E+0	537.674189E-3	551.124573E-3
52.900000E+0	1.000000E+0	-15.463868E+0	22.065783E+0	538.619041E-3	551.994562E-3
53.000000E+0	1.000000E+0	-15.462962E+0	22.107273E+0	539.584875E-3	553.031683E-3
53.100000E+0	1.000000E+0	-15.458220E+0	22.140646E+0	540.646315E-3	554.003477E-3
53.200000E+0	1.000000E+0	-15.456334E+0	22.192413E+0	541.694164E-3	555.217981E-3
53.300000E+0	1.000000E+0	-15.452850E+0	22.229886E+0	542.835474E-3	556.143045E-3
53.400000E+0	1.000000E+0	-15.448350E+0	22.259218E+0	543.649435E-3	557.083368E-3
53.500000E+0	1.000000E+0	-15.445811E+0	22.304147E+0	544.617414E-3	558.114290E-3
53.600000E+0	1.000000E+0	-15.442559E+0	22.339779E+0	545.666933E-3	559.064150E-3
53.700000E+0	1.000000E+0	-15.441245E+0	22.386289E+0	546.807289E-3	560.266733E-3
53.800000E+0	1.000000E+0	-15.437097E+0	22.427070E+0	547.805071E-3	561.052799E-3
53.900000E+0	1.000000E+0	-15.433482E+0	22.466421E+0	548.831701E-3	562.233448E-3
54.000000E+0	1.000000E+0	-15.431509E+0	22.506672E+0	549.696207E-3	563.172817E-3
54.100000E+0	1.000000E+0	-15.428069E+0	22.540587E+0	550.616264E-3	564.152002E-3
54.200000E+0	1.000000E+0	-15.425027E+0	22.587425E+0	551.744938E-3	565.310001E-3
54.300000E+0	1.000000E+0	-15.422812E+0	22.629142E+0	552.845716E-3	566.411495E-3
54.400000E+0	1.000000E+0	-15.419203E+0	22.664237E+0	553.796291E-3	567.321539E-3
54.500000E+0	1.000000E+0	-15.417290E+0	22.699112E+0	554.629326E-3	568.289518E-3
54.600000E+0	1.000000E+0	-15.413910E+0	22.739881E+0	555.623531E-3	569.235325E-3
54.700000E+0	1.000000E+0	-15.409371E+0	22.783643E+0	556.747198E-3	570.235014E-3
54.800000E+0	1.000000E+0	-15.406430E+0	22.824425E+0	557.789326E-3	571.304560E-3
54.900000E+0	1.000000E+0	-15.404308E+0	22.865397E+0	558.758020E-3	572.445393E-3
55.000000E+0	1.000000E+0	-15.402389E+0	22.903496E+0	559.609890E-3	573.301077E-3
55.100000E+0	1.000000E+0	-15.399194E+0	22.936553E+0	560.554504E-3	574.290037E-3
55.200000E+0	1.000000E+0	-15.394965E+0	22.986841E+0	561.722279E-3	575.479746E-3
55.300000E+0	1.000000E+0	-15.392333E+0	23.029315E+0	562.832355E-3	576.522589E-3
55.400000E+0	1.000000E+0	-15.389338E+0	23.065710E+0	563.797474E-3	577.465773E-3
55.500000E+0	1.000000E+0	-15.385527E+0	23.097140E+0	564.763546E-3	578.422070E-3
55.600000E+0	1.000000E+0	-15.382952E+0	23.142350E+0	565.576792E-3	579.277754E-3
55.700000E+0	1.000000E+0	-15.380863E+0	23.181409E+0	566.718578E-3	580.575228E-3
55.800000E+0	1.000000E+0	-15.377993E+0	23.220825E+0	567.815781E-3	581.508875E-3
55.900000E+0	1.000000E+0	-15.374762E+0	23.265439E+0	568.768978E-3	582.418203E-3
56.000000E+0	1.000000E+0	-15.370950E+0	23.294973E+0	569.576263E-3	583.434582E-3
56.100000E+0	1.000000E+0	-15.368718E+0	23.330677E+0	570.643663E-3	584.324837E-3
56.200000E+0	1.000000E+0	-15.366096E+0	23.385245E+0	571.767330E-3	585.541964E-3
56.300000E+0	1.000000E+0	-15.361580E+0	23.421144E+0	572.705269E-3	586.518764E-3
56.400000E+0	1.000000E+0	-15.358892E+0	23.452818E+0	573.688507E-3	587.441444E-3
56.500000E+0	1.000000E+0	-15.357244E+0	23.494381E+0	574.519634E-3	588.440180E-3
56.600000E+0	1.000000E+0	-15.354264E+0	23.536754E+0	575.639486E-3	589.466333E-3
56.700000E+0	1.000000E+0	-15.351081E+0	23.576117E+0	576.668262E-3	590.455770E-3
56.800000E+0	1.000000E+0	-15.346727E+0	23.620039E+0	577.764034E-3	591.733456E-3
56.900000E+0	1.000000E+0	-15.343368E+0	23.660141E+0	578.720331E-3	592.597008E-3
57.000000E+0	1.000000E+0	-15.341050E+0	23.697925E+0	579.654694E-3	593.533278E-3
57.100000E+0	1.000000E+0	-15.338335E+0	23.741382E+0	580.971241E-3	594.693422E-3
57.200000E+0	1.000000E+0	-15.334863E+0	23.777860E+0	581.823111E-3	595.681667E-3
57.300000E+0	1.000000E+0	-15.334341E+0	23.818004E+0	582.729101E-3	596.617699E-3
57.400000E+0	1.000000E+0	-15.328393E+0	23.849910E+0	583.644390E-3	597.569704E-3
57.500000E+0	1.000000E+0	-15.327150E+0	23.892313E+0	584.729195E-3	598.654270E-3
57.600000E+0	1.000000E+0	-15.323293E+0	23.937708E+0	585.559607E-3	599.675655E-3
57.700000E+0	1.000000E+0	-15.322671E+0	23.974836E+0	586.696863E-3	600.749016E-3
57.800000E+0	1.000000E+0	-15.317258E+0	24.009371E+0	587.699890E-3	601.737261E-3
57.900000E+0	1.000000E+0	-15.314624E+0	24.055153E+0	588.721514E-3	602.809668E-3
58.000000E+0	1.000000E+0	-15.312100E+0	24.092358E+0	589.581251E-3	603.623152E-3
58.100000E+0	1.000000E+0	-15.307451E+0	24.127984E+0	590.679169E-3	604.658365E-3
58.200000E+0	1.000000E+0	-15.302083E+0	24.165136E+0	591.533184E-3	605.714560E-3
58.300000E+0	1.000000E+0	-15.301633E+0	24.214393E+0	592.674255E-3	606.838942E-3
58.400000E+0	1.000000E+0	-15.299908E+0	24.248934E+0	593.742847E-3	607.750893E-3
58.500000E+0	1.000000E+0	-15.295759E+0	24.288750E+0	594.662905E-3	608.697891E-3
58.600000E+0	1.000000E+0	-15.291962E+0	24.329370E+0	595.446587E-3	609.711170E-3
58.700000E+0	1.000000E+0	-15.290645E+0	24.365848E+0	596.659422E-3	610.830069E-3
58.800000E+0	1.000000E+0	-15.287250E+0	24.408466E+0	597.693920E-3	611.927986E-3
58.900000E+0	1.000000E+0	-15.285510E+0	24.449778E+0	598.740816E-3	612.787247E-3
59.000000E+0	1.000000E+0	-15.283838E+0	24.489224E+0	599.543810E-3	613.757133E-3
59.100000E+0	1.000000E+0	-15.276945E+0	24.518812E+0	600.629807E-3	614.749670E-3
59.200000E+0	1.000000E+0	-15.274838E+0	24.572217E+0	601.734400E-3	615.971565E-3
59.300000E+0	1.000000E+0	-15.272218E+0	24.611080E+0	602.773428E-3	616.888523E-3
59.400000E+0	1.000000E+0	-15.267673E+0	24.641961E+0	603.634357E-3	617.982626E-3
59.500000E+0	1.000000E+0	-15.266180E+0	24.683607E+0	604.592323E-3	618.838310E-3
59.600000E+0	1.000000E+0	-15.262878E+0	24.726403E+0	605.552673E-3	619.776487E-3
59.700000E+0	1.000000E+0	-15.260440E+0	24.764365E+0	606.600046E-3	620.957375E-3
59.800000E+0	1.000000E+0	-15.257263E+0	24.798810E+0	607.568502E-3	621.863127E-3
59.900000E+0	1.000000E+0	-15.253937E+0	24.846888E+0	608.460665E-3	622.880459E-3
60.000000E+0	1.000000E+0	-15.251318E+0	24.879080E+0	609.475613E-3	623.766899E-3
60.100000E+0	1.000000E+0	-15.248025E+0	24.917644E+0	610.554934E-3	624.879360E-3
60.200000E+0	1.000000E+0	-15.245483E+0	24.965119E+0	611.699820E-3	626.048088E-3
60.300000E+0	1.000000E+0	-15.242210E+0	25.002092E+0	612.498283E-3	626.907587E-3
60.400000E+0	1.000000E+0	-15.237814E+0	25.036997E+0	613.575459E-3	627.866983E-3
60.500000E+0	1.000000E+0	-15.236309E+0	25.075161E+0	614.531755E-3	628.886700E-3
60.600000E+0	1.000000E+0	-15.231738E+0	25.118852E+0	615.544558E-3	629.889727E-3
60.700000E+0	1.000000E+0	-15.229660E+0	25.163382E+0	616.708517E-3	631.154537E-3
60.800000E+0	1.000000E+0	-15.226984E+0	25.192732E+0	617.476225E-3	632.038593E-3
60.900000E+0	1.000000E+0	-15.222737E+0	25.236011E+0	618.557692E-3	632.929802E-3
61.000000E+0	1.000000E+0	-15.221042E+0	25.271672E+0	619.360447E-3	633.909702E-3
61.100000E+0	1.000000E+0	-15.217528E+0	25.312436E+0	620.524883E-3	635.053396E-3
61.200000E+0	1.000000E+0	-15.214762E+0	25.355113E+0	621.604681E-3	635.970592E-3
61.300000E+0	1.000000E+0	-15.212018E+0	25.398022E+0	622.498512E-3	637.013435E-3
61.400000E+0	1.000000E+0	-15.211088E+0	25.428033E+0	623.404741E-3	637.966394E-3
61.500000E+0	1.000000E+0	-15.206826E+0	25.462079E+0	624.330997E-3	638.779402E-3
61.600000E+0	1.000000E+0	-15.203610E+0	25.512940E+0	625.376701E-3	639.924765E-3
61.700000E+0	1.000000E+0	-15.201280E+0	25.541615E+0	626.383305E-3	640.889883E-3
61.800000E+0	1.000000E+0	-15.197584E+0	25.587493E+0	627.508879E-3	642.114878E-3
61.900000E+0	1.000000E+0	-15.193558E+0	25.633079E+0	628.291130E-3	643.025875E-3
62.000000E+0	1.000000E+0	-15.191815E+0	25.667846E+0	629.366636E-3	643.958092E-3
62.100000E+0	1.000000E+0	-15.188495E+0	25.701308E+0	630.478859E-3	645.055771E-3
62.200000E+0	1.000000E+0	-15.186131E+0	25.751776E+0	631.363630E-3	646.088600E-3
62.300000E+0	1.000000E+0	-15.182147E+0	25.789434E+0	632.438421E-3	647.089005E-3
62.400000E+0	1.000000E+0	-15.179917E+0	25.824177E+0	633.505583E-3	648.121595E-3
62.500000E+0	1.000000E+0	-15.176755E+0	25.864315E+0	634.318352E-3	648.969650E-3
62.600000E+0	1.000000E+0	-15.173388E+0	25.902420E+0	635.303974E-3	650.010586E-3
62.700000E+0	1.000000E+0	-15.170241E+0	25.938338E+0	636.278868E-3	651.117563E-3
62.800000E+0	1.000000E+0	-15.166426E+0	25.986403E+0	637.386084E-3	652.108908E-3
62.900000E+0	1.000000E+0	-15.165135E+0	26.023591E+0	638.340235E-3	652.972937E-3
63.000000E+0	1.000000E+0	-15.162075E+0	26.058459E+0	639.209747E-3	654.010773E-3
63.100000E+0	1.000000E+0	-15.159485E+0	26.095611E+0	640.275478E-3	655.099154E-3
63.200000E+0	1.000000E+0	-15.155703E+0	26.146185E+0	641.271353E-3	656.124115E-3
63.300000E+0	1.000000E+0	-15.153611E+0	26.181418E+0	642.329693E-3	657.071114E-3
63.400000E+0	1.000000E+0	-15.148837E+0	26.217681E+0	643.296719E-3	658.094883E-3
63.500000E+0	1.000000E+0	-15.145588E+0	26.252544E+0	644.192696E-3	659.091473E-3
63.600000E+0	1.000000E+0	-15.144375E+0	26.298743E+0	645.151138E-3	660.037041E-3
63.700000E+0	1.000000E+0	-15.141079E+0	26.333064E+0	646.245241E-3	661.065578E-3
63.800000E+0	1.000000E+0	-15.137550E+0	26.369035E+0	647.249222E-3	662.059784E-3
63.900000E+0	1.000000E+0	-15.135390E+0	26.408017E+0	647.943735E-3	662.927389E-3
64.000000E+0	1.000000E+0	-15.129918E+0	26.450527E+0	649.270535E-3	664.055347E-3
64.100000E+0	1.000000E+0	-15.129361E+0	26.487201E+0	650.339842E-3	665.149212E-3
64.200000E+0	1.000000E+0	-15.125954E+0	26.532495E+0	651.285887E-3	666.111231E-3
64.300000E+0	1.000000E+0	-15.122503E+0	26.574910E+0	652.141333E-3	667.050838E-3
64.400000E+0	1.000000E+0	-15.120471E+0	26.601279E+0	653.053284E-3	668.031693E-3
64.500000E+0	1.000000E+0	-15.116838E+0	26.638985E+0	654.091835E-3	668.941975E-3
64.600000E+0	1.000000E+0	-15.113244E+0	26.689982E+0	655.111551E-3	670.174599E-3
64.700000E+0	1.000000E+0	-15.109992E+0	26.726288E+0	656.171322E-3	671.222210E-3
64.800000E+0	1.000000E+0	-15.105814E+0	26.757663E+0	657.132626E-3	671.994448E-3
64.900000E+0	1.000000E+0	-15.104255E+0	26.805359E+0	658.028126E-3	672.904253E-3
65.000000E+0	1.000000E+0	-15.100390E+0	26.842058E+0	659.039497E-3	674.042940E-3
65.100000E+0	1.000000E+0	-15.098676E+0	26.876402E+0	660.041094E-3	675.059319E-3
65.200000E+0	1.000000E+0	-15.094215E+0	26.921266E+0	661.034107E-3	676.033974E-3
65.300000E+0	1.000000E+0	-15.092373E+0	26.954401E+0	661.953211E-3	676.865339E-3
65.400000E+0	1.000000E+0	-15.088475E+0	26.989895E+0	662.936926E-3	678.031921E-3
65.500000E+0	1.000000E+0	-15.087190E+0	27.031952E+0	663.924456E-3	678.887844E-3
65.600000E+0	1.000000E+0	-15.084410E+0	27.073348E+0	664.974928E-3	679.911852E-3
65.700000E+0	1.000000E+0	-15.080697E+0	27.106214E+0	665.864468E-3	681.028843E-3
65.800000E+0	1.000000E+0	-15.076623E+0	27.150142E+0	667.024136E-3	682.102919E-3
65.900000E+0	1.000000E+0	-15.074235E+0	27.192622E+0	667.968035E-3	683.125257E-3
66.000000E+0	1.000000E+0	-15.071950E+0	27.223593E+0	668.879747E-3	683.996916E-3
66.100000E+0	1.000000E+0	-15.068266E+0	27.268279E+0	669.894934E-3	685.061455E-3
66.200000E+0	1.000000E+0	-15.066257E+0	27.307749E+0	670.943737E-3	686.018944E-3
66.300000E+0	1.000000E+0	-15.063039E+0	27.344197E+0	671.834946E-3	687.143326E-3
66.400000E+0	1.000000E+0	-15.059030E+0	27.377599E+0	672.701597E-3	687.862873E-3
66.500000E+0	1.000000E+0	-15.057022E+0	27.414584E+0	673.709154E-3	689.019918E-3
66.600000E+0	1.000000E+0	-15.053764E+0	27.462310E+0	674.685717E-3	689.998150E-3
66.700000E+0	1.000000E+0	-15.049279E+0	27.496135E+0	675.788879E-3	690.869093E-3
66.800000E+0	1.000000E+0	-15.047842E+0	27.532303E+0	676.719904E-3	691.940546E-3
66.900000E+0	1.000000E+0	-15.044245E+0	27.570802E+0	677.564859E-3	692.737103E-3
67.000000E+0	1.000000E+0	-15.040925E+0	27.611923E+0	678.675175E-3	693.889856E-3
67.100000E+0	1.000000E+0	-15.039727E+0	27.651733E+0	679.773331E-3	695.169449E-3
67.200000E+0	1.000000E+0	-15.035701E+0	27.696657E+0	680.703402E-3	696.012259E-3
67.300000E+0	1.000000E+0	-15.031588E+0	27.732360E+0	681.686878E-3	696.981192E-3
67.400000E+0	1.000000E+0	-15.028918E+0	27.757967E+0	682.414055E-3	697.687626E-3
67.500000E+0	1.000000E+0	-15.026310E+0	27.802032E+0	683.516979E-3	698.989868E-3
67.600000E+0	1.000000E+0	-15.023592E+0	27.850175E+0	684.503317E-3	699.798584E-3
67.700000E+0	1.000000E+0	-15.018955E+0	27.884680E+0	685.690403E-3	701.063871E-3
67.800000E+0	1.000000E+0	-15.017966E+0	27.918327E+0	686.499119E-3	701.840639E-3
67.900000E+0	1.000000E+0	-15.014124E+0	27.963418E+0	687.501431E-3	702.764511E-3
68.000000E+0	1.000000E+0	-15.013179E+0	27.996504E+0	688.300371E-3	703.833103E-3
68.100000E+0	1.000000E+0	-15.009877E+0	28.033358E+0	689.394712E-3	704.878569E-3
68.200000E+0	1.000000E+0	-15.006519E+0	28.078902E+0	690.288544E-3	705.859423E-3
68.300000E+0	1.000000E+0	-15.002436E+0	28.108376E+0	691.284657E-3	706.795454E-3
68.400000E+0	1.000000E+0	-14.999429E+0	28.147501E+0	692.518950E-3	707.760096E-3
68.500000E+0	1.000000E+0	-14.995927E+0	28.189588E+0	693.351746E-3	708.863497E-3
68.600000E+0	1.000000E+0	-14.994398E+0	28.227496E+0	694.272280E-3	709.781647E-3
68.700000E+0	1.000000E+0	-14.991114E+0	28.258198E+0	695.282459E-3	710.711956E-3
68.800000E+0	1.000000E+0	-14.987993E+0	28.303909E+0	696.218967E-3	711.771250E-3
68.900000E+0	1.000000E+0	-14.984471E+0	28.341281E+0	697.145700E-3	712.707281E-3
69.000000E+0	1.000000E+0	-14.981160E+0	28.373486E+0	698.205233E-3	713.640451E-3
69.100000E+0	1.000000E+0	-14.977837E+0	28.417522E+0	699.180841E-3	714.749336E-3
69.200000E+0	1.000000E+0	-14.975262E+0	28.452313E+0	699.995995E-3	715.572357E-3
69.300000E+0	1.000000E+0	-14.972222E+0	28.493196E+0	701.078415E-3	716.613531E-3
69.400000E+0	1.000000E+0	-14.969471E+0	28.522241E+0	701.835155E-3	717.481136E-3
69.500000E+0	1.000000E+0	-14.967638E+0	28.568089E+0	702.951193E-3	718.519926E-3
69.600000E+0	1.000000E+0	-14.964015E+0	28.601134E+0	703.820467E-3	719.585657E-3
69.700000E+0	1.000000E+0	-14.960200E+0	28.640604E+0	704.833984E-3	720.509052E-3
69.800000E+0	1.000000E+0	-14.957807E+0	28.676581E+0	705.880642E-3	721.533537E-3
69.900000E+0	1.000000E+0	-14.953777E+0	28.717935E+0	706.769943E-3	722.324848E-3
70.000000E+0	1.000000E+0	-14.951709E+0	28.753304E+0	707.750082E-3	723.524809E-3
70.100000E+0	1.000000E+0	-14.948750E+0	28.792572E+0	708.766699E-3	724.509239E-3
70.200000E+0	1.000000E+0	-14.945641E+0	28.834391E+0	709.742308E-3	725.456715E-3
70.300000E+0	1.000000E+0	-14.943391E+0	28.870797E+0	710.599422E-3	726.510525E-3
70.400000E+0	1.000000E+0	-14.940325E+0	28.900194E+0	711.686850E-3	727.378607E-3
70.500000E+0	1.000000E+0	-14.937201E+0	28.945512E+0	712.569714E-3	728.352308E-3
70.600000E+0	1.000000E+0	-14.934877E+0	28.984916E+0	713.578224E-3	729.352474E-3
70.700000E+0	1.000000E+0	-14.931360E+0	29.023135E+0	714.618683E-3	730.453253E-3
70.800000E+0	1.000000E+0	-14.927340E+0	29.055643E+0	715.598822E-3	731.269836E-3
70.900000E+0	1.000000E+0	-14.923862E+0	29.100156E+0	716.448545E-3	732.206106E-3
71.000000E+0	1.000000E+0	-14.919758E+0	29.132706E+0	717.502117E-3	733.279467E-3
71.100000E+0	1.000000E+0	-14.919490E+0	29.176432E+0	718.714476E-3	734.341383E-3
71.200000E+0	1.000000E+0	-14.915645E+0	29.218352E+0	719.604731E-3	735.319853E-3
71.300000E+0	1.000000E+0	-14.913616E+0	29.248929E+0	720.505476E-3	736.281157E-3
71.400000E+0	1.000000E+0	-14.908275E+0	29.277283E+0	721.152782E-3	737.046480E-3
71.500000E+0	1.000000E+0	-14.906493E+0	29.321522E+0	722.187281E-3	738.117218E-3
71.600000E+0	1.000000E+0	-14.903724E+0	29.361016E+0	723.323584E-3	739.129305E-3
71.700000E+0	1.000000E+0	-14.899981E+0	29.392380E+0	724.147081E-3	740.160227E-3
71.800000E+0	1.000000E+0	-14.895821E+0	29.429907E+0	725.169897E-3	741.003036E-3
71.900000E+0	1.000000E+0	-14.894098E+0	29.472446E+0	726.094007E-3	741.959572E-3
72.000000E+0	2.000000E+0	-14.892113E+0	29.489934E+0	726.863623E-3	742.694855E-3
72.100000E+0	2.000000E+0	-14.892885E+0	29.499912E+0	727.095366E-3	742.887497E-3
72.200000E+0	2.000000E+0	-14.892650E+0	29.461104E+0	725.921869E-3	741.835833E-3
72.300000E+0	2.000000E+0	-14.936814E+0	28.815097E+0	710.662842E-3	726.367474E-3
72.400000E+0	2.000000E+0	-14.978460E+0	28.228855E+0	696.485043E-3	711.943865E-3
72.500000E+0	2.000000E+0	-15.017531E+0	27.640313E+0	682.209492E-3	697.570086E-3
72.600000E+0	2.000000E+0	-15.058360E+0	27.046269E+0	668.040037E-3	683.317423E-3
72.700000E+0	2.000000E+0	-15.100208E+0	26.460123E+0	653.745651E-3	668.833971E-3
72.800000E+0	2.000000E+0	-15.141559E+0	25.871044E+0	639.544964E-3	654.341459E-3
72.900000E+0	2.000000E+0	-15.182641E+0	25.280565E+0	625.226259E-3	639.877796E-3
73.000000E+0	2.000000E+0	-15.223390E+0	24.692607E+0	610.854387E-3	625.481367E-3
73.100000E+0	2.000000E+0	-15.265185E+0	24.102432E+0	596.586943E-3	611.001015E-3
73.200000E+0	2.000000E+0	-15.306911E+0	23.514014E+0	582.268715E-3	596.439362E-3
73.300000E+0	2.000000E+0	-15.347159E+0	22.923779E+0	567.735910E-3	581.887007E-3
73.400000E+0	2.000000E+0	-15.391323E+0	22.330427E+0	553.465128E-3	567.337275E-3
73.500000E+0	2.000000E+0	-15.430832E+0	21.741849E+0	539.041996E-3	552.790403E-3
73.600000E+0	2.000000E+0	-15.473622E+0	21.155512E+0	524.694204E-3	538.146734E-3
73.700000E+0	2.000000E+0	-15.515092E+0	20.559371E+0	510.325432E-3	523.703575E-3
73.800000E+0	2.000000E+0	-15.557775E+0	19.970256E+0	495.710373E-3	508.978367E-3
73.900000E+0	2.000000E+0	-15.599022E+0	19.382125E+0	481.434107E-3	494.412184E-3
74.000000E+0	2.000000E+0	-15.642700E+0	18.790621E+0	466.878414E-3	479.830027E-3
74.100000E+0	2.000000E+0	-15.685824E+0	18.199384E+0	452.498674E-3	465.160608E-3
74.200000E+0	2.000000E+0	-15.727404E+0	17.614269E+0	438.028574E-3	450.520992E-3
74.300000E+0	2.000000E+0	-15.770400E+0	17.021668E+0	423.533678E-3	435.829163E-3
74.400000E+0	2.000000E+0	-15.813169E+0	16.430527E+0	409.039736E-3	421.269417E-3
74.500000E+0	2.000000E+0	-15.853420E+0	15.844804E+0	394.689560E-3	406.454325E-3
74.600000E+0	2.000000E+0	-15.896845E+0	15.250790E+0	380.286694E-3	391.774654E-3
74.700000E+0	2.000000E+0	-15.941403E+0	14.655858E+0	365.695715E-3	377.123117E-3
74.800000E+0	2.000000E+0	-15.982527E+0	14.073247E+0	351.122379E-3	362.396002E-3
74.900000E+0	2.000000E+0	-16.025591E+0	13.476270E+0	336.758375E-3	347.646952E-3
75.000000E+0	2.000000E+0	-16.069454E+0	12.884647E+0	322.095394E-3	332.895279E-3
75.100000E+0	2.000000E+0	-16.109133E+0	12.297112E+0	307.728529E-3	318.302155E-3
75.200000E+0	2.000000E+0	-16.153276E+0	11.705178E+0	293.207645E-3	303.508997E-3
75.300000E+0	2.000000E+0	-16.196719E+0	11.114073E+0	278.694391E-3	288.756847E-3
75.400000E+0	2.000000E+0	-16.239983E+0	10.522133E+0	264.113903E-3	273.923874E-3
75.500000E+0	2.000000E+0	-16.282898E+0	9.937036E+0	249.674559E-3	259.100199E-3
75.600000E+0	2.000000E+0	-16.325152E+0	9.344012E+0	235.240459E-3	244.318962E-3
75.700000E+0	2.000000E+0	-16.369838E+0	8.755392E+0	220.787287E-3	229.651928E-3
75.800000E+0	2.000000E+0	-16.412941E+0	8.163708E+0	206.190825E-3	214.845181E-3
75.900000E+0	2.000000E+0	-16.455594E+0	7.574505E+0	191.707373E-3	200.057983E-3
76.000000E+0	2.000000E+0	-16.497004E+0	6.981671E+0	177.308083E-3	185.254812E-3
76.100000E+0	2.000000E+0	-16.542030E+0	6.393105E+0	162.799835E-3	170.393944E-3
76.200000E+0	2.000000E+0	-16.584730E+0	5.802250E+0	148.392916E-3	155.595779E-3
76.300000E+0	2.000000E+0	-16.627503E+0	5.210572E+0	133.922100E-3	140.906334E-3
76.400000E+0	2.000000E+0	-16.671494E+0	4.622781E+0	119.570255E-3	125.952721E-3
76.500000E+0	2.000000E+0	-16.714645E+0	4.031968E+0	105.054379E-3	111.103535E-3
76.600000E+0	2.000000E+0	-16.759455E+0	3.441072E+0	90.694427E-3	96.091509E-3
76.700000E+0	2.000000E+0	-16.801238E+0	2.853453E+0	76.251030E-3	81.353664E-3
76.800000E+0	2.000000E+0	-16.844309E+0	2.261966E+0	61.842203E-3	66.364050E-3
76.900000E+0	2.000000E+0	-16.887975E+0	1.676792E+0	47.669411E-3	51.471472E-3
77.000000E+0	2.000000E+0	-16.932020E+0	1.079184E+0	33.296347E-3	36.322355E-3
77.100000E+0	2.000000E+0	-16.977728E+0	492.912531E-3	19.190311E-3	21.365643E-3
77.200000E+0	2.000000E+0	-17.014244E+0	9.214878E-3	7.288218E-3	8.715153E-3
77.300000E+0	2.000000E+0	-17.014587E+0	6.419420E-3	6.858826E-3	8.356571E-3
77.400000E+0	2.000000E+0	-17.014858E+0	602.006912E-6	6.721497E-3	8.078575E-3
77.500000E+0	2.000000E+0	-17.017550E+0	12.648106E-3	6.406784E-3	7.629156E-3
77.600000E+0	2.000000E+0	-17.015726E+0	11.485815E-3	6.237268E-3	7.493496E-3
77.700000E+0	2.000000E+0	-17.016503E+0	11.920929E-6	6.025076E-3	7.301807E-3
77.800000E+0	2.000000E+0	-17.018935E+0	8.404255E-3	5.950451E-3	7.088423E-3
77.900000E+0	2.000000E+0	-17.019543E+0	8.821487E-3	5.697727E-3	6.957293E-3
78.000000E+0	2.000000E+0	-17.019046E+0	2.819300E-3	5.656481E-3	6.866217E-3
78.100000E+0	2.000000E+0	-17.021463E+0	3.832579E-3	5.548954E-3	6.644964E-3
78.200000E+0	2.000000E+0	-17.020777E+0	6.842613E-3	5.258799E-3	6.463051E-3
78.300000E+0	2.000000E+0	-17.020658E+0	3.910065E-3	5.298853E-3	6.326437E-3
78.400000E+0	2.000000E+0	-17.021144E+0	1.209974E-3	5.395412E-3	6.383419E-3
78.500000E+0	2.000000E+0	-17.021337E+0	6.824732E-3	5.170345E-3	6.180763E-3
78.600000E+0	2.000000E+0	-17.022261E+0	6.335974E-3	5.082607E-3	6.050587E-3
78.700000E+0	2.000000E+0	-17.023164E+0	3.403425E-3	5.030632E-3	6.070137E-3
78.800000E+0	2.000000E+0	-17.022598E+0	3.665686E-3	4.924774E-3	5.969524E-3
78.900000E+0	2.000000E+0	-17.024926E+0	4.023314E-3	4.852057E-3	5.900383E-3
79.000000E+0	2.000000E+0	-17.024231E+0	5.120039E-3	4.855871E-3	5.840302E-3
79.100000E+0	2.000000E+0	-17.023957E+0	1.615286E-3	4.792213E-3	5.681276E-3
79.200000E+0	2.000000E+0	-17.025128E+0	4.547834E-3	4.750729E-3	5.788088E-3
79.300000E+0	2.000000E+0	-17.025781E+0	6.186962E-3	4.655361E-3	5.620718E-3
79.400000E+0	2.000000E+0	-17.025060E+0	-2.253056E-3	4.718542E-3	5.479574E-3
79.500000E+0	2.000000E+0	-17.025158E+0	3.325939E-3	4.517794E-3	5.399942E-3
79.600000E+0	2.000000E+0	-17.025513E+0	6.681681E-3	4.472971E-3	5.390644E-3
79.700000E+0	2.000000E+0	-17.025870E+0	-324.845314E-6	4.523993E-3	5.509615E-3
79.800000E+0	2.000000E+0	-17.026225E+0	1.639128E-3	4.519939E-3	5.413532E-3
79.900000E+0	2.000000E+0	-17.025146E+0	7.647276E-3	4.426479E-3	5.284786E-3
80.000000E+0	2.000000E+0	-17.026183E+0	-3.197789E-3	4.408360E-3	5.329609E-3
80.100000E+0	2.000000E+0	-17.026717E+0	-4.774332E-3	4.296064E-3	5.254507E-3
80.200000E+0	2.000000E+0	-17.027000E+0	12.278557E-3	4.279852E-3	5.188227E-3
80.300000E+0	2.000000E+0	-17.026270E+0	3.862381E-3	4.269361E-3	5.192995E-3
80.400000E+0	2.000000E+0	-17.026270E+0	-4.690886E-3	4.297495E-3	5.118370E-3
80.500000E+0	2.000000E+0	-17.025554E+0	4.255772E-3	4.215002E-3	5.115986E-3
80.600000E+0	2.000000E+0	-17.025739E+0	4.094839E-3	4.230738E-3	4.926205E-3
80.700000E+0	2.000000E+0	-17.027849E+0	-5.120039E-3	4.181147E-3	4.928589E-3
80.800000E+0	2.000000E+0	-17.026401E+0	4.112720E-3	4.153490E-3	4.942179E-3
80.900000E+0	2.000000E+0	-17.027205E+0	6.181002E-3	4.086256E-3	4.874229E-3
81.000000E+0	2.000000E+0	-17.027855E+0	-4.807115E-3	4.035473E-3	4.928350E-3
81.100000E+0	2.000000E+0	-17.027137E+0	435.113907E-6	4.099131E-3	4.868507E-3
81.200000E+0	2.000000E+0	-17.027682E+0	6.258488E-3	3.884554E-3	4.902601E-3
81.300000E+0	2.000000E+0	-17.028064E+0	602.006912E-6	3.973484E-3	4.849911E-3
81.400000E+0	2.000000E+0	-17.027581E+0	-828.504562E-6	3.928423E-3	4.841089E-3
81.500000E+0	2.000000E+0	-17.028117E+0	4.625320E-3	3.911257E-3	4.806042E-3
81.600000E+0	2.000000E+0	-17.028609E+0	2.706051E-3	3.956318E-3	4.864693E-3
81.700000E+0	2.000000E+0	-17.028937E+0	-2.434850E-3	3.926039E-3	4.792929E-3
81.800000E+0	3.000000E+0	-17.028705E+0	2.402067E-3	3.859758E-3	4.715681E-3
81.900000E+0	3.000000E+0	-17.027140E+0	14.609098E-3	4.128456E-3	4.941702E-3
82.000000E+0	3.000000E+0	-17.028201E+0	12.403727E-3	4.101038E-3	5.059719E-3
82.100000E+0	3.000000E+0	-17.028326E+0	11.569262E-3	4.202843E-3	5.080462E-3
82.200000E+0	3.000000E+0	-17.027253E+0	32.019615E-3	4.358053E-3	5.355597E-3
82.300000E+0	3.000000E+0	-17.023665E+0	74.642897E-3	5.425215E-3	6.363153E-3
82.400000E+0	3.000000E+0	-17.022169E+0	111.591816E-3	6.457806E-3	7.479668E-3
82.500000E+0	3.000000E+0	-17.018503E+0	156.867504E-3	7.211924E-3	8.383751E-3
82.600000E+0	3.000000E+0	-17.014441E+0	208.455324E-3	8.311272E-3	9.436131E-3
82.700000E+0	3.000000E+0	-17.011860E+0	245.940685E-3	9.450436E-3	10.724783E-3
82.800000E+0	3.000000E+0	-17.010710E+0	295.889378E-3	10.420084E-3	11.669874E-3
82.900000E+0	3.000000E+0	-17.006111E+0	346.553326E-3	11.403799E-3	12.871027E-3
83.000000E+0	3.000000E+0	-17.003551E+0	384.044647E-3	12.480021E-3	13.830185E-3
83.100000E+0	3.000000E+0	-17.001319E+0	420.033932E-3	13.397217E-3	14.887810E-3
83.200000E+0	3.000000E+0	-16.998166E+0	478.309393E-3	14.470577E-3	15.848875E-3
83.300000E+0	3.000000E+0	-16.995433E+0	516.688824E-3	15.464306E-3	17.067194E-3
83.400000E+0	3.000000E+0	-16.991535E+0	555.253029E-3	16.486883E-3	18.227100E-3
83.500000E+0	3.000000E+0	-16.988260E+0	607.186556E-3	17.449617E-3	19.312382E-3
83.600000E+0	3.000000E+0	-16.985461E+0	647.449493E-3	18.492222E-3	20.281792E-3
83.700000E+0	3.000000E+0	-16.982657E+0	696.086884E-3	19.786358E-3	21.556377E-3
83.800000E+0	3.000000E+0	-16.980085E+0	747.066736E-3	20.773888E-3	22.690058E-3
83.900000E+0	3.000000E+0	-16.976896E+0	794.136524E-3	21.767616E-3	23.670673E-3
84.000000E+0	3.000000E+0	-16.974131E+0	827.813148E-3	22.786856E-3	24.723768E-3
84.100000E+0	3.000000E+0	-16.970319E+0	877.451897E-3	23.743629E-3	25.907516E-3
84.200000E+0	3.000000E+0	-16.967795E+0	927.019119E-3	24.905682E-3	26.959896E-3
84.300000E+0	3.000000E+0	-16.964329E+0	971.198082E-3	26.131392E-3	28.129578E-3
84.400000E+0	3.000000E+0	-16.961462E+0	1.011926E+0	26.863813E-3	29.122591E-3
84.500000E+0	3.000000E+0	-16.957784E+0	1.061130E+0	27.860165E-3	30.226231E-3
84.600000E+0	3.000000E+0	-16.956336E+0	1.102710E+0	28.972864E-3	31.311989E-3
84.700000E+0	3.000000E+0	-16.952062E+0	1.149684E+0	30.132294E-3	32.628059E-3
84.800000E+0	3.000000E+0	-16.948685E+0	1.191407E+0	31.059742E-3	33.524036E-3
84.900000E+0	3.000000E+0	-16.947267E+0	1.237661E+0	32.075167E-3	34.614801E-3
85.000000E+0	3.000000E+0	-16.944313E+0	1.278639E+0	33.098459E-3	35.568237E-3
85.100000E+0	3.000000E+0	-16.941104E+0	1.322567E+0	34.113407E-3	36.630869E-3
85.200000E+0	3.000000E+0	-16.937778E+0	1.376021E+0	35.427094E-3	37.836075E-3
85.300000E+0	3.000000E+0	-16.935048E+0	1.422167E+0	36.371469E-3	38.989782E-3
85.400000E+0	3.000000E+0	-16.931826E+0	1.460904E+0	37.438154E-3	40.204048E-3
85.500000E+0	3.000000E+0	-16.929001E+0	1.506859E+0	38.383722E-3	41.156054E-3
85.600000E+0	3.000000E+0	-16.925866E+0	1.560897E+0	39.583683E-3	42.288065E-3
85.700000E+0	3.000000E+0	-16.924435E+0	1.597655E+0	40.444613E-3	43.321371E-3
85.800000E+0	3.000000E+0	-16.920534E+0	1.639688E+0	41.491032E-3	44.429779E-3
85.900000E+0	3.000000E+0	-16.917500E+0	1.687253E+0	42.422295E-3	45.494080E-3
86.000000E+0	3.000000E+0	-16.913870E+0	1.725674E+0	43.549299E-3	46.591997E-3
86.100000E+0	3.000000E+0	-16.911620E+0	1.771891E+0	44.594765E-3	47.778130E-3
86.200000E+0	3.000000E+0	-16.907862E+0	1.822191E+0	45.637369E-3	48.646927E-3
86.300000E+0	3.000000E+0	-16.905084E+0	1.867819E+0	46.719074E-3	49.839258E-3
86.400000E+0	3.000000E+0	-16.902375E+0	1.906961E+0	47.770023E-3	50.921440E-3
86.500000E+0	3.000000E+0	-16.898743E+0	1.950902E+0	48.611641E-3	51.945448E-3
86.600000E+0	3.000000E+0	-16.896260E+0	1.994407E+0	49.711943E-3	52.998781E-3
86.700000E+0	3.000000E+0	-16.892925E+0	2.034479E+0	50.818443E-3	54.036140E-3
86.800000E+0	3.000000E+0	-16.889894E+0	2.086091E+0	52.002907E-3	55.358171E-3
86.900000E+0	3.000000E+0	-16.887820E+0	2.132070E+0	53.055763E-3	56.327581E-3
87.000000E+0	3.000000E+0	-16.884136E+0	2.172804E+0	54.046869E-3	57.456017E-3
87.100000E+0	3.000000E+0	-16.881657E+0	2.215588E+0	55.077314E-3	58.638334E-3
87.200000E+0	3.000000E+0	-16.876930E+0	2.263612E+0	56.085825E-3	59.666634E-3
87.300000E+0	3.000000E+0	-16.874609E+0	2.306992E+0	57.012320E-3	60.662746E-3
87.400000E+0	3.000000E+0	-16.872797E+0	2.348399E+0	58.143139E-3	61.504364E-3
87.500000E+0	3.000000E+0	-16.867921E+0	2.389973E+0	59.062481E-3	62.735081E-3
87.600000E+0	3.000000E+0	-16.865760E+0	2.434599E+0	60.185671E-3	63.795328E-3
87.700000E+0	3.000000E+0	-16.863275E+0	2.483994E+0	61.288834E-3	65.083742E-3
87.800000E+0	3.000000E+0	-16.859943E+0	2.529866E+0	62.378407E-3	66.178799E-3
87.900000E+0	3.000000E+0	-16.857037E+0	2.573305E+0	63.123703E-3	67.110300E-3
88.000000E+0	3.000000E+0	-16.854993E+0	2.616954E+0	64.250469E-3	68.229675E-3
88.100000E+0	3.000000E+0	-16.851121E+0	2.662790E+0	65.462351E-3	69.339752E-3
88.200000E+0	3.000000E+0	-16.848839E+0	2.710795E+0	66.634893E-3	70.528746E-3
88.300000E+0	3.000000E+0	-16.844607E+0	2.753150E+0	67.484140E-3	71.523666E-3
88.400000E+0	3.000000E+0	-16.842935E+0	2.790302E+0	68.534613E-3	72.543144E-3
88.500000E+0	3.000000E+0	-16.837499E+0	2.837455E+0	69.545984E-3	73.644638E-3
88.600000E+0	3.000000E+0	-16.836372E+0	2.884746E+0	70.655346E-3	74.710369E-3
88.700000E+0	3.000000E+0	-16.833845E+0	2.928013E+0	71.803093E-3	75.932264E-3
88.800000E+0	3.000000E+0	-16.830972E+0	2.969670E+0	72.652340E-3	77.051640E-3
88.900000E+0	3.000000E+0	-16.826371E+0	3.016996E+0	73.683977E-3	78.045607E-3
89.000000E+0	3.000000E+0	-16.824618E+0	3.057963E+0	74.818373E-3	79.108715E-3
89.100000E+0	3.000000E+0	-16.821170E+0	3.102255E+0	75.881481E-3	80.242634E-3
89.200000E+0	3.000000E+0	-16.817102E+0	3.158087E+0	76.932907E-3	81.362963E-3
89.300000E+0	3.000000E+0	-16.816023E+0	3.198200E+0	78.043222E-3	82.368851E-3
89.400000E+0	3.000000E+0	-16.811815E+0	3.235710E+0	78.943014E-3	83.455563E-3
89.500000E+0	3.000000E+0	-16.807106E+0	3.285462E+0	80.114603E-3	84.562778E-3
89.600000E+0	3.000000E+0	-16.806248E+0	3.333062E+0	81.197023E-3	85.658789E-3
89.700000E+0	3.000000E+0	-16.801882E+0	3.368062E+0	82.144499E-3	86.714506E-3
89.800000E+0	3.000000E+0	-16.799733E+0	3.421050E+0	83.424330E-3	88.072777E-3
89.900000E+0	3.000000E+0	-16.796836E+0	3.468460E+0	84.381104E-3	89.011192E-3
90.000000E+0	3.000000E+0	-16.784901E+0	3.638375E+0	88.599205E-3	93.353987E-3
90.100000E+0	3.000000E+0	-16.779477E+0	3.710729E+0	90.146065E-3	95.073700E-3
90.200000E+0	3.000000E+0	-16.776434E+0	3.741282E+0	90.796709E-3	95.799685E-3
90.300000E+0	3.000000E+0	-16.774613E+0	3.772718E+0	91.682434E-3	96.508265E-3
90.400000E+0	3.000000E+0	-16.772223E+0	3.797746E+0	92.389822E-3	97.295523E-3
90.500000E+0	3.000000E+0	-16.770509E+0	3.830296E+0	93.103886E-3	98.037720E-3
90.600000E+0	3.000000E+0	-16.768664E+0	3.865528E+0	93.643665E-3	98.670483E-3
90.700000E+0	3.000000E+0	-16.765762E+0	3.889155E+0	94.480038E-3	99.577665E-3
90.800000E+0	3.000000E+0	-16.763801E+0	3.926200E+0	95.359564E-3	100.396395E-3
90.900000E+0	3.000000E+0	-16.761372E+0	3.973043E+0	96.232414E-3	101.541519E-3
91.000000E+0	3.000000E+0	-16.757858E+0	4.015017E+0	97.342491E-3	102.492809E-3
91.100000E+0	3.000000E+0	-16.755367E+0	4.044652E+0	98.202229E-3	103.449583E-3
91.200000E+0	3.000000E+0	-16.751901E+0	4.083842E+0	98.922014E-3	104.225874E-3
91.300000E+0	3.000000E+0	-16.750837E+0	4.118484E+0	99.841356E-3	105.086803E-3
91.400000E+0	3.000000E+0	-16.748214E+0	4.155177E+0	100.858212E-3	106.196642E-3
91.500000E+0	3.000000E+0	-16.743961E+0	4.201376E+0	101.809978E-3	107.079744E-3
91.600000E+0	3.000000E+0	-16.742313E+0	4.250580E+0	102.722883E-3	108.243704E-3
91.700000E+0	3.000000E+0	-16.738475E+0	4.280162E+0	103.701591E-3	109.123945E-3
91.800000E+0	3.000000E+0	-16.735909E+0	4.315734E+0	104.544878E-3	110.045671E-3
91.900000E+0	3.000000E+0	-16.733608E+0	4.367965E+0	105.659962E-3	111.137390E-3
92.000000E+0	3.000000E+0	-16.730544E+0	4.407573E+0	106.746197E-3	112.209797E-3
92.100000E+0	3.000000E+0	-16.729179E+0	4.441518E+0	107.788324E-3	113.269567E-3
92.200000E+0	3.000000E+0	-16.726545E+0	4.493469E+0	108.695269E-3	114.251614E-3
92.300000E+0	3.000000E+0	-16.722846E+0	4.527169E+0	109.653711E-3	115.180254E-3
92.400000E+0	3.000000E+0	-16.719464E+0	4.562432E+0	110.560179E-3	116.103411E-3
92.500000E+0	3.000000E+0	-16.716400E+0	4.620528E+0	111.645460E-3	117.462158E-3
92.600000E+0	3.000000E+0	-16.714218E+0	4.656547E+0	112.612247E-3	118.398666E-3
92.700000E+0	3.000000E+0	-16.710103E+0	4.693717E+0	113.570929E-3	119.449377E-3
92.800000E+0	3.000000E+0	-16.707573E+0	4.741591E+0	114.627123E-3	120.528221E-3
92.900000E+0	3.000000E+0	-16.704354E+0	4.787385E+0	115.667343E-3	121.476889E-3
93.000000E+0	3.000000E+0	-16.702366E+0	4.824293E+0	116.700411E-3	122.452736E-3
93.100000E+0	3.000000E+0	-16.698995E+0	4.864556E+0	117.686033E-3	123.598337E-3
93.200000E+0	3.000000E+0	-16.695336E+0	4.912186E+0	118.676662E-3	124.556065E-3
93.300000E+0	3.000000E+0	-16.693592E+0	4.952830E+0	119.635582E-3	125.608206E-3
93.400000E+0	3.000000E+0	-16.690192E+0	4.993707E+0	120.680571E-3	126.662254E-3
93.500000E+0	3.000000E+0	-16.686821E+0	5.035716E+0	121.579170E-3	127.686024E-3
93.600000E+0	3.000000E+0	-16.683933E+0	5.081409E+0	122.637033E-3	128.717661E-3
93.700000E+0	3.000000E+0	-16.680819E+0	5.123073E+0	123.816013E-3	129.832268E-3
93.800000E+0	3.000000E+0	-16.677267E+0	5.161953E+0	124.816179E-3	130.909204E-3
93.900000E+0	3.000000E+0	-16.675577E+0	5.204529E+0	125.732899E-3	131.858587E-3
94.000000E+0	3.000000E+0	-16.673029E+0	5.246353E+0	126.763105E-3	132.972956E-3
94.100000E+0	3.000000E+0	-16.669142E+0	5.291444E+0	128.025770E-3	134.160757E-3
94.200000E+0	3.000000E+0	-16.665280E+0	5.340284E+0	128.916502E-3	135.151625E-3
94.300000E+0	3.000000E+0	-16.664443E+0	5.380660E+0	129.873991E-3	136.094332E-3
94.400000E+0	3.000000E+0	-16.660813E+0	5.420971E+0	130.972862E-3	137.286186E-3
94.500000E+0	3.000000E+0	-16.657764E+0	5.461335E+0	131.960869E-3	138.213158E-3
94.600000E+0	3.000000E+0	-16.654733E+0	5.511379E+0	132.894516E-3	139.287472E-3
94.700000E+0	3.000000E+0	-16.651878E+0	5.542356E+0	133.913040E-3	140.384912E-3
94.800000E+0	3.000000E+0	-16.648603E+0	5.584770E+0	134.863138E-3	141.305208E-3
94.900000E+0	3.000000E+0	-16.645605E+0	5.636799E+0	135.913610E-3	142.334938E-3
95.000000E+0	3.000000E+0	-16.641498E+0	5.673707E+0	136.877060E-3	143.279791E-3
95.100000E+0	3.000000E+0	-16.639048E+0	5.717242E+0	138.210535E-3	144.482613E-3
95.200000E+0	3.000000E+0	-16.637549E+0	5.766106E+0	139.070272E-3	145.558596E-3
95.300000E+0	3.000000E+0	-16.634229E+0	5.802745E+0	140.055656E-3	146.551132E-3
95.400000E+0	3.000000E+0	-16.630289E+0	5.834097E+0	141.050100E-3	147.689819E-3
95.500000E+0	3.000000E+0	-16.627789E+0	5.894959E+0	142.120600E-3	148.849726E-3
95.600000E+0	3.000000E+0	-16.622925E+0	5.936277E+0	143.271446E-3	149.773359E-3
95.700000E+0	3.000000E+0	-16.622085E+0	5.973506E+0	144.290447E-3	150.909424E-3
95.800000E+0	3.000000E+0	-16.618020E+0	6.013632E+0	145.180941E-3	151.850700E-3
95.900000E+0	3.000000E+0	-16.616455E+0	6.062818E+0	146.076918E-3	152.891874E-3
96.000000E+0	3.000000E+0	-16.613260E+0	6.105065E+0	147.337437E-3	154.286146E-3
96.100000E+0	3.000000E+0	-16.608998E+0	6.147379E+0	148.460150E-3	155.277729E-3
96.200000E+0	3.000000E+0	-16.604868E+0	6.192982E+0	149.281263E-3	156.118393E-3
96.300000E+0	3.000000E+0	-16.603261E+0	6.227744E+0	150.311232E-3	157.157898E-3
96.400000E+0	3.000000E+0	-16.600362E+0	6.270128E+0	151.337385E-3	158.265591E-3
96.500000E+0	3.000000E+0	-16.598132E+0	6.318527E+0	152.325630E-3	159.443378E-3
96.600000E+0	3.000000E+0	-16.595069E+0	6.363612E+0	153.398275E-3	160.364866E-3
96.700000E+0	3.000000E+0	-16.591293E+0	6.399983E+0	154.419661E-3	161.444187E-3
96.800000E+0	3.000000E+0	-16.588962E+0	6.444919E+0	155.534983E-3	162.412882E-3
96.900000E+0	3.000000E+0	-16.586927E+0	6.495053E+0	156.545401E-3	163.603783E-3
97.000000E+0	3.000000E+0	-16.583219E+0	6.541097E+0	157.714128E-3	164.617777E-3
97.100000E+0	3.000000E+0	-16.580856E+0	6.571585E+0	158.558607E-3	165.735483E-3
97.200000E+0	3.000000E+0	-16.576264E+0	6.620663E+0	159.651756E-3	166.690826E-3
97.300000E+0	3.000000E+0	-16.573435E+0	6.660289E+0	160.457850E-3	167.593002E-3
97.400000E+0	3.000000E+0	-16.570813E+0	6.696749E+0	161.597013E-3	168.869019E-3
97.500000E+0	3.000000E+0	-16.569236E+0	6.741208E+0	162.549496E-3	169.834852E-3
97.600000E+0	3.000000E+0	-16.564194E+0	6.788665E+0	163.605928E-3	170.849562E-3
97.700000E+0	3.000000E+0	-16.560644E+0	6.826597E+0	164.758682E-3	171.950340E-3
97.800000E+0	3.000000E+0	-16.557366E+0	6.868839E+0	165.753603E-3	173.110247E-3
97.900000E+0	3.000000E+0	-16.557521E+0	6.915617E+0	166.657209E-3	173.933268E-3
98.000000E+0	3.000000E+0	-16.551629E+0	6.955796E+0	167.870760E-3	175.129890E-3
98.100000E+0	3.000000E+0	-16.549999E+0	6.997794E+0	168.870687E-3	176.314831E-3
98.200000E+0	3.000000E+0	-16.546935E+0	7.044387E+0	169.907808E-3	177.345276E-3
98.300000E+0	3.000000E+0	-16.543168E+0	7.083786E+0	170.820236E-3	178.127527E-3
98.400000E+0	3.000000E+0	-16.540602E+0	7.115823E+0	171.800852E-3	179.280281E-3
98.500000E+0	3.000000E+0	-16.537026E+0	7.172346E+0	172.967196E-3	180.450678E-3
98.600000E+0	3.000000E+0	-16.533226E+0	7.216209E+0	174.042940E-3	181.490183E-3
98.700000E+0	3.000000E+0	-16.531256E+0	7.254744E+0	175.014973E-3	182.615519E-3
98.800000E+0	3.000000E+0	-16.526470E+0	7.292676E+0	175.968647E-3	183.534145E-3
98.900000E+0	3.000000E+0	-16.525644E+0	7.336545E+0	176.747322E-3	184.432507E-3
99.000000E+0	3.000000E+0	-16.521415E+0	7.373810E+0	178.079844E-3	185.607672E-3
99.100000E+0	3.000000E+0	-16.519281E+0	7.426286E+0	179.135561E-3	186.790943E-3
99.200000E+0	3.000000E+0	-16.515655E+0	7.467842E+0	180.018902E-3	187.726498E-3
99.300000E+0	3.000000E+0	-16.515211E+0	7.508337E+0	181.136847E-3	188.864470E-3
99.400000E+0	3.000000E+0	-16.509915E+0	7.546258E+0	182.084799E-3	189.926147E-3
99.500000E+0	3.000000E+0	-16.505152E+0	7.594353E+0	183.272362E-3	191.035748E-3
99.600000E+0	3.000000E+0	-16.505173E+0	7.638401E+0	184.231281E-3	191.834211E-3
99.700000E+0	3.000000E+0	-16.501361E+0	7.673192E+0	184.992313E-3	192.932606E-3
99.800000E+0	3.000000E+0	-16.498503E+0	7.711971E+0	186.158657E-3	193.862915E-3
99.900000E+0	3.000000E+0	-16.495940E+0	7.759964E+0	187.144041E-3	194.902182E-3
100.000000E+0	3.000000E+0	-16.493663E+0	7.808715E+0	188.451052E-3	196.181536E-3
100.100000E+0	3.000000E+0	-16.489589E+0	7.844543E+0	189.431906E-3	197.243452E-3
100.200000E+0	3.000000E+0	-16.486612E+0	7.890439E+0	190.246344E-3	198.166609E-3
100.300000E+0	3.000000E+0	-16.481978E+0	7.928717E+0	191.134930E-3	199.275255E-3
100.400000E+0	3.000000E+0	-16.480190E+0	7.967532E+0	192.370892E-3	200.404882E-3
100.500000E+0	3.000000E+0	-16.476876E+0	8.018625E+0	193.445683E-3	201.430321E-3
100.600000E+0	3.000000E+0	-16.473642E+0	8.056849E+0	194.422960E-3	202.385902E-3
100.700000E+0	3.000000E+0	-16.470400E+0	8.096468E+0	195.540905E-3	203.552008E-3
100.800000E+0	3.000000E+0	-16.468138E+0	8.138609E+0	196.499825E-3	204.532385E-3
100.900000E+0	3.000000E+0	-16.465128E+0	8.188653E+0	197.467566E-3	205.580235E-3
101.000000E+0	3.000000E+0	-16.462305E+0	8.230048E+0	198.682070E-3	206.820488E-3
101.100000E+0	3.000000E+0	-16.457921E+0	8.274490E+0	199.764967E-3	207.862854E-3
101.200000E+0	3.000000E+0	-16.458920E+0	8.314413E+0	200.685263E-3	208.782673E-3
101.300000E+0	3.000000E+0	-16.453201E+0	8.353060E+0	201.521873E-3	209.780216E-3
101.400000E+0	3.000000E+0	-16.450137E+0	8.388424E+0	202.626467E-3	210.774899E-3
101.500000E+0	3.000000E+0	-16.446528E+0	8.435804E+0	203.638077E-3	211.624861E-3
101.600000E+0	3.000000E+0	-16.445121E+0	8.480418E+0	204.521418E-3	212.808132E-3
101.700000E+0	3.000000E+0	-16.440475E+0	8.512729E+0	205.611706E-3	213.965893E-3
101.800000E+0	3.000000E+0	-16.437856E+0	8.560556E+0	206.646204E-3	215.049267E-3
101.900000E+0	3.000000E+0	-16.435671E+0	8.607435E+0	207.670212E-3	216.006041E-3
102.000000E+0	3.000000E+0	-16.433501E+0	8.648610E+0	208.724737E-3	217.104912E-3
102.100000E+0	3.000000E+0	-16.430825E+0	8.685946E+0	209.829330E-3	218.214035E-3
102.200000E+0	3.000000E+0	-16.427857E+0	8.731198E+0	210.632563E-3	218.950272E-3
102.300000E+0	3.000000E+0	-16.423989E+0	8.768982E+0	211.724281E-3	220.230341E-3
102.400000E+0	3.000000E+0	-16.420159E+0	8.808869E+0	212.842464E-3	221.243382E-3
102.500000E+0	3.000000E+0	-16.417733E+0	8.851844E+0	213.782787E-3	222.297430E-3
102.600000E+0	3.000000E+0	-16.414514E+0	8.902305E+0	214.826107E-3	223.402023E-3
102.700000E+0	3.000000E+0	-16.408953E+0	8.942497E+0	215.959787E-3	224.445105E-3
102.800000E+0	3.000000E+0	-16.409168E+0	8.977789E+0	216.767073E-3	225.462675E-3
102.900000E+0	3.000000E+0	-16.405305E+0	9.029824E+0	217.956543E-3	226.499796E-3
103.000000E+0	3.000000E+0	-16.401002E+0	9.069842E+0	219.045639E-3	227.704048E-3
103.100000E+0	3.000000E+0	-16.399533E+0	9.107083E+0	219.922304E-3	228.622437E-3
103.200000E+0	3.000000E+0	-16.398889E+0	9.153748E+0	220.911741E-3	229.528666E-3
103.300000E+0	3.000000E+0	-16.392783E+0	9.187829E+0	221.940041E-3	230.644703E-3
103.400000E+0	3.000000E+0	-16.389439E+0	9.227747E+0	222.920895E-3	231.689692E-3
103.500000E+0	3.000000E+0	-16.386074E+0	9.274971E+0	224.168777E-3	232.851744E-3
103.600000E+0	3.000000E+0	-16.383255E+0	9.322494E+0	224.916935E-3	233.918667E-3
103.700000E+0	3.000000E+0	-16.379887E+0	9.354836E+0	226.082325E-3	234.843969E-3
103.800000E+0	3.000000E+0	-16.379047E+0	9.398896E+0	226.945162E-3	235.923052E-3
103.900000E+0	3.000000E+0	-16.375384E+0	9.450680E+0	228.265285E-3	236.896753E-3
104.000000E+0	3.000000E+0	-16.371721E+0	9.485108E+0	229.145527E-3	237.893343E-3
104.100000E+0	3.000000E+0	-16.369084E+0	9.521532E+0	230.159760E-3	238.923311E-3
104.200000E+0	3.000000E+0	-16.366104E+0	9.570932E+0	231.109381E-3	240.078688E-3
104.300000E+0	3.000000E+0	-16.363964E+0	9.614891E+0	232.145071E-3	241.118431E-3
104.400000E+0	3.000000E+0	-16.360992E+0	9.653157E+0	233.266115E-3	242.168903E-3
104.500000E+0	3.000000E+0	-16.356230E+0	9.697896E+0	234.271765E-3	243.212461E-3
104.600000E+0	3.000000E+0	-16.354168E+0	9.742969E+0	235.219240E-3	244.341850E-3
104.700000E+0	3.000000E+0	-16.351021E+0	9.772688E+0	236.226559E-3	245.337963E-3
104.800000E+0	3.000000E+0	-16.347936E+0	9.823018E+0	237.403631E-3	246.341467E-3
104.900000E+0	3.000000E+0	-16.346157E+0	9.866852E+0	238.336802E-3	247.420073E-3
105.000000E+0	3.000000E+0	-16.341782E+0	9.906024E+0	239.433527E-3	248.422384E-3
105.100000E+0	3.000000E+0	-16.338596E+0	9.945196E+0	240.478277E-3	249.424458E-3
105.200000E+0	3.000000E+0	-16.335380E+0	9.987032E+0	241.470098E-3	250.405312E-3
105.300000E+0	3.000000E+0	-16.333240E+0	10.028207E+0	242.378712E-3	251.410961E-3
105.400000E+0	3.000000E+0	-16.328863E+0	10.068589E+0	243.508339E-3	252.513409E-3
105.500000E+0	3.000000E+0	-16.326487E+0	10.114372E+0	244.580269E-3	253.654480E-3
105.600000E+0	3.000000E+0	-16.323567E+0	10.153878E+0	245.476007E-3	254.662514E-3
105.700000E+0	3.000000E+0	-16.320914E+0	10.198742E+0	246.480227E-3	255.654097E-3
105.800000E+0	3.000000E+0	-16.317928E+0	10.232460E+0	247.449636E-3	256.616116E-3
105.900000E+0	3.000000E+0	-16.313601E+0	10.284531E+0	248.675108E-3	257.870436E-3
106.000000E+0	3.000000E+0	-16.313169E+0	10.326010E+0	249.576092E-3	258.917332E-3
106.100000E+0	3.000000E+0	-16.310203E+0	10.359824E+0	250.570774E-3	259.875298E-3
106.200000E+0	3.000000E+0	-16.305754E+0	10.405779E+0	251.658440E-3	260.920286E-3
106.300000E+0	3.000000E+0	-16.304136E+0	10.444605E+0	252.536058E-3	261.820555E-3
106.400000E+0	3.000000E+0	-16.298858E+0	10.480744E+0	253.643036E-3	262.885809E-3
106.500000E+0	3.000000E+0	-16.297379E+0	10.532635E+0	254.826784E-3	264.072895E-3
106.600000E+0	3.000000E+0	-16.294900E+0	10.574090E+0	255.624533E-3	265.021086E-3
106.700000E+0	3.000000E+0	-16.290623E+0	10.604322E+0	256.658077E-3	265.953779E-3
106.800000E+0	3.000000E+0	-16.288439E+0	10.650659E+0	257.832766E-3	267.068863E-3
106.900000E+0	3.000000E+0	-16.283533E+0	10.704017E+0	258.742094E-3	268.153429E-3
107.000000E+0	3.000000E+0	-16.283110E+0	10.743511E+0	259.853125E-3	269.278765E-3
107.100000E+0	3.000000E+0	-16.279432E+0	10.775870E+0	260.715008E-3	270.318508E-3
107.200000E+0	3.000000E+0	-16.275719E+0	10.817850E+0	261.641979E-3	271.187305E-3
107.300000E+0	3.000000E+0	-16.273144E+0	10.859758E+0	262.667418E-3	272.148132E-3
107.400000E+0	3.000000E+0	-16.271353E+0	10.900027E+0	263.810873E-3	273.407698E-3
107.500000E+0	3.000000E+0	-16.267526E+0	10.948867E+0	264.820576E-3	274.479866E-3
107.600000E+0	3.000000E+0	-16.264165E+0	10.994446E+0	265.881777E-3	275.448084E-3
107.700000E+0	3.000000E+0	-16.261024E+0	11.023146E+0	266.802073E-3	276.375771E-3
107.800000E+0	3.000000E+0	-16.258875E+0	11.068773E+0	267.914772E-3	277.603865E-3
107.900000E+0	3.000000E+0	-16.253072E+0	11.116707E+0	269.086838E-3	278.591394E-3
108.000000E+0	3.000000E+0	-16.252721E+0	11.152083E+0	270.011425E-3	279.731274E-3
108.100000E+0	3.000000E+0	-16.249943E+0	11.189276E+0	270.751715E-3	280.612707E-3
108.200000E+0	3.000000E+0	-16.248510E+0	11.239541E+0	271.984100E-3	281.641722E-3
108.300000E+0	3.000000E+0	-16.242776E+0	11.275125E+0	273.033381E-3	282.752752E-3
108.400000E+0	4.000000E+0	-16.241402E+0	11.298394E+0	273.633480E-3	283.340216E-3
108.500000E+0	4.000000E+0	-16.241777E+0	11.309081E+0	273.746252E-3	283.411980E-3
108.600000E+0	4.000000E+0	-16.242281E+0	11.281705E+0	273.191690E-3	282.905340E-3
108.700000E+0	4.000000E+0	-16.259152E+0	11.036956E+0	267.370939E-3	277.055025E-3
108.800000E+0	4.000000E+0	-16.273481E+0	10.811210E+0	261.984587E-3	271.637678E-3
108.900000E+0	4.000000E+0	-16.287935E+0	10.585314E+0	256.639481E-3	266.222000E-3
109.000000E+0	4.000000E+0	-16.302759E+0	10.356116E+0	251.317263E-3	260.704041E-3
109.100000E+0	4.000000E+0	-16.320482E+0	10.132337E+0	246.061325E-3	255.304575E-3
109.200000E+0	4.000000E+0	-16.335389E+0	9.901148E+0	240.658522E-3	249.770641E-3
109.300000E+0	4.000000E+0	-16.348842E+0	9.676254E+0	235.294580E-3	244.278908E-3
109.400000E+0	4.000000E+0	-16.364449E+0	9.448630E+0	229.948521E-3	238.820553E-3
109.500000E+0	4.000000E+0	-16.381634E+0	9.225041E+0	224.535704E-3	233.310938E-3
109.600000E+0	4.000000E+0	-16.393307E+0	8.999914E+0	219.053268E-3	227.872133E-3
109.700000E+0	4.000000E+0	-16.411793E+0	8.772606E+0	213.870049E-3	222.370148E-3
109.800000E+0	4.000000E+0	-16.426373E+0	8.545256E+0	208.427668E-3	216.887712E-3
109.900000E+0	4.000000E+0	-16.442320E+0	8.325315E+0	203.024387E-3	211.302280E-3
110.000000E+0	4.000000E+0	-16.459131E+0	8.093768E+0	197.708130E-3	205.910921E-3
110.100000E+0	4.000000E+0	-16.473583E+0	7.867646E+0	192.335129E-3	200.409174E-3
110.200000E+0	4.000000E+0	-16.488594E+0	7.649940E+0	186.868191E-3	194.904566E-3
110.300000E+0	4.000000E+0	-16.504818E+0	7.413733E+0	181.594372E-3	189.392328E-3
110.400000E+0	4.000000E+0	-16.518927E+0	7.188362E+0	176.156044E-3	183.881998E-3
110.500000E+0	4.000000E+0	-16.536731E+0	6.968498E+0	170.746088E-3	178.386927E-3
110.600000E+0	4.000000E+0	-16.551525E+0	6.738460E+0	165.416241E-3	172.861338E-3
110.700000E+0	4.000000E+0	-16.567290E+0	6.509399E+0	159.951687E-3	167.383909E-3
110.800000E+0	4.000000E+0	-16.582096E+0	6.287646E+0	154.627800E-3	161.835670E-3
110.900000E+0	4.000000E+0	-16.597823E+0	6.063932E+0	149.159908E-3	156.176090E-3
111.000000E+0	4.000000E+0	-16.614521E+0	5.832547E+0	143.802881E-3	150.727510E-3
111.100000E+0	4.000000E+0	-16.629899E+0	5.610090E+0	138.501406E-3	145.384312E-3
111.200000E+0	4.000000E+0	-16.642228E+0	5.381078E+0	132.854700E-3	139.797688E-3
111.300000E+0	4.000000E+0	-16.660682E+0	5.157518E+0	127.634525E-3	134.067535E-3
111.400000E+0	4.000000E+0	-16.676420E+0	4.931277E+0	122.153759E-3	128.655434E-3
111.500000E+0	4.000000E+0	-16.692856E+0	4.707730E+0	116.652966E-3	123.044491E-3
111.600000E+0	4.000000E+0	-16.708440E+0	4.476035E+0	111.390829E-3	117.464781E-3
111.700000E+0	4.000000E+0	-16.725132E+0	4.251808E+0	106.063128E-3	111.907244E-3
111.800000E+0	4.000000E+0	-16.743130E+0	4.030401E+0	100.621700E-3	106.326580E-3
111.900000E+0	4.000000E+0	-16.755349E+0	3.798366E+0	95.142126E-3	100.700617E-3
112.000000E+0	4.000000E+0	-16.771788E+0	3.573197E+0	89.808941E-3	95.125437E-3
112.100000E+0	4.000000E+0	-16.787756E+0	3.343749E+0	84.362745E-3	89.603662E-3
112.200000E+0	4.000000E+0	-16.804540E+0	3.121817E+0	78.924417E-3	84.032297E-3
112.300000E+0	4.000000E+0	-16.820929E+0	2.893621E+0	73.636770E-3	78.390360E-3
112.400000E+0	4.000000E+0	-16.835061E+0	2.667350E+0	68.332434E-3	72.839737E-3
112.500000E+0	4.000000E+0	-16.853023E+0	2.442056E+0	62.936306E-3	67.164421E-3
112.600000E+0	4.000000E+0	-16.868216E+0	2.219987E+0	57.369947E-3	61.489820E-3
112.700000E+0	4.000000E+0	-16.886041E+0	1.986295E+0	52.006483E-3	55.980444E-3
112.800000E+0	4.000000E+0	-16.898388E+0	1.764703E+0	46.588898E-3	50.355434E-3
112.900000E+0	4.000000E+0	-16.916409E+0	1.544648E+0	41.192770E-3	44.616699E-3
113.000000E+0	4.000000E+0	-16.932163E+0	1.312703E+0	35.927296E-3	38.970947E-3
113.100000E+0	4.000000E+0	-16.947919E+0	1.084387E+0	30.372858E-3	33.330202E-3
113.200000E+0	4.000000E+0	-16.963765E+0	862.050056E-3	25.178909E-3	27.594566E-3
113.300000E+0	4.000000E+0	-16.980157E+0	632.750988E-3	19.815922E-3	21.958590E-3
113.400000E+0	4.000000E+0	-16.996768E+0	402.408838E-3	14.478445E-3	16.284943E-3
113.500000E+0	4.000000E+0	-17.011583E+0	186.389685E-3	9.145260E-3	10.613441E-3
113.600000E+0	4.000000E+0	-17.024327E+0	6.747246E-3	4.849911E-3	6.257534E-3
113.700000E+0	4.000000E+0	-17.026744E+0	3.588200E-3	4.920244E-3	6.143332E-3
113.800000E+0	4.000000E+0	-17.027605E+0	12.326241E-3	4.755259E-3	6.042719E-3
113.900000E+0	4.000000E+0	-17.027840E+0	12.671947E-3	4.716635E-3	5.894661E-3
114.000000E+0	4.000000E+0	-17.029163E+0	3.355742E-3	4.605293E-3	5.760670E-3
114.100000E+0	4.000000E+0	-17.026380E+0	5.179644E-3	4.492998E-3	5.582809E-3
114.200000E+0	4.000000E+0	-17.025042E+0	10.257959E-3	4.358530E-3	5.655050E-3
114.300000E+0	4.000000E+0	-17.028287E+0	2.944469E-3	4.530191E-3	5.488873E-3
114.400000E+0	4.000000E+0	-17.028234E+0	5.102158E-3	4.383564E-3	5.456924E-3
114.500000E+0	4.000000E+0	-17.025927E+0	8.350611E-3	4.269361E-3	5.388260E-3
114.600000E+0	4.000000E+0	-17.027807E+0	5.620718E-3	4.226685E-3	5.349398E-3
114.700000E+0	4.000000E+0	-17.028752E+0	2.384186E-3	4.236937E-3	5.326986E-3
114.800000E+0	4.000000E+0	-17.028439E+0	2.551079E-3	4.090309E-3	5.271673E-3
114.900000E+0	4.000000E+0	-17.029616E+0	6.526709E-3	4.015684E-3	5.187273E-3
115.000000E+0	4.000000E+0	-17.030514E+0	1.543760E-3	4.035711E-3	5.120039E-3
115.100000E+0	4.000000E+0	-17.028731E+0	1.490116E-3	4.001141E-3	5.094767E-3
115.200000E+0	4.000000E+0	-17.029262E+0	4.088879E-3	3.983974E-3	5.050182E-3
115.300000E+0	4.000000E+0	-17.029274E+0	4.738569E-3	4.003286E-3	5.008459E-3
115.400000E+0	4.000000E+0	-17.029783E+0	1.496077E-3	3.952026E-3	5.020618E-3
115.500000E+0	4.000000E+0	-17.031101E+0	5.507469E-3	3.831863E-3	4.997015E-3
115.600000E+0	4.000000E+0	-17.028052E+0	6.514788E-3	3.778696E-3	4.986286E-3
115.700000E+0	4.000000E+0	-17.030975E+0	-172.853470E-6	3.964424E-3	4.951239E-3
115.800000E+0	4.000000E+0	-17.030823E+0	1.877546E-3	3.731489E-3	5.161524E-3
115.900000E+0	4.000000E+0	-17.033777E+0	11.372566E-3	4.251003E-3	4.555941E-3
116.000000E+0	4.000000E+0	-17.030916E+0	5.966425E-3	3.806591E-3	5.170345E-3
116.100000E+0	4.000000E+0	-17.031133E+0	-4.130602E-3	3.745079E-3	4.677057E-3
116.200000E+0	4.000000E+0	-17.031509E+0	3.290176E-3	3.724337E-3	4.812241E-3
116.300000E+0	4.000000E+0	-17.031402E+0	-1.406670E-3	3.642321E-3	4.777670E-3
116.400000E+0	4.000000E+0	-17.031187E+0	-2.995133E-3	3.739834E-3	4.740238E-3
116.500000E+0	4.000000E+0	-17.031944E+0	-3.257394E-3	3.412247E-3	4.526138E-3
116.600000E+0	4.000000E+0	-17.031476E+0	-1.102686E-3	3.639936E-3	4.539490E-3
116.700000E+0	4.000000E+0	-17.032483E+0	-8.994341E-3	3.557444E-3	4.565477E-3
116.800000E+0	4.000000E+0	-17.032570E+0	2.765656E-3	3.567934E-3	4.607201E-3
116.900000E+0	4.000000E+0	-17.032174E+0	65.565109E-6	3.547668E-3	4.631281E-3
117.000000E+0	4.000000E+0	-17.033634E+0	-9.289384E-3	3.420591E-3	4.466295E-3
117.100000E+0	4.000000E+0	-17.032331E+0	-6.556511E-3	3.445387E-3	4.497051E-3
117.200000E+0	4.000000E+0	-17.032340E+0	482.797623E-6	3.504992E-3	4.542351E-3
117.300000E+0	4.000000E+0	-17.033243E+0	-4.637241E-3	3.457069E-3	4.526377E-3
117.400000E+0	4.000000E+0	-17.032477E+0	166.893005E-6	3.664494E-3	4.590750E-3
117.500000E+0	4.000000E+0	-17.030645E+0	4.190207E-3	3.643751E-3	4.574776E-3
117.600000E+0	4.000000E+0	-17.031762E+0	5.960464E-6	3.616810E-3	4.540920E-3
117.700000E+0	4.000000E+0	-17.031688E+0	-4.893541E-3	3.561497E-3	4.479408E-3
117.800000E+0	4.000000E+0	-17.032251E+0	1.692772E-3	3.626585E-3	4.741192E-3
117.900000E+0	4.000000E+0	-17.031715E+0	3.534555E-3	3.555536E-3	4.462242E-3
118.000000E+0	4.000000E+0	-17.032996E+0	1.305342E-3	3.491402E-3	4.525661E-3
118.100000E+0	4.000000E+0	-17.033398E+0	59.604645E-6	3.513575E-3	4.447222E-3
