Program version:	Fatigue ver. 4.0
Date and time:	04-08-2015 09:39:08
Operator:	sras
Project ID:	44055 I-1
Sample ID:	EQA02-11
	
Mode of operation:	Ten-ten
Low load setpoint [kN]:	0.000000
Displacement rate [mm/s]:	0.030000
Sample rate [Hz]:	10.000000
Procentage of E-max [%]:	90.000000
Sample width [mm]:	25.280000
Sample thickness [mm]:	4.090000
Strain sensor:	Extensometer
Number of strain sensors:	2
Channel configuration:	0 6 1,1,0,0,0,0 1,4,1,2,3,4
	
Machine SN:	88R8501
Load cell SN:	UK 1029
Load cell [kN]:	100.000000
Extensometer 1 SN:	1862
Gauge length 1 [mm]:	50.000000
Full scale 1 [%]:	5.000000
Extensometer 2 SN:	1877
Gauge length 2 [mm]:	50.000000
Full scale 2 [%]:	5.000000
	
Modulus estimate from [%]:	0.050000
Modulus estimate to [%]:	0.250000
Strain correction a1 [%]:	-0.004396
Strain correction a2 [%]:	0.000184
Strain correction b1 [%]:	-0.001051
Strain correction b2 [%]:	0.005299
Modulus a [GPa]:	39.797491
Modulus b [GPa]:	39.885358
Difference [%]:	0.220297
Modulus a1 [GPa]:	40.381249
Modulus b1 [GPa]:	40.388513
Modulus a2 [GPa]:	39.229465
Modulus b2 [GPa]:	39.393893
Max strain [%]:	0.496218
Max stress [MPa]:	197.484544
	
	
Time [ms]	State	Position [mm]	Load [kN]	Strain1 [%]	Strain2 [%]
0.000000E+0	1.000000E+0	-6.583333E-3	5.447865E-3	530.481381E-6	373.125106E-6
100.000000E-3	1.000000E+0	-3.725290E-3	58.102608E-3	1.229048E-3	1.073480E-3
200.000000E-3	1.000000E+0	-801.682483E-6	105.524063E-3	2.127290E-3	2.340675E-3
300.000000E-3	1.000000E+0	2.878904E-3	137.209892E-3	3.091097E-3	3.529191E-3
400.000000E-3	1.000000E+0	5.215406E-3	197.362900E-3	4.321933E-3	5.071760E-3
500.000000E-3	1.000000E+0	9.095669E-3	251.054764E-3	5.390645E-3	6.157160E-3
600.000000E-3	1.000000E+0	10.865927E-3	275.599957E-3	5.916954E-3	7.137061E-3
700.000000E-3	1.000000E+0	14.376641E-3	312.769413E-3	6.973744E-3	7.949472E-3
800.000000E-3	1.000000E+0	16.999245E-3	371.170044E-3	8.054972E-3	9.220839E-3
900.000000E-3	1.000000E+0	20.450354E-3	423.526764E-3	8.895398E-3	10.744930E-3
1.000000E+0	1.000000E+0	23.680926E-3	464.403629E-3	10.209084E-3	11.634232E-3
1.100000E+0	1.000000E+0	25.480986E-3	512.731075E-3	11.256934E-3	12.812615E-3
1.200000E+0	1.000000E+0	29.861927E-3	559.091568E-3	12.210609E-3	14.052988E-3
1.300000E+0	1.000000E+0	30.744076E-3	597.023964E-3	12.785793E-3	14.858843E-3
1.400000E+0	1.000000E+0	35.905839E-3	635.993481E-3	14.435650E-3	15.878679E-3
1.500000E+0	1.000000E+0	38.522482E-3	681.233406E-3	14.902951E-3	17.041565E-3
1.600000E+0	1.000000E+0	41.592122E-3	733.768940E-3	15.780927E-3	18.488766E-3
1.700000E+0	1.000000E+0	44.077635E-3	770.294666E-3	17.045142E-3	19.615890E-3
1.800000E+0	1.000000E+0	47.266484E-3	827.395916E-3	18.385054E-3	20.707847E-3
1.900000E+0	1.000000E+0	50.479174E-3	869.703293E-3	18.942954E-3	21.780135E-3
2.000000E+0	1.000000E+0	53.858758E-3	902.318954E-3	20.053388E-3	23.051502E-3
2.100000E+0	1.000000E+0	56.391955E-3	961.339474E-3	21.369459E-3	24.310948E-3
2.200000E+0	1.000000E+0	59.580804E-3	1.022267E+0	22.200348E-3	25.463106E-3
2.300000E+0	1.000000E+0	63.633920E-3	1.046908E+0	23.164155E-3	26.508572E-3
2.400000E+0	1.000000E+0	66.012145E-3	1.082730E+0	24.189951E-3	27.616026E-3
2.500000E+0	1.000000E+0	68.300963E-3	1.144588E+0	24.912955E-3	28.353932E-3
2.600000E+0	1.000000E+0	71.161986E-3	1.189160E+0	26.678445E-3	29.926302E-3
2.700000E+0	1.000000E+0	74.124337E-3	1.223254E+0	27.310850E-3	31.182768E-3
2.800000E+0	1.000000E+0	77.104570E-3	1.281786E+0	28.175118E-3	31.927231E-3
2.900000E+0	1.000000E+0	78.994037E-3	1.318109E+0	29.141309E-3	32.938125E-3
3.000000E+0	1.000000E+0	82.290174E-3	1.347554E+0	30.006173E-3	33.926967E-3
3.100000E+0	1.000000E+0	86.027385E-3	1.407313E+0	31.397941E-3	35.071972E-3
3.200000E+0	1.000000E+0	88.888408E-3	1.461232E+0	32.520893E-3	36.181810E-3
3.300000E+0	1.000000E+0	91.910364E-3	1.488781E+0	33.110383E-3	37.397745E-3
3.400000E+0	1.000000E+0	95.218421E-3	1.528585E+0	34.054520E-3	38.254264E-3
3.500000E+0	1.000000E+0	97.066165E-3	1.592934E+0	35.210255E-3	39.272908E-3
3.600000E+0	1.000000E+0	102.072956E-3	1.618230E+0	36.079886E-3	40.482882E-3
3.700000E+0	1.000000E+0	103.604795E-3	1.658881E+0	37.355426E-3	41.773919E-3
3.800000E+0	1.000000E+0	107.055904E-3	1.723194E+0	38.557056E-3	42.885545E-3
3.900000E+0	1.000000E+0	109.910967E-3	1.762879E+0	39.422515E-3	43.926243E-3
4.000000E+0	1.000000E+0	112.748148E-3	1.797652E+0	40.211681E-3	44.944886E-3
4.100000E+0	1.000000E+0	116.306545E-3	1.848173E+0	41.209463E-3	46.073798E-3
4.200000E+0	1.000000E+0	118.625166E-3	1.891053E+0	42.777065E-3	47.084097E-3
4.300000E+0	1.000000E+0	121.408703E-3	1.938379E+0	43.445233E-3	48.178438E-3
4.400000E+0	1.000000E+0	123.363735E-3	1.978600E+0	44.484738E-3	49.488548E-3
4.500000E+0	1.000000E+0	127.285721E-3	2.029526E+0	45.481924E-3	50.488714E-3
4.600000E+0	1.000000E+0	131.148102E-3	2.077317E+0	46.417121E-3	51.394109E-3
4.700000E+0	1.000000E+0	132.918360E-3	2.111518E+0	47.187213E-3	52.312021E-3
4.800000E+0	1.000000E+0	136.911871E-3	2.159238E+0	48.424605E-3	53.656106E-3
4.900000E+0	1.000000E+0	138.932468E-3	2.209389E+0	49.455766E-3	54.792766E-3
5.000000E+0	1.000000E+0	142.431261E-3	2.244341E+0	50.268177E-3	56.496267E-3
5.100000E+0	1.000000E+0	145.375731E-3	2.300072E+0	51.673059E-3	57.029133E-3
5.200000E+0	1.000000E+0	147.849323E-3	2.357483E+0	52.725677E-3	58.188443E-3
5.300000E+0	1.000000E+0	151.211025E-3	2.385807E+0	53.844456E-3	59.376960E-3
5.400000E+0	1.000000E+0	154.685976E-3	2.418363E+0	55.003171E-3	60.210829E-3
5.500000E+0	1.000000E+0	158.667567E-3	2.497315E+0	55.997376E-3	61.653857E-3
5.600000E+0	1.000000E+0	160.878899E-3	2.523077E+0	56.914692E-3	62.669521E-3
5.700000E+0	1.000000E+0	165.140631E-3	2.554643E+0	57.783131E-3	63.844328E-3
5.800000E+0	1.000000E+0	166.147950E-3	2.620494E+0	59.006219E-3	64.780121E-3
5.900000E+0	1.000000E+0	171.470644E-3	2.654195E+0	60.009365E-3	65.914994E-3
6.000000E+0	1.000000E+0	172.394516E-3	2.691889E+0	60.940390E-3	67.102318E-3
6.100000E+0	1.000000E+0	176.405909E-3	2.752686E+0	62.228446E-3	68.148380E-3
6.200000E+0	1.000000E+0	178.527835E-3	2.804315E+0	62.962179E-3	69.136625E-3
6.300000E+0	1.000000E+0	181.365016E-3	2.833533E+0	63.990956E-3	70.358520E-3
6.400000E+0	1.000000E+0	184.911492E-3	2.887368E+0	65.348154E-3	71.547633E-3
6.500000E+0	1.000000E+0	188.511613E-3	2.939689E+0	66.165333E-3	72.636014E-3
6.600000E+0	1.000000E+0	191.473964E-3	2.979338E+0	67.225700E-3	73.922878E-3
6.700000E+0	1.000000E+0	194.567445E-3	3.017974E+0	68.115001E-3	74.688798E-3
6.800000E+0	1.000000E+0	198.394063E-3	3.061390E+0	69.438225E-3	75.888044E-3
6.900000E+0	1.000000E+0	202.071670E-3	3.107071E+0	70.533162E-3	77.037817E-3
7.000000E+0	1.000000E+0	201.714042E-3	3.136170E+0	70.826417E-3	77.428824E-3
7.100000E+0	1.000000E+0	206.583741E-3	3.182960E+0	72.104341E-3	78.637606E-3
7.200000E+0	1.000000E+0	208.973888E-3	3.251934E+0	73.497301E-3	80.285079E-3
7.300000E+0	1.000000E+0	212.901834E-3	3.281295E+0	74.519521E-3	81.516511E-3
7.400000E+0	1.000000E+0	215.554240E-3	3.322518E+0	75.383788E-3	82.297332E-3
7.500000E+0	1.000000E+0	218.564275E-3	3.370035E+0	76.204544E-3	83.023912E-3
7.600000E+0	1.000000E+0	221.031907E-3	3.413570E+0	77.454454E-3	84.244616E-3
7.700000E+0	1.000000E+0	223.922733E-3	3.457892E+0	78.474289E-3	85.532076E-3
7.800000E+0	1.000000E+0	226.503614E-3	3.518081E+0	79.835660E-3	86.671717E-3
7.900000E+0	1.000000E+0	231.283906E-3	3.551662E+0	80.796487E-3	87.838180E-3
8.000000E+0	1.000000E+0	235.056880E-3	3.583682E+0	81.797249E-3	88.893778E-3
8.100000E+0	1.000000E+0	237.524513E-3	3.641224E+0	82.785494E-3	89.778907E-3
8.200000E+0	1.000000E+0	239.574913E-3	3.687418E+0	83.482272E-3	90.648539E-3
8.300000E+0	1.000000E+0	241.947177E-3	3.716910E+0	84.478266E-3	92.045076E-3
8.400000E+0	1.000000E+0	245.702270E-3	3.757739E+0	85.865862E-3	93.331344E-3
8.500000E+0	1.000000E+0	249.105695E-3	3.820467E+0	86.953647E-3	94.065674E-3
8.600000E+0	1.000000E+0	252.431635E-3	3.859425E+0	87.849505E-3	95.268496E-3
8.700000E+0	1.000000E+0	255.566839E-3	3.894138E+0	89.163191E-3	96.492775E-3
8.800000E+0	1.000000E+0	258.243088E-3	3.972781E+0	90.174086E-3	97.946532E-3
8.900000E+0	1.000000E+0	262.647871E-3	4.021788E+0	91.364391E-3	98.933585E-3
9.000000E+0	1.000000E+0	265.061859E-3	4.035437E+0	92.619069E-3	100.123294E-3
9.100000E+0	1.000000E+0	266.993050E-3	4.082632E+0	93.319424E-3	100.820669E-3
9.200000E+0	1.000000E+0	269.222263E-3	4.135668E+0	94.267137E-3	101.640829E-3
9.300000E+0	1.000000E+0	272.870068E-3	4.163158E+0	94.809540E-3	103.027829E-3
9.400000E+0	1.000000E+0	276.237730E-3	4.223943E+0	96.412905E-3	104.222306E-3
9.500000E+0	1.000000E+0	279.736523E-3	4.269242E+0	97.398766E-3	105.292209E-3
9.600000E+0	1.000000E+0	283.062462E-3	4.296756E+0	98.339327E-3	106.284031E-3
9.700000E+0	1.000000E+0	285.601620E-3	4.341400E+0	99.239357E-3	107.046970E-3
9.800000E+0	1.000000E+0	288.915638E-3	4.398990E+0	100.356944E-3	108.622917E-3
9.900000E+0	1.000000E+0	291.252140E-3	4.441106E+0	101.429828E-3	109.429368E-3
10.000000E+0	1.000000E+0	295.120482E-3	4.471838E+0	102.559932E-3	110.727557E-3
10.100000E+0	1.000000E+0	296.485428E-3	4.522252E+0	103.598841E-3	111.781964E-3
10.200000E+0	1.000000E+0	300.836567E-3	4.580986E+0	104.665169E-3	112.553248E-3
10.300000E+0	1.000000E+0	303.095583E-3	4.614258E+0	105.772623E-3	114.312777E-3
10.400000E+0	1.000000E+0	305.020813E-3	4.649889E+0	106.335887E-3	114.863524E-3
10.500000E+0	1.000000E+0	309.300427E-3	4.695272E+0	107.380160E-3	115.724811E-3
10.600000E+0	1.000000E+0	311.958794E-3	4.751527E+0	108.798751E-3	117.170224E-3
10.700000E+0	1.000000E+0	315.362219E-3	4.777765E+0	109.338173E-3	117.918262E-3
10.800000E+0	1.000000E+0	317.806010E-3	4.836416E+0	110.916504E-3	118.927965E-3
10.900000E+0	1.000000E+0	322.800879E-3	4.881775E+0	111.948857E-3	120.137940E-3
11.000000E+0	1.000000E+0	324.237351E-3	4.909170E+0	112.658748E-3	121.552358E-3
11.100000E+0	1.000000E+0	328.010325E-3	4.961503E+0	114.132175E-3	122.613917E-3
11.200000E+0	1.000000E+0	329.744820E-3	5.020189E+0	115.041742E-3	123.445402E-3
11.300000E+0	1.000000E+0	333.505874E-3	5.040729E+0	115.817795E-3	124.107609E-3
11.400000E+0	1.000000E+0	336.462264E-3	5.091989E+0	117.096314E-3	125.622759E-3
11.500000E+0	1.000000E+0	338.798766E-3	5.139244E+0	117.995748E-3	126.397024E-3
11.600000E+0	1.000000E+0	341.206794E-3	5.173850E+0	118.887434E-3	127.593289E-3
11.700000E+0	1.000000E+0	345.933442E-3	5.205083E+0	119.694481E-3	128.842603E-3
11.800000E+0	1.000000E+0	347.608333E-3	5.256927E+0	120.925317E-3	129.659186E-3
11.900000E+0	1.000000E+0	350.874667E-3	5.303967E+0	121.633420E-3	130.857240E-3
12.000000E+0	1.000000E+0	353.336339E-3	5.333209E+0	122.867832E-3	131.722103E-3
12.100000E+0	1.000000E+0	356.513267E-3	5.384040E+0	124.225030E-3	132.835518E-3
12.200000E+0	1.000000E+0	360.012059E-3	5.438304E+0	125.141750E-3	133.879791E-3
12.300000E+0	1.000000E+0	362.515455E-3	5.476308E+0	126.430998E-3	135.461103E-3
12.400000E+0	1.000000E+0	365.716224E-3	5.519390E+0	127.294670E-3	136.433851E-3
12.500000E+0	1.000000E+0	368.994480E-3	5.579305E+0	128.609548E-3	137.363683E-3
12.600000E+0	1.000000E+0	372.648244E-3	5.590856E+0	129.050623E-3	138.093244E-3
12.700000E+0	1.000000E+0	374.537712E-3	5.623031E+0	130.075823E-3	138.598096E-3
12.800000E+0	1.000000E+0	377.005344E-3	5.697334E+0	131.511699E-3	140.340935E-3
12.900000E+0	1.000000E+0	379.753118E-3	5.739951E+0	132.070194E-3	141.272556E-3
13.000000E+0	1.000000E+0	384.533411E-3	5.770636E+0	133.497130E-3	142.257225E-3
13.100000E+0	1.000000E+0	386.178499E-3	5.810976E+0	134.153377E-3	142.985594E-3
13.200000E+0	1.000000E+0	390.857464E-3	5.869329E+0	135.682832E-3	144.459617E-3
13.300000E+0	1.000000E+0	392.353540E-3	5.895805E+0	136.519681E-3	145.223152E-3
13.400000E+0	1.000000E+0	395.196682E-3	5.939186E+0	137.356531E-3	146.460545E-3
13.500000E+0	1.000000E+0	399.875646E-3	5.996966E+0	138.670217E-3	147.567999E-3
13.600000E+0	1.000000E+0	400.602823E-3	6.023085E+0	139.422428E-3	148.482931E-3
13.700000E+0	1.000000E+0	404.351955E-3	6.051838E+0	140.513193E-3	149.288785E-3
13.800000E+0	1.000000E+0	408.101088E-3	6.110859E+0	141.758334E-3	150.935662E-3
13.900000E+0	1.000000E+0	411.140924E-3	6.163800E+0	142.639887E-3	151.793373E-3
14.000000E+0	1.000000E+0	413.405901E-3	6.191969E+0	143.634688E-3	152.757776E-3
14.100000E+0	1.000000E+0	416.707998E-3	6.243169E+0	144.575846E-3	153.993977E-3
14.200000E+0	1.000000E+0	420.981651E-3	6.304455E+0	145.745885E-3	154.904140E-3
14.300000E+0	1.000000E+0	420.701510E-3	6.323433E+0	146.530878E-3	155.785692E-3
14.400000E+0	1.000000E+0	425.243384E-3	6.366313E+0	147.744429E-3	157.407535E-3
14.500000E+0	1.000000E+0	429.993874E-3	6.424952E+0	148.935330E-3	158.166302E-3
14.600000E+0	1.000000E+0	433.462864E-3	6.460321E+0	150.016558E-3	159.190906E-3
14.700000E+0	1.000000E+0	433.486706E-3	6.487858E+0	150.864136E-3	160.057558E-3
14.800000E+0	1.000000E+0	438.547141E-3	6.557238E+0	152.007950E-3	161.504162E-3
14.900000E+0	1.000000E+0	440.490252E-3	6.584311E+0	152.745259E-3	162.404789E-3
15.000000E+0	1.000000E+0	444.442040E-3	6.615674E+0	154.065502E-3	163.407339E-3
15.100000E+0	1.000000E+0	446.277863E-3	6.681275E+0	155.107391E-3	164.459957E-3
15.200000E+0	1.000000E+0	449.115044E-3	6.725097E+0	156.029475E-3	165.268792E-3
15.300000E+0	1.000000E+0	453.162200E-3	6.756091E+0	157.177461E-3	166.777982E-3
15.400000E+0	1.000000E+0	455.385453E-3	6.817627E+0	158.510817E-3	167.983188E-3
15.500000E+0	1.000000E+0	459.533936E-3	6.867051E+0	159.531248E-3	169.180645E-3
15.600000E+0	1.000000E+0	462.490327E-3	6.902671E+0	160.529030E-3	170.405521E-3
15.700000E+0	1.000000E+0	466.185815E-3	6.938577E+0	161.539329E-3	171.073689E-3
15.800000E+0	1.000000E+0	466.728217E-3	6.975377E+0	162.397040E-3	172.246708E-3
15.900000E+0	1.000000E+0	471.377379E-3	7.015061E+0	163.313163E-3	173.097863E-3
16.000000E+0	1.000000E+0	472.682721E-3	7.056010E+0	163.987888E-3	174.009814E-3
16.100000E+0	1.000000E+0	476.509339E-3	7.092702E+0	165.214552E-3	175.243630E-3
16.200000E+0	1.000000E+0	480.800874E-3	7.153678E+0	166.530622E-3	176.498308E-3
16.300000E+0	1.000000E+0	482.791669E-3	7.185209E+0	167.394294E-3	177.220120E-3
16.400000E+0	1.000000E+0	487.005717E-3	7.225358E+0	168.782486E-3	178.253069E-3
16.500000E+0	1.000000E+0	489.264733E-3	7.264328E+0	169.472708E-3	179.152503E-3
16.600000E+0	1.000000E+0	491.577394E-3	7.315767E+0	170.512213E-3	180.332675E-3
16.700000E+0	1.000000E+0	494.951017E-3	7.349217E+0	171.757354E-3	181.710139E-3
16.800000E+0	1.000000E+0	497.657068E-3	7.410431E+0	172.568573E-3	182.468310E-3
16.900000E+0	1.000000E+0	500.780351E-3	7.448614E+0	173.611655E-3	183.343306E-3
17.000000E+0	1.000000E+0	503.212221E-3	7.464361E+0	174.365654E-3	184.543148E-3
17.100000E+0	1.000000E+0	506.192453E-3	7.515585E+0	175.265684E-3	185.318604E-3
17.200000E+0	1.000000E+0	509.697206E-3	7.562315E+0	176.462545E-3	186.414734E-3
17.300000E+0	1.000000E+0	512.295969E-3	7.596028E+0	177.657022E-3	187.504903E-3
17.400000E+0	1.000000E+0	515.460975E-3	7.648826E+0	178.595200E-3	188.859120E-3
17.500000E+0	1.000000E+0	519.901521E-3	7.703280E+0	180.294528E-3	189.969555E-3
17.600000E+0	1.000000E+0	522.547968E-3	7.747495E+0	180.739179E-3	190.907136E-3
17.700000E+0	1.000000E+0	525.045402E-3	7.777703E+0	181.539073E-3	192.155853E-3
17.800000E+0	1.000000E+0	527.459390E-3	7.842159E+0	183.313504E-3	193.256751E-3
17.900000E+0	1.000000E+0	531.542309E-3	7.891631E+0	184.370890E-3	194.613949E-3
18.000000E+0	1.000000E+0	534.230478E-3	7.927465E+0	185.642853E-3	195.792929E-3
18.100000E+0	1.000000E+0	536.060341E-3	7.973552E+0	186.665669E-3	196.791307E-3
18.200000E+0	1.000000E+0	539.302833E-3	8.015561E+0	187.050119E-3	197.922007E-3
18.300000E+0	1.000000E+0	544.136770E-3	8.035421E+0	188.310757E-3	198.616401E-3
18.400000E+0	1.000000E+0	545.722254E-3	8.090210E+0	189.130917E-3	199.787037E-3
18.500000E+0	1.000000E+0	549.435623E-3	8.134782E+0	190.122739E-3	200.349705E-3
18.600000E+0	1.000000E+0	552.773483E-3	8.165419E+0	191.368476E-3	201.529877E-3
18.700000E+0	1.000000E+0	555.169590E-3	8.223975E+0	192.530171E-3	202.950255E-3
18.800000E+0	1.000000E+0	558.424004E-3	8.280194E+0	193.804518E-3	204.252617E-3
18.900000E+0	1.000000E+0	562.870510E-3	8.315599E+0	194.501892E-3	204.806940E-3
19.000000E+0	1.000000E+0	564.879187E-3	8.343101E+0	195.275561E-3	205.909626E-3
19.100000E+0	1.000000E+0	566.416987E-3	8.384919E+0	196.565405E-3	207.074897E-3
19.200000E+0	1.000000E+0	570.279368E-3	8.438182E+0	197.870747E-3	208.215134E-3
19.300000E+0	1.000000E+0	573.176154E-3	8.462572E+0	198.395864E-3	208.684223E-3
19.400000E+0	1.000000E+0	577.044495E-3	8.509004E+0	199.446098E-3	210.086720E-3
19.500000E+0	1.000000E+0	578.403481E-3	8.552539E+0	200.597064E-3	210.822241E-3
19.600000E+0	1.000000E+0	582.939395E-3	8.594716E+0	201.369540E-3	212.041157E-3
19.700000E+0	1.000000E+0	584.727534E-3	8.628929E+0	202.668921E-3	213.117617E-3
19.800000E+0	1.000000E+0	587.880620E-3	8.680642E+0	203.555839E-3	214.648264E-3
19.900000E+0	1.000000E+0	591.295966E-3	8.724868E+0	204.438584E-3	214.871185E-3
20.000000E+0	1.000000E+0	593.328484E-3	8.764386E+0	205.593126E-3	216.167586E-3
20.100000E+0	1.000000E+0	595.909365E-3	8.804095E+0	206.710713E-3	217.565912E-3
20.200000E+0	1.000000E+0	600.063809E-3	8.859003E+0	207.619684E-3	218.347925E-3
20.300000E+0	1.000000E+0	604.200372E-3	8.868575E+0	208.552496E-3	219.305771E-3
20.400000E+0	1.000000E+0	607.264050E-3	8.909631E+0	209.530013E-3	220.186728E-3
20.500000E+0	1.000000E+0	608.593234E-3	8.980107E+0	210.490244E-3	221.185106E-3
20.600000E+0	1.000000E+0	612.372169E-3	9.015119E+0	211.766379E-3	222.488063E-3
20.700000E+0	1.000000E+0	615.161666E-3	9.045291E+0	212.606209E-3	223.686117E-3
20.800000E+0	1.000000E+0	618.213424E-3	9.113300E+0	214.033740E-3	224.538463E-3
20.900000E+0	1.000000E+0	621.646651E-3	9.149754E+0	214.707869E-3	225.955266E-3
21.000000E+0	1.000000E+0	623.267898E-3	9.163582E+0	215.578096E-3	226.686019E-3
21.100000E+0	1.000000E+0	626.039514E-3	9.218490E+0	216.684359E-3	227.595586E-3
21.200000E+0	1.000000E+0	629.407176E-3	9.270704E+0	217.677968E-3	228.747744E-3
21.300000E+0	1.000000E+0	632.721195E-3	9.307647E+0	218.970793E-3	229.993481E-3
21.400000E+0	1.000000E+0	636.529931E-3	9.353137E+0	220.115798E-3	231.043119E-3
21.500000E+0	1.000000E+0	638.055810E-3	9.400141E+0	220.997947E-3	231.833476E-3
21.600000E+0	1.000000E+0	642.657289E-3	9.421301E+0	222.013610E-3	232.598800E-3
21.700000E+0	1.000000E+0	645.697126E-3	9.462774E+0	222.784299E-3	233.913083E-3
21.800000E+0	1.000000E+0	648.164758E-3	9.521389E+0	224.294680E-3	234.946031E-3
21.900000E+0	1.000000E+0	650.709877E-3	9.556055E+0	224.884170E-3	235.979576E-3
22.000000E+0	1.000000E+0	653.970251E-3	9.591103E+0	226.115602E-3	237.116833E-3
22.100000E+0	1.000000E+0	656.890878E-3	9.638596E+0	227.068681E-3	237.969179E-3
22.200000E+0	1.000000E+0	659.996280E-3	9.687805E+0	227.835197E-3	239.300151E-3
22.300000E+0	1.000000E+0	663.036117E-3	9.728050E+0	229.182262E-3	240.094681E-3
22.400000E+0	1.000000E+0	665.050754E-3	9.760499E+0	229.973215E-3	241.456647E-3
22.500000E+0	1.000000E+0	668.764124E-3	9.819770E+0	231.072921E-3	242.367406E-3
22.600000E+0	1.000000E+0	671.440372E-3	9.858716E+0	232.105870E-3	243.015309E-3
22.700000E+0	1.000000E+0	674.378881E-3	9.888184E+0	233.165640E-3	244.319458E-3
22.800000E+0	1.000000E+0	678.426037E-3	9.933341E+0	234.145541E-3	245.463868E-3
22.900000E+0	1.000000E+0	680.542002E-3	9.980214E+0	234.817285E-3	246.208926E-3
23.000000E+0	1.000000E+0	683.408985E-3	10.015488E+0	236.175079E-3	247.675200E-3
23.100000E+0	1.000000E+0	687.104473E-3	10.071409E+0	237.499494E-3	248.326679E-3
23.200000E+0	1.000000E+0	689.470778E-3	10.119200E+0	238.284488E-3	249.440690E-3
23.300000E+0	1.000000E+0	691.062222E-3	10.137045E+0	239.049215E-3	250.428339E-3
23.400000E+0	1.000000E+0	696.760426E-3	10.190952E+0	240.517874E-3	251.594206E-3
23.500000E+0	1.000000E+0	698.006163E-3	10.245228E+0	241.566320E-3	252.728482E-3
23.600000E+0	1.000000E+0	700.569163E-3	10.267949E+0	242.061634E-3	253.136178E-3
23.700000E+0	1.000000E+0	703.996430E-3	10.293067E+0	243.157168E-3	254.635831E-3
23.800000E+0	1.000000E+0	707.608471E-3	10.350418E+0	244.153162E-3	255.809447E-3
23.900000E+0	1.000000E+0	711.172829E-3	10.400677E+0	245.307704E-3	256.533643E-3
24.000000E+0	1.000000E+0	713.616620E-3	10.420215E+0	246.344824E-3	257.778188E-3
24.100000E+0	1.000000E+0	715.899477E-3	10.475707E+0	247.024317E-3	258.660933E-3
24.200000E+0	1.000000E+0	719.386349E-3	10.532415E+0	248.630067E-3	259.724876E-3
24.300000E+0	1.000000E+0	723.361979E-3	10.556972E+0	249.786397E-3	261.003992E-3
24.400000E+0	1.000000E+0	725.799809E-3	10.607374E+0	250.388404E-3	261.988065E-3
24.500000E+0	1.000000E+0	728.714476E-3	10.665381E+0	251.586457E-3	263.056776E-3
24.600000E+0	1.000000E+0	731.307278E-3	10.690069E+0	252.638479E-3	264.174363E-3
24.700000E+0	1.000000E+0	734.353076E-3	10.726655E+0	253.733417E-3	265.259764E-3
24.800000E+0	1.000000E+0	737.816106E-3	10.780835E+0	254.545232E-3	266.430399E-3
24.900000E+0	1.000000E+0	741.356622E-3	10.819757E+0	255.706331E-3	267.239830E-3
25.000000E+0	1.000000E+0	744.181882E-3	10.847068E+0	256.241580E-3	267.945549E-3
25.100000E+0	1.000000E+0	747.686635E-3	10.899210E+0	257.352611E-3	269.244335E-3
25.200000E+0	1.000000E+0	748.467456E-3	10.938478E+0	258.470794E-3	270.174763E-3
25.300000E+0	1.000000E+0	752.180825E-3	10.981524E+0	259.685537E-3	271.079562E-3
25.400000E+0	1.000000E+0	756.007444E-3	11.001074E+0	260.700604E-3	272.243045E-3
25.500000E+0	1.000000E+0	759.255897E-3	11.061871E+0	261.694214E-3	273.002408E-3
25.600000E+0	1.000000E+0	761.032115E-3	11.101711E+0	262.557885E-3	274.081252E-3
25.700000E+0	1.000000E+0	764.465343E-3	11.134684E+0	263.822100E-3	275.539778E-3
25.800000E+0	1.000000E+0	767.791282E-3	11.195683E+0	265.018961E-3	276.695512E-3
25.900000E+0	1.000000E+0	769.621145E-3	11.247396E+0	265.702030E-3	277.923368E-3
26.000000E+0	1.000000E+0	774.043809E-3	11.264348E+0	266.969821E-3	278.691076E-3
26.100000E+0	1.000000E+0	775.718700E-3	11.314905E+0	267.718456E-3	279.725812E-3
26.200000E+0	1.000000E+0	782.042753E-3	11.361849E+0	268.849752E-3	280.801080E-3
26.300000E+0	1.000000E+0	782.543432E-3	11.392641E+0	269.721172E-3	281.525277E-3
26.400000E+0	1.000000E+0	786.548864E-3	11.450374E+0	271.541498E-3	282.677435E-3
26.500000E+0	1.000000E+0	789.791357E-3	11.503029E+0	272.161386E-3	284.042381E-3
26.600000E+0	1.000000E+0	792.902719E-3	11.534882E+0	273.327849E-3	285.050296E-3
26.700000E+0	1.000000E+0	796.103489E-3	11.557293E+0	274.140261E-3	285.884761E-3
26.800000E+0	1.000000E+0	798.594963E-3	11.630487E+0	275.487922E-3	287.468456E-3
26.900000E+0	1.000000E+0	801.855337E-3	11.670995E+0	276.490472E-3	288.572334E-3
27.000000E+0	1.000000E+0	805.813085E-3	11.693645E+0	277.723692E-3	289.568924E-3
27.100000E+0	1.000000E+0	807.356846E-3	11.741936E+0	278.396033E-3	290.296101E-3
27.200000E+0	1.000000E+0	810.778152E-3	11.779332E+0	279.311560E-3	291.450643E-3
27.300000E+0	1.000000E+0	813.233864E-3	11.816061E+0	280.229472E-3	292.222523E-3
27.400000E+0	1.000000E+0	817.888987E-3	11.848271E+0	281.401299E-3	293.411040E-3
27.500000E+0	1.000000E+0	820.475828E-3	11.909747E+0	282.506369E-3	294.374847E-3
27.600000E+0	1.000000E+0	822.651398E-3	11.945224E+0	283.364676E-3	295.208120E-3
27.700000E+0	1.000000E+0	825.041544E-3	11.975956E+0	284.303449E-3	296.334052E-3
27.800000E+0	1.000000E+0	828.665507E-3	12.029421E+0	285.203480E-3	297.523165E-3
27.900000E+0	1.000000E+0	832.575571E-3	12.064207E+0	286.435508E-3	298.594260E-3
28.000000E+0	1.000000E+0	832.837832E-3	12.095916E+0	287.050628E-3	299.298787E-3
28.100000E+0	1.000000E+0	837.314141E-3	12.146664E+0	288.475179E-3	300.356770E-3
28.200000E+0	1.000000E+0	840.860617E-3	12.189806E+0	289.551639E-3	301.603699E-3
28.300000E+0	1.000000E+0	842.607033E-3	12.235796E+0	290.529155E-3	302.308822E-3
28.400000E+0	1.000000E+0	845.223677E-3	12.261176E+0	291.205668E-3	303.320909E-3
28.500000E+0	1.000000E+0	849.509251E-3	12.304366E+0	292.363190E-3	304.577971E-3
28.600000E+0	1.000000E+0	853.115332E-3	12.347627E+0	293.272757E-3	305.515552E-3
28.700000E+0	1.000000E+0	854.039204E-3	12.377703E+0	294.404053E-3	306.603337E-3
28.800000E+0	1.000000E+0	858.950627E-3	12.424362E+0	295.584225E-3	307.393099E-3
28.900000E+0	1.000000E+0	859.892380E-3	12.469244E+0	295.844102E-3	308.001066E-3
29.000000E+0	1.000000E+0	865.685952E-3	12.500274E+0	297.173881E-3	309.777881E-3
29.100000E+0	1.000000E+0	866.818440E-3	12.546599E+0	298.597837E-3	310.506249E-3
29.200000E+0	1.000000E+0	870.281470E-3	12.605679E+0	299.531841E-3	311.717416E-3
29.300000E+0	1.000000E+0	872.516644E-3	12.635708E+0	300.589228E-3	312.568570E-3
29.400000E+0	1.000000E+0	875.997556E-3	12.669885E+0	301.666880E-3	313.551451E-3
29.500000E+0	1.000000E+0	880.241406E-3	12.716854E+0	302.377367E-3	314.717318E-3
29.600000E+0	1.000000E+0	882.095111E-3	12.755764E+0	303.313160E-3	315.629269E-3
29.700000E+0	1.000000E+0	885.695231E-3	12.813640E+0	305.193091E-3	317.546155E-3
29.800000E+0	1.000000E+0	890.386117E-3	12.881839E+0	306.245709E-3	319.085147E-3
29.900000E+0	1.000000E+0	892.561687E-3	12.913179E+0	307.405020E-3	319.884445E-3
30.000000E+0	1.000000E+0	895.965112E-3	12.939537E+0	308.260346E-3	320.550229E-3
30.100000E+0	1.000000E+0	898.396981E-3	12.976432E+0	308.924938E-3	321.193959E-3
30.200000E+0	1.000000E+0	902.974618E-3	13.031971E+0	310.378696E-3	322.489168E-3
30.300000E+0	1.000000E+0	903.707755E-3	13.068807E+0	311.265017E-3	323.825504E-3
30.400000E+0	1.000000E+0	907.760871E-3	13.108408E+0	312.554265E-3	324.779775E-3
30.500000E+0	1.000000E+0	909.858955E-3	13.143992E+0	313.146139E-3	325.519469E-3
30.600000E+0	1.000000E+0	912.731899E-3	13.172603E+0	314.299489E-3	326.237109E-3
30.700000E+0	1.000000E+0	916.975749E-3	13.212407E+0	314.968850E-3	327.182438E-3
30.800000E+0	1.000000E+0	918.865217E-3	13.271797E+0	316.109683E-3	328.524139E-3
30.900000E+0	1.000000E+0	923.120988E-3	13.312924E+0	317.491914E-3	329.732325E-3
31.000000E+0	1.000000E+0	924.021019E-3	13.345420E+0	318.324591E-3	330.659774E-3
31.100000E+0	1.000000E+0	929.063572E-3	13.392866E+0	319.350983E-3	331.659940E-3
31.200000E+0	1.000000E+0	930.196060E-3	13.420475E+0	320.417907E-3	332.765010E-3
31.300000E+0	1.000000E+0	934.916748E-3	13.469386E+0	321.273829E-3	333.590534E-3
31.400000E+0	1.000000E+0	937.902941E-3	13.509643E+0	322.577979E-3	334.687856E-3
31.500000E+0	1.000000E+0	940.293087E-3	13.552797E+0	323.426749E-3	335.894254E-3
31.600000E+0	1.000000E+0	941.771282E-3	13.595200E+0	324.554469E-3	336.697725E-3
31.700000E+0	1.000000E+0	946.688665E-3	13.629687E+0	325.378206E-3	337.610868E-3
31.800000E+0	1.000000E+0	947.552933E-3	13.665414E+0	326.058295E-3	338.528779E-3
31.900000E+0	1.000000E+0	950.753702E-3	13.700640E+0	327.018526E-3	339.701203E-3
32.000000E+0	1.000000E+0	953.769697E-3	13.747716E+0	328.057435E-3	340.833095E-3
32.100000E+0	1.000000E+0	958.746685E-3	13.785458E+0	329.178598E-3	341.778425E-3
32.200000E+0	1.000000E+0	960.046066E-3	13.834476E+0	330.153134E-3	342.690972E-3
32.300000E+0	1.000000E+0	963.932289E-3	13.861072E+0	331.130650E-3	343.711404E-3
32.400000E+0	1.000000E+0	966.888680E-3	13.904858E+0	332.496193E-3	344.803361E-3
32.500000E+0	1.000000E+0	968.712582E-3	13.961804E+0	333.163169E-3	345.577029E-3
32.600000E+0	1.000000E+0	973.010077E-3	14.004624E+0	334.431556E-3	347.182182E-3
32.700000E+0	1.000000E+0	975.233330E-3	14.033008E+0	335.287479E-3	347.856907E-3
32.800000E+0	1.000000E+0	979.560627E-3	14.074087E+0	336.141613E-3	349.198012E-3
32.900000E+0	1.000000E+0	981.205716E-3	14.119542E+0	337.175754E-3	349.801211E-3
33.000000E+0	1.000000E+0	984.668745E-3	14.147925E+0	338.242677E-3	350.765614E-3
33.100000E+0	1.000000E+0	987.797989E-3	14.191520E+0	339.079526E-3	351.731209E-3
33.200000E+0	1.000000E+0	989.484801E-3	14.249909E+0	340.486792E-3	353.141455E-3
33.300000E+0	1.000000E+0	992.792859E-3	14.280403E+0	341.286687E-3	353.985457E-3
33.400000E+0	1.000000E+0	996.208205E-3	14.335227E+0	342.265395E-3	355.569749E-3
33.500000E+0	1.000000E+0	998.872533E-3	14.367914E+0	343.630341E-3	356.072216E-3
33.600000E+0	1.000000E+0	1.002371E+0	14.415634E+0	344.650177E-3	357.592134E-3
33.700000E+0	1.000000E+0	1.004893E+0	14.446402E+0	345.497755E-3	358.566074E-3
33.800000E+0	1.000000E+0	1.008195E+0	14.485276E+0	346.494941E-3	359.106689E-3
33.900000E+0	1.000000E+0	1.011658E+0	14.522970E+0	346.996812E-3	360.037117E-3
34.000000E+0	1.000000E+0	1.014793E+0	14.555049E+0	348.052410E-3	361.031323E-3
34.100000E+0	1.000000E+0	1.016265E+0	14.600503E+0	349.360136E-3	362.231164E-3
34.200000E+0	1.000000E+0	1.020509E+0	14.645195E+0	350.058703E-3	363.311201E-3
34.300000E+0	1.000000E+0	1.022941E+0	14.687622E+0	351.344375E-3	364.153414E-3
34.400000E+0	1.000000E+0	1.025963E+0	14.735782E+0	352.652101E-3	365.548759E-3
34.500000E+0	1.000000E+0	1.028931E+0	14.763916E+0	353.575973E-3	366.473823E-3
34.600000E+0	1.000000E+0	1.033425E+0	14.801228E+0	354.207186E-3	366.899997E-3
34.700000E+0	1.000000E+0	1.034153E+0	14.828563E+0	355.216293E-3	368.133813E-3
34.800000E+0	1.000000E+0	1.037979E+0	14.888608E+0	356.385736E-3	369.560748E-3
34.900000E+0	1.000000E+0	1.042241E+0	14.945543E+0	357.731013E-3	370.748073E-3
35.000000E+0	1.000000E+0	1.044387E+0	14.969611E+0	358.537464E-3	371.594459E-3
35.100000E+0	1.000000E+0	1.046455E+0	15.006042E+0	359.318285E-3	372.424155E-3
35.200000E+0	1.000000E+0	1.051456E+0	15.048659E+0	360.506802E-3	373.475581E-3
35.300000E+0	1.000000E+0	1.053470E+0	15.075421E+0	361.365109E-3	374.152690E-3
35.400000E+0	1.000000E+0	1.056248E+0	15.119898E+0	362.695485E-3	375.599295E-3
35.500000E+0	1.000000E+0	1.059794E+0	15.179360E+0	363.650351E-3	376.501710E-3
35.600000E+0	1.000000E+0	1.062983E+0	15.213215E+0	364.777475E-3	377.579958E-3
35.700000E+0	1.000000E+0	1.065803E+0	15.237784E+0	365.327030E-3	378.270179E-3
35.800000E+0	1.000000E+0	1.067555E+0	15.290201E+0	366.283684E-3	379.270346E-3
35.900000E+0	1.000000E+0	1.071328E+0	15.342057E+0	367.758900E-3	380.649001E-3
36.000000E+0	1.000000E+0	1.073784E+0	15.376651E+0	368.669063E-3	381.866724E-3
36.100000E+0	1.000000E+0	1.076674E+0	15.429878E+0	369.778305E-3	383.030207E-3
36.200000E+0	1.000000E+0	1.081377E+0	15.460670E+0	370.780855E-3	383.766324E-3
36.300000E+0	1.000000E+0	1.083034E+0	15.489221E+0	371.560484E-3	384.911330E-3
36.400000E+0	1.000000E+0	1.086998E+0	15.530884E+0	372.499257E-3	385.416777E-3
36.500000E+0	1.000000E+0	1.088274E+0	15.567219E+0	373.608500E-3	386.548669E-3
36.600000E+0	1.000000E+0	1.093280E+0	15.618479E+0	374.618203E-3	387.831957E-3
36.700000E+0	1.000000E+0	1.094729E+0	15.658057E+0	375.570685E-3	388.718279E-3
36.800000E+0	1.000000E+0	1.097369E+0	15.689683E+0	376.607210E-3	389.835866E-3
36.900000E+0	1.000000E+0	1.101846E+0	15.739131E+0	377.412469E-3	390.678675E-3
37.000000E+0	1.000000E+0	1.104617E+0	15.770602E+0	378.465087E-3	392.034681E-3
37.100000E+0	1.000000E+0	1.108271E+0	15.825164E+0	380.041630E-3	392.968686E-3
37.200000E+0	1.000000E+0	1.110220E+0	15.863740E+0	380.668075E-3	394.174488E-3
37.300000E+0	1.000000E+0	1.114583E+0	15.901053E+0	381.515057E-3	395.071538E-3
37.400000E+0	1.000000E+0	1.117051E+0	15.931177E+0	382.673771E-3	395.924481E-3
37.500000E+0	1.000000E+0	1.120305E+0	15.965211E+0	383.532078E-3	396.970542E-3
37.600000E+0	1.000000E+0	1.122791E+0	16.013610E+0	384.609730E-3	397.984417E-3
37.700000E+0	1.000000E+0	1.126218E+0	16.039741E+0	385.481746E-3	398.875507E-3
37.800000E+0	1.000000E+0	1.127607E+0	16.102755E+0	386.761458E-3	400.181445E-3
37.900000E+0	1.000000E+0	1.130313E+0	16.141772E+0	387.480886E-3	401.153000E-3
38.000000E+0	1.000000E+0	1.134378E+0	16.175389E+0	388.635428E-3	402.088197E-3
38.100000E+0	1.000000E+0	1.137161E+0	16.221666E+0	389.580162E-3	402.830275E-3
38.200000E+0	1.000000E+0	1.138771E+0	16.270757E+0	390.573175E-3	404.135021E-3
38.300000E+0	1.000000E+0	1.142675E+0	16.303921E+0	391.694339E-3	405.296120E-3
38.400000E+0	1.000000E+0	1.146019E+0	16.336727E+0	392.649801E-3	406.301650E-3
38.500000E+0	1.000000E+0	1.149249E+0	16.386473E+0	393.999250E-3	407.274398E-3
38.600000E+0	1.000000E+0	1.151073E+0	16.420507E+0	394.605430E-3	408.129129E-3
38.700000E+0	1.000000E+0	1.155061E+0	16.461539E+0	395.525726E-3	409.280691E-3
38.800000E+0	1.000000E+0	1.159000E+0	16.508031E+0	396.680864E-3	410.220656E-3
38.900000E+0	1.000000E+0	1.162612E+0	16.555309E+0	398.116740E-3	411.477122E-3
39.000000E+0	1.000000E+0	1.166183E+0	16.579807E+0	398.419531E-3	412.340197E-3
39.100000E+0	1.000000E+0	1.166397E+0	16.612649E+0	399.239095E-3	413.023266E-3
39.200000E+0	1.000000E+0	1.170510E+0	16.659236E+0	400.642785E-3	414.004359E-3
39.300000E+0	1.000000E+0	1.172584E+0	16.704357E+0	401.763948E-3	415.130887E-3
39.400000E+0	1.000000E+0	1.175934E+0	16.748726E+0	403.163465E-3	416.392121E-3
39.500000E+0	1.000000E+0	1.179481E+0	16.798234E+0	403.936538E-3	417.497191E-3
39.600000E+0	1.000000E+0	1.180685E+0	16.831374E+0	404.877695E-3	418.696437E-3
39.700000E+0	1.000000E+0	1.185930E+0	16.863930E+0	405.640039E-3	419.475470E-3
39.800000E+0	1.000000E+0	1.188183E+0	16.893137E+0	406.469735E-3	420.210395E-3
39.900000E+0	1.000000E+0	1.190758E+0	16.946447E+0	407.741698E-3	421.147380E-3
40.000000E+0	1.000000E+0	1.194084E+0	16.986191E+0	409.010681E-3	422.712002E-3
40.100000E+0	1.000000E+0	1.196873E+0	17.023337E+0	409.737262E-3	423.573289E-3
40.200000E+0	1.000000E+0	1.201159E+0	17.077827E+0	411.196980E-3	424.739752E-3
40.300000E+0	1.000000E+0	1.206940E+0	17.161429E+0	413.277182E-3	426.770483E-3
40.400000E+0	1.000000E+0	1.209188E+0	17.185974E+0	413.576398E-3	427.555476E-3
40.500000E+0	1.000000E+0	1.211917E+0	17.232430E+0	414.765510E-3	428.218876E-3
40.600000E+0	1.000000E+0	1.215822E+0	17.256272E+0	415.954623E-3	429.286991E-3
40.700000E+0	1.000000E+0	1.217347E+0	17.286134E+0	416.387353E-3	430.132781E-3
40.800000E+0	1.000000E+0	1.220065E+0	17.323661E+0	417.479906E-3	430.788432E-3
40.900000E+0	1.000000E+0	1.223409E+0	17.369330E+0	418.254170E-3	431.872641E-3
41.000000E+0	1.000000E+0	1.226944E+0	17.402339E+0	419.699583E-3	433.216130E-3
41.100000E+0	1.000000E+0	1.227731E+0	17.443514E+0	420.510206E-3	434.378420E-3
41.200000E+0	1.000000E+0	1.232356E+0	17.496955E+0	421.515141E-3	435.201561E-3
41.300000E+0	1.000000E+0	1.233661E+0	17.520297E+0	422.282849E-3	436.009800E-3
41.400000E+0	1.000000E+0	1.238042E+0	17.544627E+0	423.072014E-3	437.131559E-3
41.500000E+0	1.000000E+0	1.240629E+0	17.604208E+0	424.276624E-3	437.634026E-3
41.600000E+0	1.000000E+0	1.242667E+0	17.634952E+0	424.810086E-3	439.009702E-3
41.700000E+0	1.000000E+0	1.248139E+0	17.666245E+0	426.205431E-3	440.023577E-3
41.800000E+0	1.000000E+0	1.249468E+0	17.721248E+0	426.966582E-3	441.056525E-3
41.900000E+0	1.000000E+0	1.252699E+0	17.750645E+0	428.108011E-3	441.610252E-3
42.000000E+0	1.000000E+0	1.254183E+0	17.776322E+0	428.772603E-3	442.400014E-3
42.100000E+0	1.000000E+0	1.257050E+0	17.820358E+0	429.581438E-3	443.660652E-3
42.200000E+0	1.000000E+0	1.258969E+0	17.873609E+0	430.889760E-3	444.418227E-3
42.300000E+0	1.000000E+0	1.263720E+0	17.898417E+0	432.039534E-3	445.537603E-3
42.400000E+0	1.000000E+0	1.267236E+0	17.942774E+0	432.573592E-3	446.765459E-3
42.500000E+0	1.000000E+0	1.270145E+0	17.980921E+0	433.774029E-3	447.834766E-3
42.600000E+0	1.000000E+0	1.271719E+0	18.020999E+0	434.840952E-3	448.800361E-3
42.700000E+0	1.000000E+0	1.274741E+0	18.056595E+0	435.987746E-3	450.138486E-3
42.800000E+0	1.000000E+0	1.278240E+0	18.110347E+0	437.058245E-3	450.797713E-3
42.900000E+0	1.000000E+0	1.282293E+0	18.144870E+0	438.046490E-3	451.917088E-3
43.000000E+0	1.000000E+0	1.284128E+0	18.170154E+0	438.820159E-3	452.650822E-3
43.100000E+0	1.000000E+0	1.289135E+0	18.210852E+0	439.711844E-3	453.785694E-3
43.200000E+0	1.000000E+0	1.290023E+0	18.250811E+0	440.333521E-3	454.295910E-3
43.300000E+0	1.000000E+0	1.292574E+0	18.293917E+0	441.890990E-3	455.575026E-3
43.400000E+0	1.000000E+0	1.296634E+0	18.336153E+0	443.257725E-3	456.972159E-3
43.500000E+0	1.000000E+0	1.298940E+0	18.387282E+0	443.781650E-3	457.972325E-3
43.600000E+0	1.000000E+0	1.300782E+0	18.413186E+0	444.659626E-3	458.779372E-3
43.700000E+0	1.000000E+0	1.305586E+0	18.446696E+0	445.529258E-3	459.623970E-3
43.800000E+0	1.000000E+0	1.306778E+0	18.490469E+0	446.565783E-3	460.813678E-3
43.900000E+0	1.000000E+0	1.310784E+0	18.553460E+0	448.087490E-3	461.863316E-3
44.000000E+0	1.000000E+0	1.313680E+0	18.566895E+0	448.642409E-3	462.690629E-3
44.100000E+0	1.000000E+0	1.318353E+0	18.609166E+0	449.594295E-3	463.687815E-3
44.200000E+0	1.000000E+0	1.319230E+0	18.652558E+0	450.238621E-3	464.393534E-3
44.300000E+0	1.000000E+0	1.324165E+0	18.668509E+0	451.349652E-3	465.281047E-3
44.400000E+0	1.000000E+0	1.325566E+0	18.710780E+0	452.527440E-3	466.700234E-3
44.500000E+0	1.000000E+0	1.329923E+0	18.785942E+0	453.616417E-3	467.657484E-3
44.600000E+0	1.000000E+0	1.330525E+0	18.805444E+0	454.450286E-3	468.829908E-3
44.700000E+0	1.000000E+0	1.333642E+0	18.840516E+0	455.718077E-3	469.871201E-3
44.800000E+0	1.000000E+0	1.337713E+0	18.891859E+0	456.630028E-3	470.858254E-3
44.900000E+0	1.000000E+0	1.341003E+0	18.925560E+0	457.705296E-3	471.832194E-3
45.000000E+0	1.000000E+0	1.342607E+0	18.957222E+0	458.639301E-3	472.782292E-3
45.100000E+0	1.000000E+0	1.344836E+0	19.012117E+0	459.454096E-3	474.065580E-3
45.200000E+0	1.000000E+0	1.348984E+0	19.060802E+0	460.651554E-3	474.936404E-3
45.300000E+0	1.000000E+0	1.352328E+0	19.074667E+0	461.573638E-3	475.622454E-3
45.400000E+0	1.000000E+0	1.356041E+0	19.118547E+0	462.676324E-3	476.982632E-3
45.500000E+0	1.000000E+0	1.358742E+0	19.157922E+0	463.212766E-3	477.349796E-3
45.600000E+0	1.000000E+0	1.362181E+0	19.192719E+0	464.815535E-3	478.760638E-3
45.700000E+0	1.000000E+0	1.363158E+0	19.240975E+0	465.179123E-3	479.805508E-3
45.800000E+0	1.000000E+0	1.367450E+0	19.279742E+0	466.411151E-3	480.824151E-3
45.900000E+0	1.000000E+0	1.370287E+0	19.307375E+0	466.960110E-3	481.442252E-3
46.000000E+0	1.000000E+0	1.372021E+0	19.338369E+0	467.952527E-3	482.590833E-3
46.100000E+0	1.000000E+0	1.376927E+0	19.395125E+0	468.938388E-3	483.870545E-3
46.200000E+0	1.000000E+0	1.379651E+0	19.442260E+0	470.917263E-3	485.038200E-3
46.300000E+0	1.000000E+0	1.383603E+0	19.477034E+0	471.586623E-3	485.951343E-3
46.400000E+0	1.000000E+0	1.385570E+0	19.513917E+0	472.480096E-3	486.905018E-3
46.500000E+0	1.000000E+0	1.387775E+0	19.559026E+0	473.423638E-3	487.868229E-3
46.600000E+0	1.000000E+0	1.392388E+0	19.591463E+0	474.143066E-3	488.694945E-3
46.700000E+0	1.000000E+0	1.393724E+0	19.619060E+0	475.316086E-3	489.519874E-3
46.800000E+0	1.000000E+0	1.398474E+0	19.671273E+0	476.505198E-3	490.805546E-3
46.900000E+0	1.000000E+0	1.400602E+0	19.722939E+0	477.437415E-3	491.820613E-3
47.000000E+0	1.000000E+0	1.402503E+0	19.743681E+0	478.491821E-3	492.869655E-3
47.100000E+0	1.000000E+0	1.407444E+0	19.790220E+0	479.378143E-3	494.222084E-3
47.200000E+0	1.000000E+0	1.409477E+0	19.841969E+0	480.624476E-3	494.623820E-3
47.300000E+0	1.000000E+0	1.412827E+0	19.883418E+0	481.673518E-3	496.110360E-3
47.400000E+0	1.000000E+0	1.416433E+0	19.906116E+0	482.531229E-3	496.720115E-3
47.500000E+0	1.000000E+0	1.417565E+0	19.948912E+0	483.325162E-3	498.144070E-3
47.600000E+0	1.000000E+0	1.421887E+0	19.976723E+0	484.261551E-3	498.877804E-3
47.700000E+0	1.000000E+0	1.425684E+0	20.011449E+0	485.616961E-3	500.081222E-3
47.800000E+0	1.000000E+0	1.427370E+0	20.061648E+0	486.118832E-3	500.621240E-3
47.900000E+0	1.000000E+0	1.430917E+0	20.104265E+0	487.432519E-3	501.968305E-3
48.000000E+0	1.000000E+0	1.432592E+0	20.130980E+0	488.129297E-3	502.808730E-3
48.100000E+0	1.000000E+0	1.436931E+0	20.191860E+0	489.530603E-3	503.921549E-3
48.200000E+0	1.000000E+0	1.440525E+0	20.224893E+0	490.176121E-3	504.863899E-3
48.300000E+0	1.000000E+0	1.442218E+0	20.249319E+0	491.037408E-3	505.424778E-3
48.400000E+0	1.000000E+0	1.446193E+0	20.300519E+0	491.917173E-3	506.508391E-3
48.500000E+0	1.000000E+0	1.448852E+0	20.353138E+0	493.395368E-3	508.249443E-3
48.600000E+0	1.000000E+0	1.451969E+0	20.387900E+0	494.539777E-3	509.015958E-3
48.700000E+0	1.000000E+0	1.454020E+0	20.418954E+0	495.348612E-3	509.920161E-3
48.800000E+0	2.000000E+0	1.456207E+0	20.431948E+0	495.923201E-3	510.655682E-3
48.900000E+0	2.000000E+0	1.456994E+0	20.433426E+0	496.022741E-3	510.501306E-3
49.000000E+0	2.000000E+0	1.435900E+0	20.099759E+0	487.569014E-3	502.492230E-3
49.100000E+0	2.000000E+0	1.409024E+0	19.724226E+0	479.019919E-3	493.359009E-3
49.200000E+0	2.000000E+0	1.381654E+0	19.329572E+0	469.321050E-3	483.806172E-3
49.300000E+0	2.000000E+0	1.354814E+0	18.918419E+0	459.606088E-3	474.166312E-3
49.400000E+0	2.000000E+0	1.326376E+0	18.500364E+0	449.903643E-3	464.136042E-3
49.500000E+0	2.000000E+0	1.298237E+0	18.091166E+0	439.462697E-3	453.971065E-3
49.600000E+0	2.000000E+0	1.270771E+0	17.671406E+0	429.807936E-3	443.784630E-3
49.700000E+0	2.000000E+0	1.243275E+0	17.250085E+0	419.849191E-3	434.011852E-3
49.800000E+0	2.000000E+0	1.215678E+0	16.850984E+0	409.801635E-3	423.978601E-3
49.900000E+0	2.000000E+0	1.186258E+0	16.439843E+0	399.844082E-3	413.829717E-3
50.000000E+0	2.000000E+0	1.157624E+0	16.011572E+0	389.852555E-3	404.055151E-3
50.100000E+0	2.000000E+0	1.129526E+0	15.607870E+0	379.658968E-3	393.697055E-3
50.200000E+0	2.000000E+0	1.102549E+0	15.197921E+0	369.843274E-3	383.804471E-3
50.300000E+0	2.000000E+0	1.072991E+0	14.767015E+0	359.830885E-3	373.639494E-3
50.400000E+0	2.000000E+0	1.045871E+0	14.359212E+0	349.752931E-3	363.623529E-3
50.500000E+0	2.000000E+0	1.016992E+0	13.967538E+0	339.861539E-3	353.711872E-3
50.600000E+0	2.000000E+0	989.276185E-3	13.546610E+0	330.093529E-3	343.604711E-3
50.700000E+0	2.000000E+0	961.059345E-3	13.128924E+0	319.972660E-3	333.566692E-3
50.800000E+0	2.000000E+0	934.511436E-3	12.738037E+0	310.196901E-3	323.480990E-3
50.900000E+0	2.000000E+0	904.428972E-3	12.320232E+0	300.169611E-3	313.866164E-3
51.000000E+0	2.000000E+0	877.976430E-3	11.888206E+0	290.012383E-3	303.706551E-3
51.100000E+0	2.000000E+0	847.572100E-3	11.499965E+0	280.417822E-3	293.161893E-3
51.200000E+0	2.000000E+0	821.763289E-3	11.090088E+0	270.065687E-3	283.581041E-3
51.300000E+0	2.000000E+0	791.430484E-3	10.660148E+0	260.139725E-3	273.233078E-3
51.400000E+0	2.000000E+0	762.736808E-3	10.258436E+0	250.421186E-3	263.276717E-3
51.500000E+0	2.000000E+0	733.602057E-3	9.855127E+0	240.147133E-3	253.053328E-3
51.600000E+0	2.000000E+0	705.856095E-3	9.427834E+0	230.162162E-3	242.658277E-3
51.700000E+0	2.000000E+0	678.735981E-3	9.015703E+0	220.357793E-3	232.787151E-3
51.800000E+0	2.000000E+0	649.219760E-3	8.628547E+0	210.509317E-3	222.892183E-3
51.900000E+0	2.000000E+0	620.120772E-3	8.202338E+0	200.600640E-3	212.651508E-3
52.000000E+0	2.000000E+0	593.107947E-3	7.786083E+0	190.665141E-3	202.505605E-3
52.100000E+0	2.000000E+0	562.834748E-3	7.387364E+0	180.851236E-3	192.666665E-3
52.200000E+0	2.000000E+0	534.880169E-3	6.982863E+0	170.682682E-3	182.400956E-3
52.300000E+0	2.000000E+0	506.854064E-3	6.565714E+0	161.022557E-3	172.627582E-3
52.400000E+0	2.000000E+0	478.529937E-3	6.154251E+0	151.270640E-3	162.423862E-3
52.500000E+0	2.000000E+0	451.141602E-3	5.762935E+0	141.132485E-3	152.096761E-3
52.600000E+0	2.000000E+0	420.141226E-3	5.350089E+0	131.202947E-3	142.150533E-3
52.700000E+0	2.000000E+0	393.444305E-3	4.930902E+0	121.283541E-3	132.128607E-3
52.800000E+0	2.000000E+0	364.625459E-3	4.535604E+0	111.572155E-3	121.929059E-3
52.900000E+0	2.000000E+0	337.117915E-3	4.129303E+0	102.033623E-3	111.875543E-3
53.000000E+0	2.000000E+0	307.679181E-3	3.702521E+0	91.838248E-3	101.675995E-3
53.100000E+0	2.000000E+0	280.642513E-3	3.308535E+0	82.201964E-3	91.379292E-3
53.200000E+0	2.000000E+0	250.709060E-3	2.914560E+0	72.606808E-3	81.205375E-3
53.300000E+0	2.000000E+0	223.028663E-3	2.492237E+0	62.744622E-3	71.207291E-3
53.400000E+0	2.000000E+0	193.983319E-3	2.079296E+0	53.332452E-3	60.983305E-3
53.500000E+0	2.000000E+0	165.098908E-3	1.695049E+0	43.324236E-3	51.068072E-3
53.600000E+0	2.000000E+0	137.639048E-3	1.267099E+0	33.789280E-3	40.538314E-3
53.700000E+0	2.000000E+0	108.307602E-3	850.069523E-3	24.155380E-3	29.929879E-3
53.800000E+0	2.000000E+0	80.764295E-3	468.683243E-3	15.018584E-3	19.701125E-3
53.900000E+0	2.000000E+0	52.410365E-3	63.586235E-3	5.804897E-3	9.132028E-3
54.000000E+0	2.000000E+0	48.649312E-3	5.376339E-3	4.616976E-3	7.867814E-3
54.100000E+0	2.000000E+0	47.808886E-3	23.639202E-3	4.460216E-3	7.662774E-3
54.200000E+0	2.000000E+0	46.074391E-3	20.682812E-3	4.030466E-3	7.557870E-3
54.300000E+0	2.000000E+0	46.211482E-3	7.379055E-3	4.237891E-3	7.392169E-3
54.400000E+0	2.000000E+0	46.330691E-3	8.630753E-3	4.134178E-3	7.022024E-3
54.500000E+0	2.000000E+0	45.716763E-3	25.391579E-3	4.026890E-3	6.951690E-3
54.600000E+0	2.000000E+0	44.822693E-3	16.105175E-3	3.817678E-3	6.896854E-3
54.700000E+0	2.000000E+0	44.822693E-3	10.204315E-3	3.731847E-3	6.650091E-3
54.800000E+0	2.000000E+0	43.320656E-3	16.653538E-3	3.730655E-3	6.566644E-3
54.900000E+0	2.000000E+0	45.019389E-3	9.882450E-3	3.551245E-3	6.474853E-3
55.000000E+0	2.000000E+0	44.071675E-3	6.556511E-3	3.399849E-3	6.156564E-3
55.100000E+0	2.000000E+0	43.350459E-3	6.508827E-3	3.453493E-3	6.440282E-3
55.200000E+0	2.000000E+0	44.101477E-3	10.943413E-3	3.437996E-3	6.164313E-3
55.300000E+0	2.000000E+0	43.219329E-3	6.175041E-3	3.578663E-3	6.074906E-3
55.400000E+0	2.000000E+0	42.492152E-3	-1.823902E-3	3.445149E-3	6.145835E-3
55.500000E+0	2.000000E+0	42.003394E-3	8.368492E-3	3.510118E-3	5.864501E-3
55.600000E+0	2.000000E+0	43.588877E-3	6.330013E-3	3.224612E-3	6.095171E-3
55.700000E+0	2.000000E+0	42.945147E-3	-1.871586E-3	3.490448E-3	6.129146E-3
55.800000E+0	2.000000E+0	41.705371E-3	5.102158E-3	3.380776E-3	5.864501E-3
55.900000E+0	2.000000E+0	42.980910E-3	15.783310E-3	3.115535E-3	5.652309E-3
56.000000E+0	2.000000E+0	42.611361E-3	-5.805492E-3	3.261566E-3	5.842448E-3
56.100000E+0	2.000000E+0	42.051077E-3	4.017353E-3	3.344417E-3	5.825758E-3
56.200000E+0	2.000000E+0	41.699410E-3	16.200542E-3	2.891422E-3	5.788804E-3
56.300000E+0	2.000000E+0	43.159724E-3	1.096725E-3	3.312230E-3	5.766750E-3
56.400000E+0	2.000000E+0	41.484833E-3	-6.657839E-3	3.133416E-3	5.700589E-3
56.500000E+0	2.000000E+0	41.377545E-3	13.601780E-3	3.171563E-3	5.736948E-3
56.600000E+0	2.000000E+0	41.151047E-3	2.026558E-3	3.047586E-3	5.878807E-3
56.700000E+0	2.000000E+0	42.092801E-3	-7.742643E-3	3.013015E-3	5.527139E-3
56.800000E+0	2.000000E+0	41.329861E-3	7.784367E-3	2.880693E-3	5.521179E-3
56.900000E+0	2.000000E+0	41.145087E-3	12.063980E-3	2.800822E-3	5.459190E-3
57.000000E+0	2.000000E+0	40.501357E-3	-4.857779E-3	2.825260E-3	5.612374E-3
57.100000E+0	2.000000E+0	41.025878E-3	6.902218E-3	2.928376E-3	5.627871E-3
57.200000E+0	2.000000E+0	40.483475E-3	9.727478E-3	2.858043E-3	5.145073E-3
57.300000E+0	2.000000E+0	40.614606E-3	-9.322166E-3	2.970100E-3	5.305410E-3
57.400000E+0	2.000000E+0	41.216612E-3	-6.026030E-3	2.607703E-3	5.243421E-3
57.500000E+0	2.000000E+0	40.215254E-3	11.610985E-3	3.171563E-3	5.291105E-3
57.600000E+0	2.000000E+0	41.586161E-3	-1.567602E-3	2.496839E-3	5.527139E-3
57.700000E+0	2.000000E+0	41.007996E-3	-4.637241E-3	2.632141E-3	5.609394E-3
57.800000E+0	2.000000E+0	40.358306E-3	3.075600E-3	2.851486E-3	5.394817E-3
57.900000E+0	2.000000E+0	40.954352E-3	4.982948E-3	3.031492E-3	5.270243E-3
58.000000E+0	2.000000E+0	41.508675E-3	-2.050400E-3	2.770424E-3	5.378128E-3
58.100000E+0	2.000000E+0	39.136410E-3	-3.445148E-3	3.005266E-3	5.210638E-3
58.200000E+0	2.000000E+0	40.274859E-3	4.398823E-3	2.706647E-3	5.230904E-3
58.300000E+0	2.000000E+0	40.262938E-3	5.710125E-3	2.660752E-3	5.366207E-3
58.400000E+0	2.000000E+0	38.939715E-3	-476.837158E-6	2.802015E-3	5.252958E-3
58.500000E+0	2.000000E+0	40.400029E-3	10.216236E-3	2.462268E-3	5.108118E-3
58.600000E+0	3.000000E+0	38.665534E-3	6.127357E-3	2.239943E-3	5.103946E-3
58.700000E+0	3.000000E+0	39.815903E-3	-6.836653E-3	2.725125E-3	5.238653E-3
58.800000E+0	3.000000E+0	39.350987E-3	16.188622E-3	2.911091E-3	5.265475E-3
58.900000E+0	3.000000E+0	39.845706E-3	18.978119E-3	2.731681E-3	5.143881E-3
59.000000E+0	3.000000E+0	42.825938E-3	32.591820E-3	3.349781E-3	6.124378E-3
59.100000E+0	3.000000E+0	44.798852E-3	84.733963E-3	4.440546E-3	7.548929E-3
59.200000E+0	3.000000E+0	49.048663E-3	153.136253E-3	5.609394E-3	8.513332E-3
59.300000E+0	3.000000E+0	51.635504E-3	178.921223E-3	6.781817E-3	9.744764E-3
59.400000E+0	3.000000E+0	54.645539E-3	228.738785E-3	7.970334E-3	11.178852E-3
59.500000E+0	3.000000E+0	58.448315E-3	305.366516E-3	8.828045E-3	12.137295E-3
59.600000E+0	3.000000E+0	60.749055E-3	324.916840E-3	9.873510E-3	13.234020E-3
59.700000E+0	3.000000E+0	63.753129E-3	353.002548E-3	10.738374E-3	14.089347E-3
59.800000E+0	3.000000E+0	66.620112E-3	420.618057E-3	11.323691E-3	15.087725E-3
59.900000E+0	3.000000E+0	68.545342E-3	464.010239E-3	12.703539E-3	16.346575E-3
60.000000E+0	3.000000E+0	72.282554E-3	502.264500E-3	13.750793E-3	17.463566E-3
60.100000E+0	3.000000E+0	74.583293E-3	556.421280E-3	14.675261E-3	18.879177E-3
60.200000E+0	3.000000E+0	76.937677E-3	602.900982E-3	15.930535E-3	19.789936E-3
60.300000E+0	3.000000E+0	81.306697E-3	629.985332E-3	16.702415E-3	21.151902E-3
60.400000E+0	3.000000E+0	83.768369E-3	678.670406E-3	17.594100E-3	22.007229E-3
60.500000E+0	3.000000E+0	87.136031E-3	738.680363E-3	18.814208E-3	23.082497E-3
60.600000E+0	3.000000E+0	88.489057E-3	783.991814E-3	19.961597E-3	24.571421E-3
60.700000E+0	3.000000E+0	94.062091E-3	827.229023E-3	21.119715E-3	25.634172E-3
60.800000E+0	3.000000E+0	94.681980E-3	871.694088E-3	21.985175E-3	26.681425E-3
60.900000E+0	3.000000E+0	98.299982E-3	916.147232E-3	22.845270E-3	27.694108E-3
61.000000E+0	3.000000E+0	102.257730E-3	942.003727E-3	23.589136E-3	28.386118E-3
61.100000E+0	3.000000E+0	105.756523E-3	1.005149E+0	24.910571E-3	29.935243E-3
61.200000E+0	3.000000E+0	107.651950E-3	1.064420E+0	26.353004E-3	31.097534E-3
61.300000E+0	3.000000E+0	111.389162E-3	1.101077E+0	27.161839E-3	32.137039E-3
61.400000E+0	3.000000E+0	114.279987E-3	1.132524E+0	28.168561E-3	33.608082E-3
61.500000E+0	3.000000E+0	116.395952E-3	1.187086E+0	29.127004E-3	34.676793E-3
61.600000E+0	3.000000E+0	119.757654E-3	1.235175E+0	29.946568E-3	35.493377E-3
61.700000E+0	3.000000E+0	121.945144E-3	1.271987E+0	31.123760E-3	36.995414E-3
61.800000E+0	3.000000E+0	126.016142E-3	1.316142E+0	32.758119E-3	37.814382E-3
61.900000E+0	3.000000E+0	127.869846E-3	1.376188E+0	32.861235E-3	38.598779E-3
62.000000E+0	3.000000E+0	131.255390E-3	1.393425E+0	34.334662E-3	39.662722E-3
62.100000E+0	3.000000E+0	133.508446E-3	1.450133E+0	35.486224E-3	41.193965E-3
62.200000E+0	3.000000E+0	138.247015E-3	1.515734E+0	36.320689E-3	42.131547E-3
62.300000E+0	3.000000E+0	141.131880E-3	1.536667E+0	37.369135E-3	43.170456E-3
62.400000E+0	3.000000E+0	143.265726E-3	1.584554E+0	38.269165E-3	44.657592E-3
62.500000E+0	3.000000E+0	146.907570E-3	1.654077E+0	39.457086E-3	45.790676E-3
62.600000E+0	3.000000E+0	149.357321E-3	1.685977E+0	40.351752E-3	46.768788E-3
62.700000E+0	3.000000E+0	151.675942E-3	1.715636E+0	41.332844E-3	47.720675E-3
62.800000E+0	3.000000E+0	156.468155E-3	1.788628E+0	42.670373E-3	49.105291E-3
62.900000E+0	3.000000E+0	158.542397E-3	1.824009E+0	43.733720E-3	50.156717E-3
63.000000E+0	3.000000E+0	159.442427E-3	1.856852E+0	44.546131E-3	51.181320E-3
63.100000E+0	3.000000E+0	163.799527E-3	1.916718E+0	45.903329E-3	52.480106E-3
63.200000E+0	3.000000E+0	167.393687E-3	1.952124E+0	46.538118E-3	52.933101E-3
63.300000E+0	3.000000E+0	169.807675E-3	1.973116E+0	47.411326E-3	53.858165E-3
63.400000E+0	3.000000E+0	172.311070E-3	2.040052E+0	48.619513E-3	55.087213E-3
63.500000E+0	3.000000E+0	176.745656E-3	2.091229E+0	49.518351E-3	56.542163E-3
63.600000E+0	3.000000E+0	178.021195E-3	2.118409E+0	50.649647E-3	57.457094E-3
63.700000E+0	3.000000E+0	182.306769E-3	2.166438E+0	51.774983E-3	58.738594E-3
63.800000E+0	3.000000E+0	186.288359E-3	2.238202E+0	52.986745E-3	60.222750E-3
63.900000E+0	3.000000E+0	187.343362E-3	2.280772E+0	54.237847E-3	61.348682E-3
64.000000E+0	3.000000E+0	191.122296E-3	2.314997E+0	55.297022E-3	62.205796E-3
64.100000E+0	3.000000E+0	194.662812E-3	2.357221E+0	56.082015E-3	63.372855E-3
64.200000E+0	3.000000E+0	197.535756E-3	2.403998E+0	57.071452E-3	64.165001E-3
64.300000E+0	3.000000E+0	198.763612E-3	2.432799E+0	57.646041E-3	65.402394E-3
64.400000E+0	3.000000E+0	201.952460E-3	2.467692E+0	58.852439E-3	66.281562E-3
64.500000E+0	3.000000E+0	206.160548E-3	2.536893E+0	60.017114E-3	67.179804E-3
64.600000E+0	3.000000E+0	208.067897E-3	2.584767E+0	61.202054E-3	68.756943E-3
64.700000E+0	3.000000E+0	212.925676E-3	2.616632E+0	62.164073E-3	70.074206E-3
64.800000E+0	3.000000E+0	213.515762E-3	2.675867E+0	63.372259E-3	70.839530E-3
64.900000E+0	3.000000E+0	218.236449E-3	2.724946E+0	64.476138E-3	71.839100E-3
65.000000E+0	3.000000E+0	221.890214E-3	2.747154E+0	65.436368E-3	73.029405E-3
65.100000E+0	3.000000E+0	223.517421E-3	2.812016E+0	66.925293E-3	74.459320E-3
65.200000E+0	3.000000E+0	228.124860E-3	2.876949E+0	67.953473E-3	75.628167E-3
65.300000E+0	3.000000E+0	229.918960E-3	2.898848E+0	68.724757E-3	76.609260E-3
65.400000E+0	3.000000E+0	233.203176E-3	2.937615E+0	69.592005E-3	77.505118E-3
65.500000E+0	3.000000E+0	235.790018E-3	3.000629E+0	70.889002E-3	78.768140E-3
65.600000E+0	3.000000E+0	240.105394E-3	3.029001E+0	71.821219E-3	79.687244E-3
65.700000E+0	3.000000E+0	241.601471E-3	3.056645E+0	72.910792E-3	80.508596E-3
65.800000E+0	3.000000E+0	245.469812E-3	3.135240E+0	74.281102E-3	82.260377E-3
65.900000E+0	3.000000E+0	248.432163E-3	3.173101E+0	74.967152E-3	83.162791E-3
66.000000E+0	3.000000E+0	251.567367E-3	3.200662E+0	76.236135E-3	84.402568E-3
66.100000E+0	3.000000E+0	255.107883E-3	3.267002E+0	77.348358E-3	85.636980E-3
66.200000E+0	3.000000E+0	258.415941E-3	3.319955E+0	78.623301E-3	86.339719E-3
66.300000E+0	3.000000E+0	261.199478E-3	3.353775E+0	79.497105E-3	88.011629E-3
66.400000E+0	3.000000E+0	262.469057E-3	3.392947E+0	80.683238E-3	89.102395E-3
66.500000E+0	3.000000E+0	265.812878E-3	3.455162E+0	81.430084E-3	89.921362E-3
66.600000E+0	3.000000E+0	271.499161E-3	3.489971E+0	82.580454E-3	91.272600E-3
66.700000E+0	3.000000E+0	272.554163E-3	3.527844E+0	83.222396E-3	92.133887E-3
66.800000E+0	3.000000E+0	276.470188E-3	3.585315E+0	84.683306E-3	93.393929E-3
66.900000E+0	3.000000E+0	279.217962E-3	3.623998E+0	85.912950E-3	94.205745E-3
67.000000E+0	3.000000E+0	280.410055E-3	3.655982E+0	86.534626E-3	95.136173E-3
67.100000E+0	3.000000E+0	285.714869E-3	3.709650E+0	87.677247E-3	96.421249E-3
67.200000E+0	3.000000E+0	287.467245E-3	3.768075E+0	88.950403E-3	97.627052E-3
67.300000E+0	3.000000E+0	290.578608E-3	3.807580E+0	90.104945E-3	98.913320E-3
67.400000E+0	3.000000E+0	295.323138E-3	3.856957E+0	91.094978E-3	99.851497E-3
67.500000E+0	3.000000E+0	297.093396E-3	3.910220E+0	92.157729E-3	101.076373E-3
67.600000E+0	3.000000E+0	301.188235E-3	3.952909E+0	93.457110E-3	102.298268E-3
67.700000E+0	3.000000E+0	304.669146E-3	3.985095E+0	94.432242E-3	103.150614E-3
67.800000E+0	3.000000E+0	307.345395E-3	4.043865E+0	95.613010E-3	104.216346E-3
67.900000E+0	3.000000E+0	309.896473E-3	4.092371E+0	96.541651E-3	105.535396E-3
68.000000E+0	3.000000E+0	312.513117E-3	4.117382E+0	97.610362E-3	106.877693E-3
68.100000E+0	3.000000E+0	316.649680E-3	4.177260E+0	98.955043E-3	108.009585E-3
68.200000E+0	3.000000E+0	317.662959E-3	4.229712E+0	99.768647E-3	108.761200E-3
68.300000E+0	3.000000E+0	321.120028E-3	4.258955E+0	100.597151E-3	109.861502E-3
68.400000E+0	3.000000E+0	324.487691E-3	4.303169E+0	101.977595E-3	111.384401E-3
68.500000E+0	3.000000E+0	328.463321E-3	4.377329E+0	103.110083E-3	112.257013E-3
68.600000E+0	3.000000E+0	330.579285E-3	4.399776E+0	103.952297E-3	113.388309E-3
68.700000E+0	3.000000E+0	334.066157E-3	4.421985E+0	105.240949E-3	114.388475E-3
68.800000E+0	3.000000E+0	337.296729E-3	4.486275E+0	105.809578E-3	115.283141E-3
68.900000E+0	3.000000E+0	339.478259E-3	4.534900E+0	107.434401E-3	116.316089E-3
69.000000E+0	3.000000E+0	343.823438E-3	4.565001E+0	108.045944E-3	117.839584E-3
69.100000E+0	3.000000E+0	346.344714E-3	4.634094E+0	109.202871E-3	118.898163E-3
69.200000E+0	3.000000E+0	348.705058E-3	4.673803E+0	110.428938E-3	119.434009E-3
69.300000E+0	3.000000E+0	351.852183E-3	4.691577E+0	111.036906E-3	120.777497E-3
69.400000E+0	3.000000E+0	354.808574E-3	4.737461E+0	111.973295E-3	121.886144E-3
69.500000E+0	3.000000E+0	357.723241E-3	4.791212E+0	113.175520E-3	122.649679E-3
69.600000E+0	3.000000E+0	359.028583E-3	4.832113E+0	114.284167E-3	123.708854E-3
69.700000E+0	3.000000E+0	362.348562E-3	4.881620E+0	115.830908E-3	125.150095E-3
69.800000E+0	3.000000E+0	366.324191E-3	4.934025E+0	116.835246E-3	126.198540E-3
69.900000E+0	3.000000E+0	370.275979E-3	4.974914E+0	117.479572E-3	126.916776E-3
70.000000E+0	3.000000E+0	373.804574E-3	4.999125E+0	118.203769E-3	128.362189E-3
70.100000E+0	3.000000E+0	375.598674E-3	5.045533E+0	119.345794E-3	129.261027E-3
70.200000E+0	3.000000E+0	376.826530E-3	5.108225E+0	120.492587E-3	130.270730E-3
70.300000E+0	3.000000E+0	382.375723E-3	5.143666E+0	121.428380E-3	131.464015E-3
70.400000E+0	3.000000E+0	384.813553E-3	5.180883E+0	122.919689E-3	132.685314E-3
70.500000E+0	3.000000E+0	388.091808E-3	5.233765E+0	123.921643E-3	133.365999E-3
70.600000E+0	3.000000E+0	390.768057E-3	5.283737E+0	124.883662E-3	134.758960E-3
70.700000E+0	3.000000E+0	392.621761E-3	5.303848E+0	125.996481E-3	135.709654E-3
70.800000E+0	3.000000E+0	396.120554E-3	5.363894E+0	127.218972E-3	136.889826E-3
70.900000E+0	3.000000E+0	399.839884E-3	5.412292E+0	128.054033E-3	137.945425E-3
71.000000E+0	3.000000E+0	402.432686E-3	5.433214E+0	128.986846E-3	139.117252E-3
71.100000E+0	3.000000E+0	405.001646E-3	5.488026E+0	130.000125E-3	140.193116E-3
71.200000E+0	3.000000E+0	407.952076E-3	5.554271E+0	131.048571E-3	140.992414E-3
71.300000E+0	3.000000E+0	410.479313E-3	5.569553E+0	132.009994E-3	142.143976E-3
71.400000E+0	3.000000E+0	413.393980E-3	5.620718E+0	133.360039E-3	143.402230E-3
71.500000E+0	3.000000E+0	418.198115E-3	5.688143E+0	134.688627E-3	144.518625E-3
71.600000E+0	3.000000E+0	421.041256E-3	5.711246E+0	135.550510E-3	145.186197E-3
71.700000E+0	3.000000E+0	423.270470E-3	5.747437E+0	136.350404E-3	146.871221E-3
71.800000E+0	3.000000E+0	426.918274E-3	5.813777E+0	137.827407E-3	147.855890E-3
71.900000E+0	3.000000E+0	429.916388E-3	5.852616E+0	138.488423E-3	148.640287E-3
72.000000E+0	3.000000E+0	432.354218E-3	5.868161E+0	139.510643E-3	149.645817E-3
72.100000E+0	3.000000E+0	433.790690E-3	5.933845E+0	140.705716E-3	150.769365E-3
72.200000E+0	3.000000E+0	438.410050E-3	5.993021E+0	141.652834E-3	151.930464E-3
72.300000E+0	3.000000E+0	442.385680E-3	6.001830E+0	142.654192E-3	152.741087E-3
72.400000E+0	3.000000E+0	444.328791E-3	6.056082E+0	143.952977E-3	154.181135E-3
72.500000E+0	3.000000E+0	447.368628E-3	6.111205E+0	144.716513E-3	155.342830E-3
72.600000E+0	3.000000E+0	450.235612E-3	6.145120E+0	146.071923E-3	155.907286E-3
72.700000E+0	3.000000E+0	453.919179E-3	6.188726E+0	147.304547E-3	157.722843E-3
72.800000E+0	3.000000E+0	457.555062E-3	6.260788E+0	148.466837E-3	158.861888E-3
72.900000E+0	3.000000E+0	459.831959E-3	6.292415E+0	149.580848E-3	159.610523E-3
73.000000E+0	3.000000E+0	462.841994E-3	6.330454E+0	150.223386E-3	160.615457E-3
73.100000E+0	3.000000E+0	464.910275E-3	6.377351E+0	151.531112E-3	162.133587E-3
73.200000E+0	3.000000E+0	470.715768E-3	6.424630E+0	152.415645E-3	162.813080E-3
73.300000E+0	3.000000E+0	471.788651E-3	6.453574E+0	153.145802E-3	163.687481E-3
73.400000E+0	3.000000E+0	473.594672E-3	6.489801E+0	154.153717E-3	164.573802E-3
73.500000E+0	3.000000E+0	477.862365E-3	6.552720E+0	155.509127E-3	166.200413E-3
73.600000E+0	3.000000E+0	480.800874E-3	6.595254E+0	156.505716E-3	167.171372E-3
73.700000E+0	3.000000E+0	484.114892E-3	6.629193E+0	157.409919E-3	168.378963E-3
73.800000E+0	3.000000E+0	486.969955E-3	6.693220E+0	158.693207E-3	169.258131E-3
73.900000E+0	3.000000E+0	488.996513E-3	6.726086E+0	159.519924E-3	170.127763E-3
74.000000E+0	3.000000E+0	492.155559E-3	6.758249E+0	160.787714E-3	171.169652E-3
74.100000E+0	3.000000E+0	495.469577E-3	6.808126E+0	161.890400E-3	172.691359E-3
74.200000E+0	3.000000E+0	498.336561E-3	6.869984E+0	162.901295E-3	173.366084E-3
74.300000E+0	3.000000E+0	501.978404E-3	6.888986E+0	163.924707E-3	174.384727E-3
74.400000E+0	3.000000E+0	504.857309E-3	6.920159E+0	164.906992E-3	175.449266E-3
74.500000E+0	3.000000E+0	507.402427E-3	6.990516E+0	165.541781E-3	176.635399E-3
74.600000E+0	3.000000E+0	508.725650E-3	7.009959E+0	166.581286E-3	177.539005E-3
74.700000E+0	3.000000E+0	513.792045E-3	7.046175E+0	167.601122E-3	178.334727E-3
74.800000E+0	3.000000E+0	516.211994E-3	7.118058E+0	168.892159E-3	179.871335E-3
74.900000E+0	3.000000E+0	519.722707E-3	7.166755E+0	170.436515E-3	180.979386E-3
75.000000E+0	3.000000E+0	522.047289E-3	7.182491E+0	171.191706E-3	181.880012E-3
75.100000E+0	3.000000E+0	526.535518E-3	7.248223E+0	172.576322E-3	183.294430E-3
75.200000E+0	3.000000E+0	528.633602E-3	7.299399E+0	173.414363E-3	184.324995E-3
75.300000E+0	3.000000E+0	531.482704E-3	7.327819E+0	174.383535E-3	185.291186E-3
75.400000E+0	3.000000E+0	534.784801E-3	7.377470E+0	175.749674E-3	186.681762E-3
75.500000E+0	3.000000E+0	537.484892E-3	7.436574E+0	176.689639E-3	187.621132E-3
75.600000E+0	3.000000E+0	540.781029E-3	7.458770E+0	177.457347E-3	188.729182E-3
75.700000E+0	3.000000E+0	542.193659E-3	7.498717E+0	178.535595E-3	189.246550E-3
75.800000E+0	3.000000E+0	546.580561E-3	7.548440E+0	179.369464E-3	190.526262E-3
75.900000E+0	3.000000E+0	550.180681E-3	7.591820E+0	180.353537E-3	191.454307E-3
76.000000E+0	3.000000E+0	552.845009E-3	7.624400E+0	181.462779E-3	192.284003E-3
76.100000E+0	3.000000E+0	555.688151E-3	7.681584E+0	182.787791E-3	194.281355E-3
76.200000E+0	3.000000E+0	557.321318E-3	7.728815E+0	183.596626E-3	194.891707E-3
76.300000E+0	3.000000E+0	560.802229E-3	7.771051E+0	185.017601E-3	195.882932E-3
76.400000E+0	3.000000E+0	564.533480E-3	7.801831E+0	185.611859E-3	196.931974E-3
76.500000E+0	3.000000E+0	566.661366E-3	7.851410E+0	187.013760E-3	198.240892E-3
76.600000E+0	3.000000E+0	570.708521E-3	7.901216E+0	187.672988E-3	198.981778E-3
76.700000E+0	3.000000E+0	572.603949E-3	7.928181E+0	188.859120E-3	200.275795E-3
76.800000E+0	3.000000E+0	575.166949E-3	7.980490E+0	189.767495E-3	201.390998E-3
76.900000E+0	3.000000E+0	579.160460E-3	8.030224E+0	191.233769E-3	202.143208E-3
77.000000E+0	3.000000E+0	583.308943E-3	8.066142E+0	192.369238E-3	203.408019E-3
77.100000E+0	3.000000E+0	586.140164E-3	8.112228E+0	193.239466E-3	204.368250E-3
77.200000E+0	3.000000E+0	587.517031E-3	8.160079E+0	194.235460E-3	205.423848E-3
77.300000E+0	3.000000E+0	591.361531E-3	8.188903E+0	194.925681E-3	206.175463E-3
77.400000E+0	3.000000E+0	595.247754E-3	8.236146E+0	196.676866E-3	207.751410E-3
77.500000E+0	3.000000E+0	596.010693E-3	8.300984E+0	197.335497E-3	209.097879E-3
77.600000E+0	3.000000E+0	599.706181E-3	8.333027E+0	198.338048E-3	209.805982E-3
77.700000E+0	3.000000E+0	603.133448E-3	8.353055E+0	199.287550E-3	210.685747E-3
77.800000E+0	3.000000E+0	605.583199E-3	8.415747E+0	200.167314E-3	211.643594E-3
77.900000E+0	3.000000E+0	609.350213E-3	8.455145E+0	201.453583E-3	212.742703E-3
78.000000E+0	3.000000E+0	612.664231E-3	8.491516E+0	202.426927E-3	214.089768E-3
78.100000E+0	3.000000E+0	614.637145E-3	8.568692E+0	203.943865E-3	215.605515E-3
78.200000E+0	3.000000E+0	618.833312E-3	8.605790E+0	205.047147E-3	216.220635E-3
78.300000E+0	3.000000E+0	621.551284E-3	8.631194E+0	205.814259E-3	217.290538E-3
78.400000E+0	3.000000E+0	623.393068E-3	8.668840E+0	206.654088E-3	218.210834E-3
78.500000E+0	3.000000E+0	626.832256E-3	8.719933E+0	207.591073E-3	219.248551E-3
78.600000E+0	3.000000E+0	630.384692E-3	8.755505E+0	208.549516E-3	220.333951E-3
78.700000E+0	3.000000E+0	632.166871E-3	8.806884E+0	210.298317E-3	221.509951E-3
78.800000E+0	3.000000E+0	635.486850E-3	8.846998E+0	210.917609E-3	222.671646E-3
78.900000E+0	3.000000E+0	639.474401E-3	8.887291E+0	211.779492E-3	223.537701E-3
79.000000E+0	3.000000E+0	642.603645E-3	8.933377E+0	213.183182E-3	224.455017E-3
79.100000E+0	3.000000E+0	645.613679E-3	8.978522E+0	213.863867E-3	225.766915E-3
79.200000E+0	3.000000E+0	648.081312E-3	9.020364E+0	215.159076E-3	226.904172E-3
79.300000E+0	3.000000E+0	651.746997E-3	9.063840E+0	216.376203E-3	227.803010E-3
79.400000E+0	3.000000E+0	654.333839E-3	9.097695E+0	217.232722E-3	229.032654E-3
79.500000E+0	3.000000E+0	656.467685E-3	9.145343E+0	218.109506E-3	229.886789E-3
79.600000E+0	3.000000E+0	660.300264E-3	9.204638E+0	219.347495E-3	231.282730E-3
79.700000E+0	3.000000E+0	664.049396E-3	9.238136E+0	220.536607E-3	232.561845E-3
79.800000E+0	3.000000E+0	666.457424E-3	9.292173E+0	221.627968E-3	233.271737E-3
79.900000E+0	3.000000E+0	668.829689E-3	9.332395E+0	222.355145E-3	234.156866E-3
80.000000E+0	3.000000E+0	669.974098E-3	9.365630E+0	223.672408E-3	235.201139E-3
80.100000E+0	3.000000E+0	675.386200E-3	9.411311E+0	224.853176E-3	236.499328E-3
80.200000E+0	3.000000E+0	677.752504E-3	9.463620E+0	225.535053E-3	237.372537E-3
80.300000E+0	3.000000E+0	682.151327E-3	9.497523E+0	226.823706E-3	238.853116E-3
80.400000E+0	3.000000E+0	684.732208E-3	9.542096E+0	227.699894E-3	239.870567E-3
80.500000E+0	3.000000E+0	687.378655E-3	9.605551E+0	228.930730E-3	240.871330E-3
80.600000E+0	3.000000E+0	688.916454E-3	9.639883E+0	229.892153E-3	241.631885E-3
80.700000E+0	3.000000E+0	693.488131E-3	9.663653E+0	230.692047E-3	242.698808E-3
80.800000E+0	3.000000E+0	695.580254E-3	9.727228E+0	232.102293E-3	243.744274E-3
80.900000E+0	3.000000E+0	698.333988E-3	9.765351E+0	233.125705E-3	245.276709E-3
81.000000E+0	3.000000E+0	701.826821E-3	9.790432E+0	234.275479E-3	246.216674E-3
81.100000E+0	3.000000E+0	706.303130E-3	9.843242E+0	234.913845E-3	247.033258E-3
81.200000E+0	3.000000E+0	708.246241E-3	9.892428E+0	235.970635E-3	248.127003E-3
81.300000E+0	3.000000E+0	711.852322E-3	9.921944E+0	237.038751E-3	249.430557E-3
81.400000E+0	3.000000E+0	715.780268E-3	9.970868E+0	238.160510E-3	250.376483E-3
81.500000E+0	3.000000E+0	717.276345E-3	10.022128E+0	239.551683E-3	251.255056E-3
81.600000E+0	3.000000E+0	719.463835E-3	10.062897E+0	240.405221E-3	252.393504E-3
81.700000E+0	3.000000E+0	723.505030E-3	10.104692E+0	241.087694E-3	253.205320E-3
81.800000E+0	3.000000E+0	726.622353E-3	10.145211E+0	242.588539E-3	254.618546E-3
81.900000E+0	3.000000E+0	729.256879E-3	10.195649E+0	243.692418E-3	255.509635E-3
82.000000E+0	3.000000E+0	731.730471E-3	10.243797E+0	244.800468E-3	256.702920E-3
82.100000E+0	3.000000E+0	735.235225E-3	10.278594E+0	246.196409E-3	258.122703E-3
82.200000E+0	3.000000E+0	737.279664E-3	10.324681E+0	246.787091E-3	258.807561E-3
82.300000E+0	3.000000E+0	740.236054E-3	10.365486E+0	247.357507E-3	259.638449E-3
82.400000E+0	3.000000E+0	744.736205E-3	10.401702E+0	248.764177E-3	261.072537E-3
82.500000E+0	3.000000E+0	746.667396E-3	10.440946E+0	249.546786E-3	261.848590E-3
82.600000E+0	3.000000E+0	750.148307E-3	10.488594E+0	250.632187E-3	263.422749E-3
82.700000E+0	3.000000E+0	753.009330E-3	10.527742E+0	252.020975E-3	264.230392E-3
82.800000E+0	3.000000E+0	756.084930E-3	10.572040E+0	252.898356E-3	265.195391E-3
82.900000E+0	3.000000E+0	759.029399E-3	10.619736E+0	253.543278E-3	265.691302E-3
83.000000E+0	3.000000E+0	762.301694E-3	10.659838E+0	255.055448E-3	267.303607E-3
83.100000E+0	3.000000E+0	766.366731E-3	10.709774E+0	256.594440E-3	268.614314E-3
83.200000E+0	3.000000E+0	768.738996E-3	10.770285E+0	257.413408E-3	269.680045E-3
83.300000E+0	3.000000E+0	771.462928E-3	10.813642E+0	258.365294E-3	270.787499E-3
83.400000E+0	3.000000E+0	772.827875E-3	10.838020E+0	259.531161E-3	271.899126E-3
83.500000E+0	3.000000E+0	776.803504E-3	10.887671E+0	260.275027E-3	272.568486E-3
83.600000E+0	3.000000E+0	781.476509E-3	10.913193E+0	261.148235E-3	273.620508E-3
83.700000E+0	3.000000E+0	782.799732E-3	10.944748E+0	261.878988E-3	274.426363E-3
83.800000E+0	3.000000E+0	785.720359E-3	11.012757E+0	263.639114E-3	276.042245E-3
83.900000E+0	3.000000E+0	789.952289E-3	11.071002E+0	264.580271E-3	277.110956E-3
84.000000E+0	3.000000E+0	791.591417E-3	11.109126E+0	265.949986E-3	278.515242E-3
84.100000E+0	3.000000E+0	796.926033E-3	11.168313E+0	267.300627E-3	279.864095E-3
84.200000E+0	3.000000E+0	800.639402E-3	11.234534E+0	268.437884E-3	281.310700E-3
84.300000E+0	3.000000E+0	802.880537E-3	11.260486E+0	269.368312E-3	282.001518E-3
84.400000E+0	3.000000E+0	805.401813E-3	11.306560E+0	270.038269E-3	283.432030E-3
84.500000E+0	3.000000E+0	808.346283E-3	11.351824E+0	271.561764E-3	284.193181E-3
84.600000E+0	4.000000E+0	810.086738E-3	11.355269E+0	272.013567E-3	284.479283E-3
84.700000E+0	4.000000E+0	813.519966E-3	11.395168E+0	273.106716E-3	285.626077E-3
84.800000E+0	4.000000E+0	815.182936E-3	11.395013E+0	273.242019E-3	285.706543E-3
84.900000E+0	4.000000E+0	798.589002E-3	11.179185E+0	267.921112E-3	280.120395E-3
85.000000E+0	4.000000E+0	784.361373E-3	10.956657E+0	262.643120E-3	275.234602E-3
85.100000E+0	4.000000E+0	768.375407E-3	10.742474E+0	257.459900E-3	269.867203E-3
85.200000E+0	4.000000E+0	755.584251E-3	10.511518E+0	251.901170E-3	264.378807E-3
85.300000E+0	4.000000E+0	740.504275E-3	10.283887E+0	246.459861E-3	258.799812E-3
85.400000E+0	4.000000E+0	724.643479E-3	10.053766E+0	241.068621E-3	253.532549E-3
85.500000E+0	4.000000E+0	708.734999E-3	9.838629E+0	235.931296E-3	248.010774E-3
85.600000E+0	4.000000E+0	695.490847E-3	9.603667E+0	230.258126E-3	242.336412E-3
85.700000E+0	4.000000E+0	679.475079E-3	9.369159E+0	225.164908E-3	237.127561E-3
85.800000E+0	4.000000E+0	663.673887E-3	9.145737E+0	219.736117E-3	231.546182E-3
85.900000E+0	4.000000E+0	648.504505E-3	8.923984E+0	214.398520E-3	225.722212E-3
86.000000E+0	4.000000E+0	632.035741E-3	8.681846E+0	208.405273E-3	220.344680E-3
86.100000E+0	4.000000E+0	617.408761E-3	8.451974E+0	203.056948E-3	214.944499E-3
86.200000E+0	4.000000E+0	602.889069E-3	8.232570E+0	197.985188E-3	209.267156E-3
86.300000E+0	4.000000E+0	587.666043E-3	7.987761E+0	192.505137E-3	203.754918E-3
86.400000E+0	4.000000E+0	570.786007E-3	7.765532E+0	186.860576E-3	198.417322E-3
86.500000E+0	4.000000E+0	555.449732E-3	7.547951E+0	181.178465E-3	192.710177E-3
86.600000E+0	4.000000E+0	540.870436E-3	7.307458E+0	176.110282E-3	187.199727E-3
86.700000E+0	4.000000E+0	525.176532E-3	7.074702E+0	170.417442E-3	181.805506E-3
86.800000E+0	4.000000E+0	510.931022E-3	6.861818E+0	165.019645E-3	176.150217E-3
86.900000E+0	4.000000E+0	493.282087E-3	6.624436E+0	159.470452E-3	170.579566E-3
87.000000E+0	4.000000E+0	477.242476E-3	6.386316E+0	153.906954E-3	165.089382E-3
87.100000E+0	4.000000E+0	462.371117E-3	6.165230E+0	148.724925E-3	159.320844E-3
87.200000E+0	4.000000E+0	446.689135E-3	5.937195E+0	142.837178E-3	153.832448E-3
87.300000E+0	4.000000E+0	431.716448E-3	5.692720E+0	137.583624E-3	147.844565E-3
87.400000E+0	4.000000E+0	416.326529E-3	5.471480E+0	132.098805E-3	142.781746E-3
87.500000E+0	4.000000E+0	401.866442E-3	5.257761E+0	126.758824E-3	136.793863E-3
87.600000E+0	4.000000E+0	385.695701E-3	5.016661E+0	121.102343E-3	131.469379E-3
87.700000E+0	4.000000E+0	370.371347E-3	4.790080E+0	115.745673E-3	125.556002E-3
87.800000E+0	4.000000E+0	353.831058E-3	4.569674E+0	110.664377E-3	120.061050E-3
87.900000E+0	4.000000E+0	338.572268E-3	4.330277E+0	104.944714E-3	114.408145E-3
88.000000E+0	4.000000E+0	322.407489E-3	4.098046E+0	99.076041E-3	108.904251E-3
88.100000E+0	4.000000E+0	309.026246E-3	3.877199E+0	94.130643E-3	103.436717E-3
88.200000E+0	4.000000E+0	290.828947E-3	3.649592E+0	88.280446E-3	97.752221E-3
88.300000E+0	4.000000E+0	275.450949E-3	3.417218E+0	83.250410E-3	92.027195E-3
88.400000E+0	4.000000E+0	259.280208E-3	3.184581E+0	77.457434E-3	86.351044E-3
88.500000E+0	4.000000E+0	246.042017E-3	2.974272E+0	72.400576E-3	80.772645E-3
88.600000E+0	4.000000E+0	228.828195E-3	2.730346E+0	66.711908E-3	75.250870E-3
88.700000E+0	4.000000E+0	214.928392E-3	2.494144E+0	61.364775E-3	69.632536E-3
88.800000E+0	4.000000E+0	198.733809E-3	2.274168E+0	56.130891E-3	63.825255E-3
88.900000E+0	4.000000E+0	184.190276E-3	2.043951E+0	50.742034E-3	58.203940E-3
89.000000E+0	4.000000E+0	167.143347E-3	1.808095E+0	45.312051E-3	52.565340E-3
89.100000E+0	4.000000E+0	151.950123E-3	1.601553E+0	40.156248E-3	46.756271E-3
89.200000E+0	4.000000E+0	136.882069E-3	1.382875E+0	34.652355E-3	41.533712E-3
89.300000E+0	4.000000E+0	120.109321E-3	1.136494E+0	29.661062E-3	35.586956E-3
89.400000E+0	4.000000E+0	106.298925E-3	918.292999E-3	24.507644E-3	30.128958E-3
89.500000E+0	4.000000E+0	90.563299E-3	713.348389E-3	19.301178E-3	24.449231E-3
89.600000E+0	4.000000E+0	74.982644E-3	466.156006E-3	14.231802E-3	18.616916E-3
89.700000E+0	4.000000E+0	59.652329E-3	242.960453E-3	9.204746E-3	12.843014E-3
89.800000E+0	4.000000E+0	46.521426E-3	55.813789E-3	4.820824E-3	7.964969E-3
89.900000E+0	4.000000E+0	45.686961E-3	55.098534E-3	4.482270E-3	7.387400E-3
90.000000E+0	4.000000E+0	46.020747E-3	35.452843E-3	4.064441E-3	7.148386E-3
90.100000E+0	4.000000E+0	44.131280E-3	44.822693E-3	3.963709E-3	7.085801E-3
90.200000E+0	4.000000E+0	44.667721E-3	49.638748E-3	4.017353E-3	6.886125E-3
90.300000E+0	4.000000E+0	43.910742E-3	23.877621E-3	3.821850E-3	7.052422E-3
90.400000E+0	4.000000E+0	44.041873E-3	29.289722E-3	3.757477E-3	6.778837E-3
90.500000E+0	4.000000E+0	44.202805E-3	33.783913E-3	3.713370E-3	6.560088E-3
90.600000E+0	4.000000E+0	41.824580E-3	28.419495E-3	3.533960E-3	6.380082E-3
90.700000E+0	4.000000E+0	43.070317E-3	19.800663E-3	3.697276E-3	6.320477E-3
90.800000E+0	4.000000E+0	43.022633E-3	24.557114E-3	3.644824E-3	6.213785E-3
90.900000E+0	4.000000E+0	42.402745E-3	29.361248E-3	3.464222E-3	6.413460E-3
91.000000E+0	4.000000E+0	41.717291E-3	17.499924E-3	3.604889E-3	6.130338E-3
91.100000E+0	4.000000E+0	41.824580E-3	26.202202E-3	3.415346E-3	6.123186E-3
91.200000E+0	4.000000E+0	40.310622E-3	23.949146E-3	3.303290E-3	5.841852E-3
91.300000E+0	4.000000E+0	42.366982E-3	20.849705E-3	3.324747E-3	5.826354E-3
91.400000E+0	4.000000E+0	40.560961E-3	13.577938E-3	3.234148E-3	5.928278E-3
91.500000E+0	4.000000E+0	41.431189E-3	20.229816E-3	3.299117E-3	5.948544E-3
91.600000E+0	4.000000E+0	42.241812E-3	15.068054E-3	3.072620E-3	6.054044E-3
91.700000E+0	4.000000E+0	41.788817E-3	5.936623E-3	2.858043E-3	5.807877E-3
91.800000E+0	4.000000E+0	39.416552E-3	13.136864E-3	2.926588E-3	5.668998E-3
91.900000E+0	4.000000E+0	41.466952E-3	22.399426E-3	2.870560E-3	5.688668E-3
92.000000E+0	4.000000E+0	39.267541E-3	7.772446E-3	2.910495E-3	5.421639E-3
92.100000E+0	4.000000E+0	39.839745E-3	6.377697E-3	2.998710E-3	5.389452E-3
92.200000E+0	4.000000E+0	39.863587E-3	19.979477E-3	2.884865E-3	5.508066E-3
92.300000E+0	4.000000E+0	40.543080E-3	4.291534E-3	2.822280E-3	5.460382E-3
92.400000E+0	4.000000E+0	39.994717E-3	-4.684925E-3	3.062487E-3	5.436540E-3
92.500000E+0	4.000000E+0	39.947033E-3	16.653538E-3	2.788902E-3	5.094409E-3
92.600000E+0	4.000000E+0	39.833785E-3	9.083748E-3	2.624989E-3	5.074144E-3
92.700000E+0	4.000000E+0	39.738417E-3	4.100800E-3	2.648235E-3	5.353690E-3
92.800000E+0	4.000000E+0	40.256978E-3	12.767315E-3	2.762676E-3	5.255342E-3
92.900000E+0	4.000000E+0	41.002036E-3	8.773804E-3	2.836585E-3	5.485416E-3
93.000000E+0	4.000000E+0	40.739775E-3	-1.764297E-3	2.633929E-3	5.226732E-3
93.100000E+0	4.000000E+0	39.130450E-3	5.388260E-3	2.877116E-3	5.214215E-3
93.200000E+0	4.000000E+0	38.588048E-3	9.572506E-3	2.632141E-3	5.142689E-3
93.300000E+0	4.000000E+0	39.482117E-3	691.413879E-6	2.878309E-3	5.275608E-3
93.400000E+0	4.000000E+0	39.476157E-3	4.827976E-3	2.849698E-3	4.913211E-3
93.500000E+0	4.000000E+0	38.701296E-3	11.539459E-3	2.661348E-3	5.071164E-3
93.600000E+0	4.000000E+0	40.096045E-3	1.657009E-3	2.468825E-3	5.286932E-3
93.700000E+0	4.000000E+0	38.164855E-3	393.390656E-6	2.672076E-3	5.323887E-3
93.800000E+0	4.000000E+0	38.218499E-3	4.243851E-3	2.521277E-3	5.212427E-3
93.900000E+0	4.000000E+0	39.422513E-3	3.540516E-3	2.742410E-3	5.010367E-3
94.000000E+0	4.000000E+0	39.893389E-3	-4.327297E-3	2.484322E-3	4.808903E-3
94.100000E+0	4.000000E+0	38.284064E-3	2.729893E-3	2.756715E-3	5.188585E-3
94.200000E+0	4.000000E+0	39.035082E-3	5.578995E-3	2.554655E-3	4.861951E-3
94.300000E+0	4.000000E+0	38.146973E-3	-2.747774E-3	2.588034E-3	4.724265E-3
