Program version:	Fatigue ver. 4.0
Date and time:	07-08-2015 14:07:35
Operator:	sras
Project ID:	44584
Sample ID:	EQA01-10
	
Mode of operation:	Ten-ten
Low load setpoint [kN]:	0.000000
Displacement rate [mm/s]:	0.030000
Sample rate [Hz]:	10.000000
Procentage of E-max [%]:	90.000000
Sample width [mm]:	25.380000
Sample thickness [mm]:	4.160000
Strain sensor:	Extensometer
Number of strain sensors:	2
Channel configuration:	0 6 1,1,0,0,0,0 1,4,1,2,3,4
	
Machine SN:	88R1332
Load cell SN:	UK413
Load cell [kN]:	100.000000
Extensometer 1 SN:	2144
Gauge length 1 [mm]:	50.000000
Full scale 1 [%]:	5.000000
Extensometer 2 SN:	2146
Gauge length 2 [mm]:	50.000000
Full scale 2 [%]:	5.000000
	
Modulus estimate from [%]:	0.050000
Modulus estimate to [%]:	0.250000
Strain correction a1 [%]:	-0.001801
Strain correction a2 [%]:	-0.002335
Strain correction b1 [%]:	0.008789
Strain correction b2 [%]:	0.006970
Modulus a [GPa]:	38.260672
Modulus b [GPa]:	38.283704
Difference [%]:	0.060162
Modulus a1 [GPa]:	38.263121
Modulus b1 [GPa]:	38.294539
Modulus a2 [GPa]:	38.257876
Modulus b2 [GPa]:	38.272631
Max strain [%]:	0.720974
Max stress [MPa]:	275.852587
	
	
Time [ms]	State	Position [mm]	Load [kN]	Strain1 [%]	Strain2 [%]
0.000000E+0	1.000000E+0	-39.323113E+0	-7.063150E-3	312.328364E-6	473.260917E-6
100.000000E-3	1.000000E+0	-39.319683E+0	31.459332E-3	1.489520E-3	1.239777E-3
200.000000E-3	1.000000E+0	-39.315504E+0	78.845024E-3	2.712012E-3	2.453923E-3
300.000000E-3	1.000000E+0	-39.314238E+0	146.663189E-3	3.929138E-3	3.572107E-3
400.000000E-3	1.000000E+0	-39.313481E+0	185.930729E-3	4.469753E-3	4.306436E-3
500.000000E-3	1.000000E+0	-39.306155E+0	257.599354E-3	6.169677E-3	5.897880E-3
600.000000E-3	1.000000E+0	-39.306412E+0	305.235386E-3	6.829501E-3	6.740094E-3
700.000000E-3	1.000000E+0	-39.304475E+0	351.679325E-3	8.043051E-3	7.990003E-3
800.000000E-3	1.000000E+0	-39.298446E+0	400.733948E-3	10.165573E-3	9.683371E-3
900.000000E-3	1.000000E+0	-39.297331E+0	425.684452E-3	10.607243E-3	10.412336E-3
1.000000E+0	1.000000E+0	-39.293412E+0	486.326218E-3	12.377502E-3	12.085439E-3
1.100000E+0	1.000000E+0	-39.291683E+0	530.445576E-3	13.340117E-3	12.810231E-3
1.200000E+0	1.000000E+0	-39.290467E+0	573.849678E-3	14.236571E-3	13.937951E-3
1.300000E+0	1.000000E+0	-39.285273E+0	638.186932E-3	15.629531E-3	15.543701E-3
1.400000E+0	1.000000E+0	-39.283985E+0	676.918030E-3	16.735197E-3	16.255380E-3
1.500000E+0	1.000000E+0	-39.279438E+0	745.880604E-3	18.002988E-3	17.802717E-3
1.600000E+0	1.000000E+0	-39.276642E+0	795.805454E-3	19.348265E-3	19.122364E-3
1.700000E+0	1.000000E+0	-39.275960E+0	824.785233E-3	19.965769E-3	20.074250E-3
1.800000E+0	1.000000E+0	-39.272413E+0	900.888443E-3	21.450521E-3	21.529795E-3
1.900000E+0	1.000000E+0	-39.267782E+0	924.408436E-3	22.534134E-3	22.550823E-3
2.000000E+0	1.000000E+0	-39.265490E+0	977.158546E-3	23.582580E-3	23.826959E-3
2.100000E+0	1.000000E+0	-39.262179E+0	1.022959E+0	25.524499E-3	25.008323E-3
2.200000E+0	1.000000E+0	-39.258469E+0	1.075327E+0	26.470425E-3	26.061537E-3
2.300000E+0	1.000000E+0	-39.254699E+0	1.126587E+0	27.545693E-3	27.107003E-3
2.400000E+0	1.000000E+0	-39.252711E+0	1.171696E+0	28.437378E-3	28.129818E-3
2.500000E+0	1.000000E+0	-39.248139E+0	1.250589E+0	29.536488E-3	29.649737E-3
2.600000E+0	1.000000E+0	-39.247722E+0	1.287341E+0	30.884149E-3	30.794742E-3
2.700000E+0	1.000000E+0	-39.244125E+0	1.332116E+0	32.401684E-3	31.560066E-3
2.800000E+0	1.000000E+0	-39.240075E+0	1.395762E+0	33.659938E-3	33.496621E-3
2.900000E+0	1.000000E+0	-39.238483E+0	1.422811E+0	34.171942E-3	34.224990E-3
3.000000E+0	1.000000E+0	-39.232562E+0	1.474655E+0	35.678151E-3	35.451653E-3
3.100000E+0	1.000000E+0	-39.230291E+0	1.513898E+0	36.995414E-3	36.707523E-3
3.200000E+0	1.000000E+0	-39.229572E+0	1.567936E+0	38.125518E-3	38.018826E-3
3.300000E+0	1.000000E+0	-39.224309E+0	1.620650E+0	39.769414E-3	39.340857E-3
3.400000E+0	1.000000E+0	-39.222175E+0	1.671445E+0	40.241483E-3	40.081743E-3
3.500000E+0	1.000000E+0	-39.218715E+0	1.736116E+0	41.860345E-3	41.341785E-3
3.600000E+0	1.000000E+0	-39.216710E+0	1.792860E+0	42.977933E-3	42.237643E-3
3.700000E+0	1.000000E+0	-39.214004E+0	1.828647E+0	43.767098E-3	43.112043E-3
3.800000E+0	1.000000E+0	-39.209912E+0	1.883364E+0	44.929985E-3	44.806007E-3
3.900000E+0	1.000000E+0	-39.207519E+0	1.902533E+0	46.126846E-3	45.591000E-3
4.000000E+0	1.000000E+0	-39.204315E+0	1.960552E+0	47.702793E-3	47.242645E-3
4.100000E+0	1.000000E+0	-39.201102E+0	2.002847E+0	48.971180E-3	48.205260E-3
4.200000E+0	1.000000E+0	-39.197293E+0	2.053618E+0	49.925451E-3	49.371723E-3
4.300000E+0	1.000000E+0	-39.194999E+0	2.108741E+0	51.154498E-3	50.698523E-3
4.400000E+0	1.000000E+0	-39.194400E+0	2.147090E+0	51.977043E-3	51.453118E-3
4.500000E+0	1.000000E+0	-39.189572E+0	2.229857E+0	53.759222E-3	53.524379E-3
4.600000E+0	1.000000E+0	-39.185346E+0	2.266073E+0	54.851179E-3	53.942208E-3
4.700000E+0	1.000000E+0	-39.182601E+0	2.307189E+0	55.548553E-3	55.161123E-3
4.800000E+0	1.000000E+0	-39.179439E+0	2.367771E+0	56.784754E-3	56.801443E-3
4.900000E+0	1.000000E+0	-39.177150E+0	2.399850E+0	57.587032E-3	57.306294E-3
5.000000E+0	1.000000E+0	-39.173222E+0	2.447712E+0	59.389477E-3	58.920984E-3
5.100000E+0	1.000000E+0	-39.171315E+0	2.482855E+0	60.219173E-3	59.899097E-3
5.200000E+0	1.000000E+0	-39.166073E+0	2.539015E+0	61.726575E-3	61.282520E-3
5.300000E+0	1.000000E+0	-39.163963E+0	2.606320E+0	63.247090E-3	62.553888E-3
5.400000E+0	1.000000E+0	-39.162177E+0	2.642214E+0	64.041024E-3	63.949828E-3
5.500000E+0	1.000000E+0	-39.160428E+0	2.714360E+0	65.193778E-3	65.115695E-3
5.600000E+0	1.000000E+0	-39.154566E+0	2.745497E+0	66.277986E-3	66.004997E-3
5.700000E+0	1.000000E+0	-39.153708E+0	2.801812E+0	67.596441E-3	67.136293E-3
5.800000E+0	1.000000E+0	-39.151338E+0	2.859461E+0	68.906551E-3	68.336135E-3
5.900000E+0	1.000000E+0	-39.148591E+0	2.871978E+0	69.692736E-3	69.206363E-3
6.000000E+0	1.000000E+0	-39.145881E+0	2.936983E+0	70.836550E-3	70.792442E-3
6.100000E+0	1.000000E+0	-39.142246E+0	2.977347E+0	72.281962E-3	72.065002E-3
6.200000E+0	1.000000E+0	-39.137096E+0	3.033686E+0	74.146992E-3	73.227292E-3
6.300000E+0	1.000000E+0	-39.135168E+0	3.078568E+0	74.727541E-3	74.473029E-3
6.400000E+0	1.000000E+0	-39.135275E+0	3.128481E+0	75.398690E-3	75.083977E-3
6.500000E+0	1.000000E+0	-39.128343E+0	3.197277E+0	77.012783E-3	76.659924E-3
6.600000E+0	1.000000E+0	-39.126570E+0	3.237009E+0	77.824599E-3	77.601677E-3
6.700000E+0	1.000000E+0	-39.124024E+0	3.291285E+0	79.572803E-3	78.842050E-3
6.800000E+0	1.000000E+0	-39.120091E+0	3.335845E+0	80.777413E-3	80.501444E-3
6.900000E+0	1.000000E+0	-39.118091E+0	3.368092E+0	81.614858E-3	81.118352E-3
7.000000E+0	1.000000E+0	-39.114526E+0	3.413928E+0	83.037621E-3	82.665092E-3
7.100000E+0	1.000000E+0	-39.112768E+0	3.456426E+0	84.154613E-3	83.585984E-3
7.200000E+0	1.000000E+0	-39.109576E+0	3.511775E+0	85.443861E-3	84.680326E-3
7.300000E+0	1.000000E+0	-39.104197E+0	3.571332E+0	86.671121E-3	86.170442E-3
7.400000E+0	1.000000E+0	-39.100835E+0	3.598237E+0	87.406642E-3	86.708672E-3
7.500000E+0	1.000000E+0	-39.100794E+0	3.682482E+0	88.835962E-3	88.489063E-3
7.600000E+0	1.000000E+0	-39.095310E+0	3.725433E+0	89.828379E-3	89.493997E-3
7.700000E+0	1.000000E+0	-39.092169E+0	3.762066E+0	91.196306E-3	90.612180E-3
7.800000E+0	1.000000E+0	-39.089519E+0	3.826308E+0	92.617281E-3	91.802485E-3
7.900000E+0	1.000000E+0	-39.088983E+0	3.851080E+0	93.879707E-3	92.927821E-3
8.000000E+0	1.000000E+0	-39.084063E+0	3.897786E+0	94.963320E-3	94.544299E-3
8.100000E+0	1.000000E+0	-39.081240E+0	3.940368E+0	95.772155E-3	95.260151E-3
8.200000E+0	1.000000E+0	-39.078621E+0	3.985381E+0	97.376712E-3	96.567877E-3
8.300000E+0	1.000000E+0	-39.076305E+0	4.046535E+0	98.381050E-3	97.851761E-3
8.400000E+0	1.000000E+0	-39.071215E+0	4.080904E+0	98.993190E-3	98.509200E-3
8.500000E+0	1.000000E+0	-39.069725E+0	4.159343E+0	100.740202E-3	100.168594E-3
8.600000E+0	1.000000E+0	-39.065338E+0	4.195321E+0	101.625331E-3	101.336845E-3
8.700000E+0	1.000000E+0	-39.060313E+0	4.250896E+0	103.124984E-3	102.660664E-3
8.800000E+0	1.000000E+0	-39.058564E+0	4.293501E+0	104.338535E-3	103.475460E-3
8.900000E+0	1.000000E+0	-39.059097E+0	4.328489E+0	104.800471E-3	104.605564E-3
9.000000E+0	1.000000E+0	-39.053017E+0	4.377496E+0	106.844911E-3	106.061109E-3
9.100000E+0	1.000000E+0	-39.051551E+0	4.410255E+0	107.373604E-3	106.827625E-3
9.200000E+0	1.000000E+0	-39.047790E+0	4.482865E+0	109.332213E-3	108.433971E-3
9.300000E+0	1.000000E+0	-39.043433E+0	4.521489E+0	110.225090E-3	109.506258E-3
9.400000E+0	1.000000E+0	-39.042011E+0	4.566586E+0	111.292610E-3	110.256085E-3
9.500000E+0	1.000000E+0	-39.040492E+0	4.631543E+0	112.760076E-3	112.097272E-3
9.600000E+0	1.000000E+0	-39.033652E+0	4.671097E+0	113.654742E-3	113.130221E-3
9.700000E+0	1.000000E+0	-39.033673E+0	4.731154E+0	114.942202E-3	114.285955E-3
9.800000E+0	1.000000E+0	-39.030952E+0	4.775584E+0	116.100321E-3	115.168700E-3
9.900000E+0	1.000000E+0	-39.028982E+0	4.813683E+0	117.037306E-3	115.967402E-3
10.000000E+0	1.000000E+0	-39.023197E+0	4.851484E+0	118.879089E-3	117.978463E-3
10.100000E+0	1.000000E+0	-39.023933E+0	4.892325E+0	119.349370E-3	118.885646E-3
10.200000E+0	1.000000E+0	-39.017335E+0	4.941070E+0	120.506892E-3	120.012174E-3
10.300000E+0	1.000000E+0	-39.013932E+0	4.993856E+0	121.894489E-3	120.964060E-3
10.400000E+0	1.000000E+0	-39.011410E+0	5.040884E+0	122.708688E-3	122.382651E-3
10.500000E+0	1.000000E+0	-39.008999E+0	5.108571E+0	124.097476E-3	123.810182E-3
10.600000E+0	1.000000E+0	-39.006499E+0	5.142903E+0	125.166784E-3	124.393712E-3
10.700000E+0	1.000000E+0	-39.005352E+0	5.203724E+0	126.377950E-3	125.842104E-3
10.800000E+0	1.000000E+0	-39.001164E+0	5.244029E+0	127.738724E-3	127.261887E-3
10.900000E+0	1.000000E+0	-38.995442E+0	5.275071E+0	128.735314E-3	128.035556E-3
11.000000E+0	1.000000E+0	-38.994128E+0	5.331123E+0	129.754554E-3	129.457126E-3
11.100000E+0	1.000000E+0	-38.992301E+0	5.368841E+0	130.972873E-3	130.400668E-3
11.200000E+0	1.000000E+0	-38.985333E+0	5.432534E+0	132.649552E-3	131.650578E-3
11.300000E+0	1.000000E+0	-38.985614E+0	5.482221E+0	133.634220E-3	133.167516E-3
11.400000E+0	1.000000E+0	-38.981775E+0	5.525899E+0	134.683262E-3	133.995424E-3
11.500000E+0	1.000000E+0	-38.979489E+0	5.590999E+0	136.093508E-3	135.353218E-3
11.600000E+0	1.000000E+0	-38.978273E+0	5.622578E+0	136.652004E-3	136.144172E-3
11.700000E+0	1.000000E+0	-38.976920E+0	5.684924E+0	137.614619E-3	137.524020E-3
11.800000E+0	1.000000E+0	-38.969258E+0	5.720115E+0	139.547598E-3	138.817441E-3
11.900000E+0	1.000000E+0	-38.969228E+0	5.752885E+0	140.241992E-3	139.788400E-3
12.000000E+0	1.000000E+0	-38.965270E+0	5.813754E+0	141.879331E-3	141.325604E-3
12.100000E+0	1.000000E+0	-38.964278E+0	5.830741E+0	142.720353E-3	142.013442E-3
12.200000E+0	1.000000E+0	-38.957254E+0	5.905569E+0	143.832576E-3	143.694293E-3
12.300000E+0	1.000000E+0	-38.953662E+0	5.934727E+0	145.306599E-3	144.585383E-3
12.400000E+0	1.000000E+0	-38.954446E+0	5.992627E+0	146.158945E-3	145.534289E-3
12.500000E+0	1.000000E+0	-38.953281E+0	6.070030E+0	147.317660E-3	146.830094E-3
12.600000E+0	1.000000E+0	-38.947583E+0	6.090212E+0	148.603928E-3	147.897613E-3
12.700000E+0	1.000000E+0	-38.944045E+0	6.141448E+0	150.049937E-3	149.129045E-3
12.800000E+0	1.000000E+0	-38.940323E+0	6.178236E+0	151.240242E-3	150.485051E-3
12.900000E+0	1.000000E+0	-38.937411E+0	6.230283E+0	151.923311E-3	151.380313E-3
13.000000E+0	1.000000E+0	-38.935575E+0	6.272447E+0	153.831256E-3	153.240574E-3
13.100000E+0	1.000000E+0	-38.931323E+0	6.311619E+0	154.306305E-3	153.622640E-3
13.200000E+0	1.000000E+0	-38.929055E+0	6.377721E+0	155.782116E-3	155.406607E-3
13.300000E+0	1.000000E+0	-38.927055E+0	6.410885E+0	156.902087E-3	156.334651E-3
13.400000E+0	1.000000E+0	-38.922886E+0	6.462121E+0	157.425416E-3	157.260907E-3
13.500000E+0	1.000000E+0	-38.920114E+0	6.526542E+0	159.775628E-3	158.907188E-3
13.600000E+0	1.000000E+0	-38.918987E+0	6.558681E+0	160.155309E-3	159.713639E-3
13.700000E+0	1.000000E+0	-38.912184E+0	6.627953E+0	161.709798E-3	161.009444E-3
13.800000E+0	1.000000E+0	-38.914189E+0	6.671238E+0	162.520422E-3	162.279619E-3
13.900000E+0	1.000000E+0	-38.905228E+0	6.709886E+0	164.412869E-3	163.400186E-3
14.000000E+0	1.000000E+0	-38.905076E+0	6.752372E+0	165.134682E-3	164.770497E-3
14.100000E+0	1.000000E+0	-38.898930E+0	6.785154E+0	165.780796E-3	165.510787E-3
14.200000E+0	1.000000E+0	-38.897303E+0	6.842947E+0	167.682780E-3	166.994943E-3
14.300000E+0	1.000000E+0	-38.896016E+0	6.901681E+0	168.464197E-3	167.936100E-3
14.400000E+0	1.000000E+0	-38.890333E+0	6.942344E+0	170.049681E-3	169.315352E-3
14.500000E+0	1.000000E+0	-38.889248E+0	7.023489E+0	171.526684E-3	171.177997E-3
14.600000E+0	1.000000E+0	-38.886837E+0	7.055712E+0	172.256245E-3	171.884908E-3
14.700000E+0	1.000000E+0	-38.882590E+0	7.103384E+0	173.211708E-3	172.859444E-3
14.800000E+0	1.000000E+0	-38.880194E+0	7.157588E+0	174.441948E-3	174.282803E-3
14.900000E+0	1.000000E+0	-38.874594E+0	7.182121E+0	175.979151E-3	175.536289E-3
15.000000E+0	1.000000E+0	-38.872883E+0	7.235444E+0	177.531853E-3	176.625862E-3
15.100000E+0	1.000000E+0	-38.873202E+0	7.260048E+0	178.080215E-3	177.577152E-3
15.200000E+0	1.000000E+0	-38.870073E+0	7.322896E+0	179.320588E-3	178.608909E-3
15.300000E+0	1.000000E+0	-38.864139E+0	7.362986E+0	180.512681E-3	180.104389E-3
15.400000E+0	1.000000E+0	-38.862679E+0	7.407200E+0	181.326285E-3	180.748120E-3
15.500000E+0	1.000000E+0	-38.857946E+0	7.488418E+0	182.384863E-3	182.427779E-3
15.600000E+0	1.000000E+0	-38.855777E+0	7.513154E+0	184.160486E-3	183.346882E-3
15.700000E+0	1.000000E+0	-38.850868E+0	7.576227E+0	185.356751E-3	184.861436E-3
15.800000E+0	1.000000E+0	-38.852224E+0	7.596397E+0	185.565367E-3	185.480133E-3
15.900000E+0	1.000000E+0	-38.845075E+0	7.634521E+0	187.663451E-3	186.890379E-3
16.000000E+0	1.000000E+0	-38.842667E+0	7.688332E+0	188.629046E-3	188.167110E-3
16.100000E+0	1.000000E+0	-38.840414E+0	7.714164E+0	189.495102E-3	189.089790E-3
16.200000E+0	1.000000E+0	-38.839949E+0	7.780147E+0	190.759316E-3	190.559045E-3
16.300000E+0	1.000000E+0	-38.835100E+0	7.828116E+0	192.016975E-3	191.678420E-3
16.400000E+0	1.000000E+0	-38.834119E+0	7.893598E+0	193.188206E-3	192.930714E-3
16.500000E+0	1.000000E+0	-38.827536E+0	7.942700E+0	194.412485E-3	194.059626E-3
16.600000E+0	1.000000E+0	-38.828204E+0	7.974148E+0	194.964424E-3	194.707528E-3
16.700000E+0	1.000000E+0	-38.824505E+0	8.029604E+0	196.364538E-3	195.478217E-3
16.800000E+0	1.000000E+0	-38.818098E+0	8.063507E+0	197.643057E-3	197.206155E-3
16.900000E+0	1.000000E+0	-38.816441E+0	8.105934E+0	199.131386E-3	198.549644E-3
17.000000E+0	1.000000E+0	-38.814548E+0	8.159149E+0	199.954526E-3	199.646370E-3
17.100000E+0	1.000000E+0	-38.807777E+0	8.166409E+0	201.115028E-3	200.656072E-3
17.200000E+0	1.000000E+0	-38.808856E+0	8.241844E+0	202.775614E-3	201.700942E-3
17.300000E+0	1.000000E+0	-38.808317E+0	8.279383E+0	203.138010E-3	202.684419E-3
17.400000E+0	1.000000E+0	-38.799653E+0	8.330142E+0	204.180495E-3	203.670876E-3
17.500000E+0	1.000000E+0	-38.800154E+0	8.396101E+0	205.737965E-3	205.513851E-3
17.600000E+0	1.000000E+0	-38.797558E+0	8.436978E+0	206.738131E-3	206.307785E-3
17.700000E+0	1.000000E+0	-38.791979E+0	8.483708E+0	207.871811E-3	207.534449E-3
17.800000E+0	1.000000E+0	-38.788775E+0	8.521664E+0	209.230201E-3	208.508389E-3
17.900000E+0	1.000000E+0	-38.788528E+0	8.571160E+0	210.285800E-3	210.021155E-3
18.000000E+0	1.000000E+0	-38.785825E+0	8.607650E+0	211.837905E-3	211.546438E-3
18.100000E+0	1.000000E+0	-38.780422E+0	8.648789E+0	212.650912E-3	211.944597E-3
18.200000E+0	1.000000E+0	-38.780779E+0	8.692384E+0	213.869231E-3	213.429945E-3
18.300000E+0	1.000000E+0	-38.775534E+0	8.742309E+0	214.693563E-3	214.432495E-3
18.400000E+0	1.000000E+0	-38.770828E+0	8.800161E+0	215.491670E-3	215.566772E-3
18.500000E+0	1.000000E+0	-38.770381E+0	8.866525E+0	217.450875E-3	216.969269E-3
18.600000E+0	1.000000E+0	-38.764179E+0	8.892667E+0	218.470710E-3	217.565912E-3
18.700000E+0	1.000000E+0	-38.762162E+0	8.961642E+0	219.464916E-3	218.889135E-3
18.800000E+0	1.000000E+0	-38.760043E+0	8.982897E+0	220.675486E-3	220.178979E-3
18.900000E+0	1.000000E+0	-38.756154E+0	9.034228E+0	222.188252E-3	221.674460E-3
19.000000E+0	1.000000E+0	-38.752729E+0	9.081328E+0	223.507303E-3	222.666281E-3
19.100000E+0	1.000000E+0	-38.752693E+0	9.101784E+0	223.740357E-3	223.512071E-3
19.200000E+0	1.000000E+0	-38.750211E+0	9.168375E+0	225.777048E-3	225.051063E-3
19.300000E+0	1.000000E+0	-38.743955E+0	9.193063E+0	226.257462E-3	226.027984E-3
19.400000E+0	1.000000E+0	-38.744870E+0	9.254146E+0	227.279085E-3	227.198023E-3
19.500000E+0	1.000000E+0	-38.739151E+0	9.301054E+0	229.151863E-3	228.291768E-3
19.600000E+0	1.000000E+0	-38.737971E+0	9.366882E+0	230.054278E-3	229.468364E-3
19.700000E+0	1.000000E+0	-38.734153E+0	9.424603E+0	231.589693E-3	231.055040E-3
19.800000E+0	1.000000E+0	-38.729558E+0	9.443867E+0	232.403893E-3	231.497902E-3
19.900000E+0	1.000000E+0	-38.726533E+0	9.486043E+0	233.858842E-3	233.177561E-3
20.000000E+0	1.000000E+0	-38.722668E+0	9.526634E+0	234.739799E-3	234.133024E-3
20.100000E+0	1.000000E+0	-38.720590E+0	9.561825E+0	235.255975E-3	235.029478E-3
20.200000E+0	1.000000E+0	-38.717062E+0	9.635103E+0	237.222929E-3	236.748476E-3
20.300000E+0	1.000000E+0	-38.713748E+0	9.665728E+0	237.917323E-3	237.535257E-3
20.400000E+0	1.000000E+0	-38.712958E+0	9.725809E+0	238.895435E-3	238.536019E-3
20.500000E+0	1.000000E+0	-38.708926E+0	9.769082E+0	240.420122E-3	240.198393E-3
20.600000E+0	1.000000E+0	-38.704816E+0	9.816289E+0	241.329689E-3	240.757485E-3
20.700000E+0	1.000000E+0	-38.705075E+0	9.870803E+0	242.559929E-3	241.977592E-3
20.800000E+0	1.000000E+0	-38.701082E+0	9.899712E+0	243.369360E-3	243.046303E-3
20.900000E+0	1.000000E+0	-38.695553E+0	9.955609E+0	245.125909E-3	244.974514E-3
21.000000E+0	1.000000E+0	-38.694799E+0	9.979498E+0	246.194621E-3	245.686789E-3
21.100000E+0	1.000000E+0	-38.690818E+0	10.022008E+0	247.299095E-3	246.573110E-3
21.200000E+0	1.000000E+0	-38.688890E+0	10.078454E+0	248.492380E-3	247.838517E-3
21.300000E+0	1.000000E+0	-38.685528E+0	10.127044E+0	249.038955E-3	248.864909E-3
21.400000E+0	1.000000E+0	-38.684431E+0	10.182595E+0	250.715633E-3	250.099917E-3
21.500000E+0	1.000000E+0	-38.680786E+0	10.238552E+0	252.089521E-3	251.760503E-3
21.600000E+0	1.000000E+0	-38.674176E+0	10.279667E+0	253.035446E-3	252.475163E-3
21.700000E+0	1.000000E+0	-38.670025E+0	10.333860E+0	254.244825E-3	253.585597E-3
21.800000E+0	1.000000E+0	-38.672790E+0	10.366106E+0	255.247375E-3	254.474303E-3
21.900000E+0	1.000000E+0	-38.667608E+0	10.417032E+0	256.215354E-3	255.937001E-3
22.000000E+0	1.000000E+0	-38.665543E+0	10.456240E+0	257.653019E-3	257.224461E-3
22.100000E+0	1.000000E+0	-38.661129E+0	10.472465E+0	258.548876E-3	257.983228E-3
22.200000E+0	1.000000E+0	-38.657970E+0	10.547435E+0	259.615800E-3	259.643218E-3
22.300000E+0	1.000000E+0	-38.655082E+0	10.579729E+0	260.860345E-3	260.680339E-3
22.400000E+0	1.000000E+0	-38.653708E+0	10.639489E+0	262.232444E-3	261.902830E-3
22.500000E+0	1.000000E+0	-38.651303E+0	10.675752E+0	263.451359E-3	263.039491E-3
22.600000E+0	1.000000E+0	-38.646982E+0	10.740042E+0	264.147541E-3	263.786933E-3
22.700000E+0	1.000000E+0	-38.643188E+0	10.793161E+0	265.890381E-3	265.103004E-3
22.800000E+0	1.000000E+0	-38.640979E+0	10.812426E+0	266.498945E-3	266.192577E-3
22.900000E+0	1.000000E+0	-38.638911E+0	10.871971E+0	267.728589E-3	267.593286E-3
23.000000E+0	1.000000E+0	-38.634512E+0	10.894811E+0	268.939159E-3	268.647096E-3
23.100000E+0	1.000000E+0	-38.631961E+0	10.934758E+0	270.052574E-3	269.849918E-3
23.200000E+0	1.000000E+0	-38.628799E+0	11.007011E+0	271.581433E-3	271.270893E-3
23.300000E+0	1.000000E+0	-38.624633E+0	11.025822E+0	272.431395E-3	271.726868E-3
23.400000E+0	1.000000E+0	-38.621802E+0	11.092985E+0	273.610971E-3	273.041747E-3
23.500000E+0	1.000000E+0	-38.618646E+0	11.147380E+0	275.273941E-3	275.079630E-3
23.600000E+0	1.000000E+0	-38.614679E+0	11.200058E+0	276.118539E-3	275.720380E-3
23.700000E+0	1.000000E+0	-38.613171E+0	11.244237E+0	277.344011E-3	277.071021E-3
23.800000E+0	1.000000E+0	-38.609976E+0	11.280012E+0	278.221987E-3	277.725480E-3
23.900000E+0	1.000000E+0	-38.606212E+0	11.320317E+0	279.759191E-3	279.312156E-3
24.000000E+0	1.000000E+0	-38.603542E+0	11.366713E+0	280.513190E-3	280.268811E-3
24.100000E+0	1.000000E+0	-38.602993E+0	11.391294E+0	281.565212E-3	281.631373E-3
24.200000E+0	1.000000E+0	-38.599530E+0	11.448967E+0	283.206724E-3	282.657765E-3
24.300000E+0	1.000000E+0	-38.594994E+0	11.495483E+0	284.203910E-3	283.650779E-3
24.400000E+0	1.000000E+0	-38.588587E+0	11.555207E+0	285.669588E-3	284.956716E-3
24.500000E+0	1.000000E+0	-38.590485E+0	11.598742E+0	286.634587E-3	286.192917E-3
24.600000E+0	1.000000E+0	-38.584576E+0	11.644125E+0	287.840389E-3	286.915921E-3
24.700000E+0	1.000000E+0	-38.582287E+0	11.709225E+0	288.789295E-3	288.344645E-3
24.800000E+0	1.000000E+0	-38.579244E+0	11.735511E+0	289.704823E-3	289.214277E-3
24.900000E+0	1.000000E+0	-38.577504E+0	11.790287E+0	291.404151E-3	290.673994E-3
25.000000E+0	1.000000E+0	-38.575608E+0	11.831760E+0	292.031788E-3	291.991257E-3
25.100000E+0	1.000000E+0	-38.572062E+0	11.846626E+0	292.970562E-3	292.742872E-3
25.200000E+0	1.000000E+0	-38.566715E+0	11.913192E+0	294.878506E-3	294.236564E-3
25.300000E+0	1.000000E+0	-38.567883E+0	11.955166E+0	295.291567E-3	295.196795E-3
25.400000E+0	1.000000E+0	-38.562546E+0	12.002540E+0	297.046328E-3	296.498561E-3
25.500000E+0	1.000000E+0	-38.561234E+0	12.055886E+0	298.337960E-3	297.620916E-3
25.600000E+0	1.000000E+0	-38.554818E+0	12.109637E+0	299.144411E-3	298.479819E-3
25.700000E+0	1.000000E+0	-38.553191E+0	12.163115E+0	300.731683E-3	300.169015E-3
25.800000E+0	1.000000E+0	-38.549996E+0	12.182629E+0	301.172757E-3	301.107192E-3
25.900000E+0	1.000000E+0	-38.546974E+0	12.241113E+0	302.435780E-3	302.386308E-3
26.000000E+0	1.000000E+0	-38.544435E+0	12.264299E+0	303.648735E-3	303.404355E-3
26.100000E+0	1.000000E+0	-38.542128E+0	12.308741E+0	304.647708E-3	303.980136E-3
26.200000E+0	1.000000E+0	-38.538826E+0	12.364364E+0	306.122327E-3	305.691386E-3
26.300000E+0	1.000000E+0	-38.537089E+0	12.392330E+0	306.534196E-3	306.012059E-3
26.400000E+0	1.000000E+0	-38.534234E+0	12.462509E+0	308.362866E-3	307.779933E-3
26.500000E+0	1.000000E+0	-38.527388E+0	12.509203E+0	309.025670E-3	309.047724E-3
26.600000E+0	1.000000E+0	-38.528112E+0	12.559998E+0	310.499693E-3	310.368563E-3
26.700000E+0	1.000000E+0	-38.521970E+0	12.604916E+0	311.601187E-3	311.270977E-3
26.800000E+0	1.000000E+0	-38.521296E+0	12.634635E+0	312.223459E-3	311.917688E-3
26.900000E+0	1.000000E+0	-38.519159E+0	12.696803E+0	313.948418E-3	313.571717E-3
27.000000E+0	1.000000E+0	-38.512922E+0	12.711120E+0	314.999844E-3	314.614202E-3
27.100000E+0	1.000000E+0	-38.510439E+0	12.757599E+0	316.543604E-3	315.805699E-3
27.200000E+0	1.000000E+0	-38.511628E+0	12.808180E+0	317.367937E-3	316.960837E-3
27.300000E+0	1.000000E+0	-38.502226E+0	12.847149E+0	318.409826E-3	317.882921E-3
27.400000E+0	1.000000E+0	-38.502089E+0	12.910712E+0	319.692518E-3	319.352176E-3
27.500000E+0	1.000000E+0	-38.496280E+0	12.952077E+0	320.611026E-3	320.222999E-3
27.600000E+0	1.000000E+0	-38.495488E+0	13.002825E+0	321.444895E-3	321.033623E-3
27.700000E+0	1.000000E+0	-38.490075E+0	13.045514E+0	323.237803E-3	322.659638E-3
27.800000E+0	1.000000E+0	-38.492474E+0	13.079548E+0	323.813584E-3	323.426749E-3
27.900000E+0	1.000000E+0	-38.485674E+0	13.138449E+0	325.402643E-3	325.162437E-3
28.000000E+0	1.000000E+0	-38.485084E+0	13.168514E+0	326.858189E-3	326.266315E-3
28.100000E+0	1.000000E+0	-38.481972E+0	13.208425E+0	327.872660E-3	327.256944E-3
28.200000E+0	1.000000E+0	-38.477704E+0	13.265157E+0	328.839448E-3	328.776267E-3
28.300000E+0	1.000000E+0	-38.474742E+0	13.299167E+0	329.992798E-3	329.462912E-3
28.400000E+0	1.000000E+0	-38.472826E+0	13.362288E+0	331.215289E-3	330.951836E-3
28.500000E+0	1.000000E+0	-38.471824E+0	13.411283E+0	332.154658E-3	331.761864E-3
28.600000E+0	1.000000E+0	-38.467914E+0	13.462281E+0	333.325890E-3	333.021906E-3
28.700000E+0	1.000000E+0	-38.461555E+0	13.506532E+0	334.978726E-3	334.379104E-3
28.800000E+0	1.000000E+0	-38.459987E+0	13.538277E+0	335.263637E-3	335.257676E-3
28.900000E+0	1.000000E+0	-38.457335E+0	13.591278E+0	337.246087E-3	336.823490E-3
29.000000E+0	1.000000E+0	-38.456357E+0	13.620019E+0	337.879089E-3	337.453512E-3
29.100000E+0	1.000000E+0	-38.450710E+0	13.664234E+0	339.561728E-3	338.708785E-3
29.200000E+0	1.000000E+0	-38.448918E+0	13.717699E+0	340.220955E-3	340.213803E-3
29.300000E+0	1.000000E+0	-38.446421E+0	13.757002E+0	341.312317E-3	341.002968E-3
29.400000E+0	1.000000E+0	-38.442776E+0	13.820910E+0	342.545537E-3	342.309502E-3
29.500000E+0	1.000000E+0	-38.439760E+0	13.870120E+0	343.853263E-3	343.207744E-3
29.600000E+0	1.000000E+0	-38.437033E+0	13.914013E+0	344.768194E-3	344.362883E-3
29.700000E+0	1.000000E+0	-38.434294E+0	13.962543E+0	346.163539E-3	345.740346E-3
29.800000E+0	1.000000E+0	-38.428310E+0	13.986790E+0	347.020654E-3	346.552161E-3
29.900000E+0	1.000000E+0	-38.429007E+0	14.055669E+0	348.691372E-3	348.463086E-3
30.000000E+0	1.000000E+0	-38.426516E+0	14.076340E+0	349.597363E-3	349.372653E-3
30.100000E+0	1.000000E+0	-38.419632E+0	14.124501E+0	350.674419E-3	350.299506E-3
30.200000E+0	1.000000E+0	-38.417426E+0	14.173043E+0	352.250962E-3	351.912407E-3
30.300000E+0	1.000000E+0	-38.413507E+0	14.203489E+0	352.755813E-3	352.561502E-3
30.400000E+0	1.000000E+0	-38.409794E+0	14.265883E+0	353.868632E-3	353.620677E-3
30.500000E+0	1.000000E+0	-38.407282E+0	14.307737E+0	355.410008E-3	354.994564E-3
30.600000E+0	1.000000E+0	-38.405067E+0	14.360416E+0	356.246261E-3	355.843930E-3
30.700000E+0	1.000000E+0	-38.404710E+0	14.405417E+0	357.253580E-3	356.831579E-3
30.800000E+0	1.000000E+0	-38.399530E+0	14.440513E+0	358.570247E-3	358.037381E-3
30.900000E+0	1.000000E+0	-38.396442E+0	14.478028E+0	359.607964E-3	359.469085E-3
31.000000E+0	1.000000E+0	-38.392392E+0	14.509463E+0	360.814362E-3	360.210567E-3
31.100000E+0	1.000000E+0	-38.390533E+0	14.561701E+0	361.462860E-3	361.480742E-3
31.200000E+0	1.000000E+0	-38.386578E+0	14.610171E+0	362.995892E-3	362.903505E-3
31.300000E+0	1.000000E+0	-38.384811E+0	14.640069E+0	364.061027E-3	363.841682E-3
31.400000E+0	1.000000E+0	-38.378442E+0	14.708912E+0	365.451604E-3	365.083843E-3
31.500000E+0	1.000000E+0	-38.381461E+0	14.757216E+0	366.231232E-3	366.060763E-3
31.600000E+0	1.000000E+0	-38.377512E+0	14.813769E+0	367.961555E-3	367.555052E-3
31.700000E+0	1.000000E+0	-38.369844E+0	14.851499E+0	369.259149E-3	368.772775E-3
31.800000E+0	1.000000E+0	-38.368804E+0	14.875638E+0	369.799167E-3	369.354516E-3
31.900000E+0	1.000000E+0	-38.368366E+0	14.933407E+0	371.012121E-3	370.903045E-3
32.000000E+0	1.000000E+0	-38.364944E+0	14.968586E+0	372.136265E-3	371.597439E-3
32.100000E+0	1.000000E+0	-38.360400E+0	15.004897E+0	373.053581E-3	372.917086E-3
32.200000E+0	1.000000E+0	-38.358594E+0	15.051770E+0	374.776155E-3	374.065071E-3
32.300000E+0	1.000000E+0	-38.357312E+0	15.093267E+0	375.025302E-3	374.931723E-3
32.400000E+0	1.000000E+0	-38.353026E+0	15.164423E+0	377.082855E-3	376.612574E-3
32.500000E+0	1.000000E+0	-38.349733E+0	15.208161E+0	377.837450E-3	377.488166E-3
32.600000E+0	1.000000E+0	-38.342956E+0	15.256751E+0	379.660160E-3	378.992588E-3
32.700000E+0	1.000000E+0	-38.341842E+0	15.297067E+0	380.209119E-3	379.872949E-3
32.800000E+0	1.000000E+0	-38.342009E+0	15.343523E+0	380.613238E-3	380.694897E-3
32.900000E+0	1.000000E+0	-38.336531E+0	15.385556E+0	382.859141E-3	382.478268E-3
33.000000E+0	1.000000E+0	-38.337762E+0	15.404785E+0	383.328826E-3	383.073122E-3
33.100000E+0	1.000000E+0	-38.332752E+0	15.456295E+0	384.894044E-3	384.327800E-3
33.200000E+0	1.000000E+0	-38.329068E+0	15.500700E+0	385.783346E-3	385.286839E-3
33.300000E+0	1.000000E+0	-38.325391E+0	15.542054E+0	386.672051E-3	386.731656E-3
33.400000E+0	1.000000E+0	-38.323162E+0	15.612876E+0	388.407142E-3	387.901695E-3
33.500000E+0	1.000000E+0	-38.319341E+0	15.630627E+0	389.084251E-3	388.667615E-3
33.600000E+0	1.000000E+0	-38.317481E+0	15.696549E+0	390.175016E-3	389.809044E-3
33.700000E+0	1.000000E+0	-38.314346E+0	15.749037E+0	391.783746E-3	391.241343E-3
33.800000E+0	1.000000E+0	-38.309399E+0	15.778244E+0	392.782720E-3	392.481716E-3
33.900000E+0	1.000000E+0	-38.309992E+0	15.824270E+0	394.179853E-3	393.804939E-3
34.000000E+0	1.000000E+0	-38.304627E+0	15.853131E+0	394.735368E-3	394.517215E-3
34.100000E+0	1.000000E+0	-38.299671E+0	15.912843E+0	396.551522E-3	395.892294E-3
34.200000E+0	1.000000E+0	-38.297082E+0	15.943086E+0	397.178562E-3	396.903785E-3
34.300000E+0	1.000000E+0	-38.294533E+0	15.983534E+0	398.586424E-3	398.244890E-3
34.400000E+0	1.000000E+0	-38.293618E+0	16.043925E+0	400.081309E-3	399.413141E-3
34.500000E+0	1.000000E+0	-38.291345E+0	16.102195E+0	400.943788E-3	400.291117E-3
34.600000E+0	1.000000E+0	-38.283197E+0	16.150653E+0	402.557286E-3	401.592883E-3
34.700000E+0	1.000000E+0	-38.285313E+0	16.174197E+0	403.061541E-3	402.740868E-3
34.800000E+0	1.000000E+0	-38.278813E+0	16.207886E+0	404.094490E-3	403.686198E-3
34.900000E+0	1.000000E+0	-38.276712E+0	16.263282E+0	404.827627E-3	404.825839E-3
35.000000E+0	1.000000E+0	-38.275561E+0	16.294098E+0	406.044754E-3	405.951175E-3
35.100000E+0	1.000000E+0	-38.272384E+0	16.351473E+0	407.524738E-3	407.490167E-3
35.200000E+0	1.000000E+0	-38.270361E+0	16.401041E+0	409.067306E-3	408.433708E-3
35.300000E+0	1.000000E+0	-38.267077E+0	16.429806E+0	409.569177E-3	409.498247E-3
35.400000E+0	1.000000E+0	-38.259608E+0	16.481090E+0	410.957369E-3	410.566959E-3
35.500000E+0	1.000000E+0	-38.257862E+0	16.536641E+0	411.727461E-3	411.465797E-3
35.600000E+0	1.000000E+0	-38.257695E+0	16.591990E+0	413.387451E-3	413.000021E-3
35.700000E+0	1.000000E+0	-38.254932E+0	16.634941E+0	414.294634E-3	414.162907E-3
35.800000E+0	1.000000E+0	-38.252202E+0	16.662371E+0	415.553484E-3	414.999161E-3
35.900000E+0	1.000000E+0	-38.248161E+0	16.718447E+0	417.146716E-3	416.474376E-3
36.000000E+0	1.000000E+0	-38.247011E+0	16.728556E+0	417.538319E-3	416.997704E-3
36.100000E+0	1.000000E+0	-38.240102E+0	16.787672E+0	418.861542E-3	418.741737E-3
36.200000E+0	1.000000E+0	-38.237617E+0	16.830564E+0	420.047078E-3	419.753227E-3
36.300000E+0	1.000000E+0	-38.233838E+0	16.867232E+0	421.131883E-3	420.706902E-3
36.400000E+0	1.000000E+0	-38.232419E+0	16.931522E+0	422.418747E-3	422.070656E-3
36.500000E+0	1.000000E+0	-38.228971E+0	16.970360E+0	423.349176E-3	423.032079E-3
36.600000E+0	1.000000E+0	-38.225201E+0	17.038214E+0	424.976979E-3	424.648557E-3
36.700000E+0	1.000000E+0	-38.221583E+0	17.061901E+0	425.833498E-3	425.339971E-3
36.800000E+0	1.000000E+0	-38.220877E+0	17.115510E+0	427.193080E-3	426.792537E-3
36.900000E+0	1.000000E+0	-38.217781E+0	17.155850E+0	428.273712E-3	427.691971E-3
37.000000E+0	1.000000E+0	-38.215900E+0	17.173433E+0	428.886448E-3	428.509747E-3
37.100000E+0	1.000000E+0	-38.208706E+0	17.235231E+0	430.696045E-3	430.191194E-3
37.200000E+0	1.000000E+0	-38.207046E+0	17.279446E+0	431.356465E-3	430.805122E-3
37.300000E+0	1.000000E+0	-38.202537E+0	17.317760E+0	432.389413E-3	432.179009E-3
37.400000E+0	1.000000E+0	-38.205001E+0	17.384851E+0	433.656608E-3	433.354412E-3
37.500000E+0	1.000000E+0	-38.200212E+0	17.416704E+0	434.645449E-3	433.889662E-3
37.600000E+0	1.000000E+0	-38.195670E+0	17.471731E+0	436.330473E-3	435.782110E-3
37.700000E+0	1.000000E+0	-38.191766E+0	17.506468E+0	436.730420E-3	436.708962E-3
37.800000E+0	1.000000E+0	-38.194269E+0	17.544615E+0	437.755620E-3	437.925493E-3
37.900000E+0	1.000000E+0	-38.186980E+0	17.600691E+0	439.917480E-3	439.237391E-3
38.000000E+0	1.000000E+0	-38.187746E+0	17.633104E+0	440.057551E-3	440.092718E-3
38.100000E+0	1.000000E+0	-38.181076E+0	17.664075E+0	441.503560E-3	441.290772E-3
38.200000E+0	1.000000E+0	-38.178671E+0	17.710245E+0	442.666447E-3	442.758238E-3
38.300000E+0	1.000000E+0	-38.176954E+0	17.757452E+0	444.020664E-3	443.409717E-3
38.400000E+0	1.000000E+0	-38.172138E+0	17.825043E+0	445.601976E-3	444.930231E-3
38.500000E+0	1.000000E+0	-38.172204E+0	17.863572E+0	445.998943E-3	445.647275E-3
38.600000E+0	1.000000E+0	-38.168836E+0	17.906439E+0	447.065270E-3	446.804202E-3
38.700000E+0	1.000000E+0	-38.164622E+0	17.950606E+0	448.181069E-3	448.154247E-3
38.800000E+0	1.000000E+0	-38.161555E+0	17.996049E+0	450.055039E-3	449.433363E-3
38.900000E+0	1.000000E+0	-38.154924E+0	18.044519E+0	451.396740E-3	450.504458E-3
39.000000E+0	1.000000E+0	-38.154844E+0	18.066776E+0	452.182925E-3	451.591647E-3
39.100000E+0	1.000000E+0	-38.149167E+0	18.111753E+0	453.150905E-3	452.835596E-3
39.200000E+0	1.000000E+0	-38.147507E+0	18.146777E+0	454.131401E-3	453.513897E-3
39.300000E+0	1.000000E+0	-38.144523E+0	18.199778E+0	455.631650E-3	454.996861E-3
39.400000E+0	1.000000E+0	-38.144029E+0	18.252802E+0	456.222928E-3	455.752052E-3
39.500000E+0	1.000000E+0	-38.137773E+0	18.296027E+0	457.097329E-3	456.924475E-3
39.600000E+0	1.000000E+0	-38.136831E+0	18.355846E+0	458.872355E-3	458.671487E-3
39.700000E+0	1.000000E+0	-38.132689E+0	18.392909E+0	460.068620E-3	459.589995E-3
39.800000E+0	1.000000E+0	-38.133488E+0	18.423414E+0	460.521616E-3	460.563339E-3
39.900000E+0	1.000000E+0	-38.127244E+0	18.478012E+0	462.127961E-3	461.502112E-3
40.000000E+0	1.000000E+0	-38.124380E+0	18.495286E+0	462.842025E-3	462.545790E-3
40.100000E+0	1.000000E+0	-38.122643E+0	18.544555E+0	464.326776E-3	463.730134E-3
40.200000E+0	1.000000E+0	-38.120634E+0	18.582845E+0	465.065874E-3	464.941896E-3
40.300000E+0	1.000000E+0	-38.116459E+0	18.631005E+0	466.699042E-3	466.298498E-3
40.400000E+0	1.000000E+0	-38.109842E+0	18.685126E+0	467.801131E-3	467.534103E-3
40.500000E+0	1.000000E+0	-38.110138E+0	18.716395E+0	468.747653E-3	468.431153E-3
40.600000E+0	1.000000E+0	-38.105277E+0	18.793190E+0	470.100083E-3	469.584503E-3
40.700000E+0	1.000000E+0	-38.100702E+0	18.818414E+0	471.110978E-3	470.474400E-3
40.800000E+0	1.000000E+0	-38.099003E+0	18.868375E+0	472.333469E-3	472.242870E-3
40.900000E+0	1.000000E+0	-38.095296E+0	18.912947E+0	473.854580E-3	473.093428E-3
41.000000E+0	1.000000E+0	-38.097808E+0	18.926656E+0	474.272408E-3	473.953523E-3
41.100000E+0	1.000000E+0	-38.092992E+0	18.987656E+0	475.428142E-3	475.072899E-3
41.200000E+0	1.000000E+0	-38.089586E+0	19.003475E+0	476.573148E-3	476.157703E-3
41.300000E+0	1.000000E+0	-38.084105E+0	19.071984E+0	477.973261E-3	477.384367E-3
41.400000E+0	1.000000E+0	-38.081879E+0	19.130063E+0	478.693285E-3	478.699246E-3
41.500000E+0	1.000000E+0	-38.081411E+0	19.160235E+0	479.795971E-3	479.506293E-3
41.600000E+0	1.000000E+0	-38.076038E+0	19.225311E+0	481.221118E-3	481.212774E-3
41.700000E+0	1.000000E+0	-38.073600E+0	19.260263E+0	482.077041E-3	481.716433E-3
41.800000E+0	1.000000E+0	-38.070244E+0	19.309521E+0	483.756700E-3	483.602920E-3
41.900000E+0	1.000000E+0	-38.067034E+0	19.344485E+0	484.753886E-3	484.674016E-3
42.000000E+0	1.000000E+0	-38.062090E+0	19.367015E+0	486.022273E-3	484.952965E-3
42.100000E+0	1.000000E+0	-38.059593E+0	19.408429E+0	487.110654E-3	486.385265E-3
42.200000E+0	1.000000E+0	-38.056300E+0	19.450581E+0	487.907568E-3	487.571398E-3
42.300000E+0	1.000000E+0	-38.056025E+0	19.511294E+0	488.968531E-3	488.836208E-3
42.400000E+0	1.000000E+0	-38.052080E+0	19.558311E+0	490.173141E-3	489.831606E-3
42.500000E+0	1.000000E+0	-38.048167E+0	19.595253E+0	491.402189E-3	490.886012E-3
42.600000E+0	1.000000E+0	-38.048935E+0	19.667423E+0	492.659251E-3	492.449442E-3
42.700000E+0	1.000000E+0	-38.044903E+0	19.694757E+0	493.446032E-3	493.158141E-3
42.800000E+0	1.000000E+0	-38.040880E+0	19.739008E+0	495.169798E-3	494.571964E-3
42.900000E+0	1.000000E+0	-38.037149E+0	19.781971E+0	496.176521E-3	495.547692E-3
43.000000E+0	1.000000E+0	-38.034630E+0	19.809568E+0	497.548620E-3	496.867935E-3
43.100000E+0	1.000000E+0	-38.030872E+0	19.855702E+0	498.754422E-3	498.311559E-3
43.200000E+0	1.000000E+0	-38.029111E+0	19.890273E+0	498.882572E-3	498.651306E-3
43.300000E+0	1.000000E+0	-38.022984E+0	19.943845E+0	500.628392E-3	500.155727E-3
43.400000E+0	1.000000E+0	-38.022140E+0	19.987643E+0	501.298348E-3	501.446764E-3
43.500000E+0	1.000000E+0	-38.018266E+0	20.033813E+0	502.631704E-3	502.130429E-3
43.600000E+0	1.000000E+0	-38.016612E+0	20.089364E+0	504.057448E-3	503.969233E-3
43.700000E+0	1.000000E+0	-38.013733E+0	20.116735E+0	504.519980E-3	504.370372E-3
43.800000E+0	1.000000E+0	-38.006411E+0	20.175493E+0	506.783764E-3	505.936186E-3
43.900000E+0	1.000000E+0	-38.008264E+0	20.215535E+0	507.287424E-3	507.196825E-3
44.000000E+0	1.000000E+0	-38.006762E+0	20.244920E+0	507.954996E-3	507.992547E-3
44.100000E+0	1.000000E+0	-37.999142E+0	20.290053E+0	509.746115E-3	509.142916E-3
44.200000E+0	1.000000E+0	-37.999353E+0	20.313263E+0	510.336798E-3	509.855788E-3
44.300000E+0	1.000000E+0	-37.994564E+0	20.382333E+0	511.956256E-3	511.888307E-3
44.400000E+0	1.000000E+0	-37.990764E+0	20.420587E+0	513.251465E-3	512.653034E-3
44.500000E+0	1.000000E+0	-37.988434E+0	20.458901E+0	513.982814E-3	513.104241E-3
44.600000E+0	1.000000E+0	-37.985704E+0	20.530486E+0	515.549224E-3	514.922779E-3
44.700000E+0	1.000000E+0	-37.981502E+0	20.565450E+0	516.727012E-3	515.741747E-3
44.800000E+0	1.000000E+0	-37.981552E+0	20.615590E+0	517.631215E-3	516.946357E-3
44.900000E+0	1.000000E+0	-37.976388E+0	20.643902E+0	518.325013E-3	518.034142E-3
45.000000E+0	1.000000E+0	-37.975872E+0	20.662689E+0	519.029540E-3	518.667739E-3
45.100000E+0	1.000000E+0	-37.970776E+0	20.722318E+0	520.631117E-3	520.142954E-3
45.200000E+0	1.000000E+0	-37.968937E+0	20.751524E+0	521.405977E-3	521.642011E-3
45.300000E+0	1.000000E+0	-37.965325E+0	20.801711E+0	523.154777E-3	522.625488E-3
45.400000E+0	1.000000E+0	-37.963430E+0	20.851922E+0	524.200243E-3	523.720426E-3
45.500000E+0	1.000000E+0	-37.956831E+0	20.904386E+0	525.403661E-3	524.819535E-3
45.600000E+0	1.000000E+0	-37.954170E+0	20.954716E+0	526.889009E-3	526.278657E-3
45.700000E+0	1.000000E+0	-37.953821E+0	20.980346E+0	527.656121E-3	527.086896E-3
45.800000E+0	1.000000E+0	-37.949461E+0	21.036482E+0	528.302235E-3	528.120441E-3
45.900000E+0	1.000000E+0	-37.947932E+0	21.077919E+0	529.739303E-3	529.541416E-3
46.000000E+0	1.000000E+0	-37.942043E+0	21.116841E+0	531.147165E-3	531.017823E-3
46.100000E+0	1.000000E+0	-37.944845E+0	21.164548E+0	532.312436E-3	531.686587E-3
46.200000E+0	1.000000E+0	-37.936765E+0	21.185577E+0	533.161206E-3	532.509131E-3
46.300000E+0	1.000000E+0	-37.933687E+0	21.248376E+0	534.391446E-3	534.116669E-3
46.400000E+0	1.000000E+0	-37.933347E+0	21.283650E+0	535.290284E-3	535.016103E-3
46.500000E+0	1.000000E+0	-37.930960E+0	21.345913E+0	536.409659E-3	535.897655E-3
46.600000E+0	1.000000E+0	-37.924818E+0	21.384704E+0	537.919445E-3	537.390156E-3
46.700000E+0	1.000000E+0	-37.923381E+0	21.416485E+0	537.991567E-3	537.980838E-3
46.800000E+0	1.000000E+0	-37.920383E+0	21.486545E+0	539.966865E-3	539.718313E-3
46.900000E+0	1.000000E+0	-37.919257E+0	21.514380E+0	541.012926E-3	541.145845E-3
47.000000E+0	1.000000E+0	-37.911609E+0	21.544206E+0	542.077466E-3	541.572018E-3
47.100000E+0	1.000000E+0	-37.911675E+0	21.587908E+0	543.895407E-3	543.116971E-3
47.200000E+0	1.000000E+0	-37.907050E+0	21.612513E+0	544.270917E-3	544.084950E-3
47.300000E+0	1.000000E+0	-37.905470E+0	21.670401E+0	545.820041E-3	545.382543E-3
47.400000E+0	1.000000E+0	-37.902517E+0	21.720862E+0	546.861335E-3	546.301647E-3
47.500000E+0	1.000000E+0	-37.897769E+0	21.764588E+0	548.053428E-3	547.456785E-3
47.600000E+0	1.000000E+0	-37.894178E+0	21.816337E+0	549.125119E-3	548.565432E-3
47.700000E+0	1.000000E+0	-37.893665E+0	21.859050E+0	549.675866E-3	549.145981E-3
47.800000E+0	1.000000E+0	-37.888417E+0	21.910989E+0	551.132604E-3	550.675436E-3
47.900000E+0	1.000000E+0	-37.883595E+0	21.941578E+0	552.310988E-3	551.682755E-3
48.000000E+0	1.000000E+0	-37.887323E+0	21.965480E+0	553.035184E-3	552.831932E-3
48.100000E+0	1.000000E+0	-37.882269E+0	22.023201E+0	554.890677E-3	554.401323E-3
48.200000E+0	1.000000E+0	-37.875963E+0	22.046840E+0	556.072041E-3	555.185720E-3
48.300000E+0	1.000000E+0	-37.872932E+0	22.104204E+0	557.364270E-3	556.711599E-3
48.400000E+0	1.000000E+0	-37.875033E+0	22.148550E+0	558.040187E-3	557.252809E-3
48.500000E+0	1.000000E+0	-37.867395E+0	22.191203E+0	559.186980E-3	558.468148E-3
48.600000E+0	1.000000E+0	-37.868301E+0	22.264194E+0	560.538814E-3	560.191319E-3
48.700000E+0	1.000000E+0	-37.863255E+0	22.287953E+0	561.256454E-3	560.569808E-3
48.800000E+0	1.000000E+0	-37.861613E+0	22.319949E+0	562.467024E-3	561.847732E-3
48.900000E+0	1.000000E+0	-37.858666E+0	22.355115E+0	563.418314E-3	563.113734E-3
49.000000E+0	1.000000E+0	-37.853411E+0	22.412896E+0	564.510867E-3	564.204500E-3
49.100000E+0	1.000000E+0	-37.850899E+0	22.443330E+0	566.047475E-3	565.630243E-3
49.200000E+0	1.000000E+0	-37.847764E+0	22.472310E+0	566.594050E-3	566.299007E-3
49.300000E+0	1.000000E+0	-37.844626E+0	22.535944E+0	568.499611E-3	567.953036E-3
49.400000E+0	1.000000E+0	-37.841949E+0	22.584391E+0	569.396661E-3	568.785117E-3
49.500000E+0	1.000000E+0	-37.837476E+0	22.634792E+0	570.868895E-3	570.230530E-3
49.600000E+0	1.000000E+0	-37.836645E+0	22.676456E+0	571.698592E-3	571.147845E-3
49.700000E+0	1.000000E+0	-37.833185E+0	22.721612E+0	572.949098E-3	572.273777E-3
49.800000E+0	1.000000E+0	-37.828199E+0	22.761929E+0	573.706077E-3	573.154138E-3
49.900000E+0	1.000000E+0	-37.827644E+0	22.794652E+0	575.274275E-3	574.568556E-3
50.000000E+0	1.000000E+0	-37.825281E+0	22.826123E+0	575.872110E-3	575.735615E-3
50.100000E+0	1.000000E+0	-37.822742E+0	22.866344E+0	576.922940E-3	576.713131E-3
50.200000E+0	1.000000E+0	-37.819762E+0	22.903073E+0	578.092383E-3	577.371763E-3
50.300000E+0	1.000000E+0	-37.814063E+0	22.965908E+0	579.572962E-3	578.872012E-3
50.400000E+0	1.000000E+0	-37.812180E+0	23.008597E+0	580.160664E-3	579.843568E-3
50.500000E+0	1.000000E+0	-37.809045E+0	23.056245E+0	581.628727E-3	581.548857E-3
50.600000E+0	1.000000E+0	-37.805337E+0	23.112071E+0	583.133744E-3	582.519816E-3
50.700000E+0	1.000000E+0	-37.801302E+0	23.141658E+0	583.676743E-3	583.289312E-3
50.800000E+0	1.000000E+0	-37.798787E+0	23.191369E+0	585.238980E-3	584.663199E-3
50.900000E+0	1.000000E+0	-37.797115E+0	23.224843E+0	586.029934E-3	585.516142E-3
51.000000E+0	1.000000E+0	-37.793267E+0	23.265922E+0	587.189245E-3	587.104606E-3
51.100000E+0	1.000000E+0	-37.790511E+0	23.307955E+0	588.861751E-3	588.074970E-3
51.200000E+0	1.000000E+0	-37.786317E+0	23.343277E+0	589.469718E-3	589.036393E-3
51.300000E+0	1.000000E+0	-37.787313E+0	23.399675E+0	590.782213E-3	590.431141E-3
51.400000E+0	1.000000E+0	-37.784714E+0	23.434401E+0	591.288852E-3	591.107654E-3
51.500000E+0	1.000000E+0	-37.781027E+0	23.488986E+0	592.926788E-3	592.419553E-3
51.600000E+0	1.000000E+0	-37.779344E+0	23.541176E+0	594.041395E-3	593.544888E-3
51.700000E+0	1.000000E+0	-37.775642E+0	23.564875E+0	595.375347E-3	594.542074E-3
51.800000E+0	1.000000E+0	-37.769574E+0	23.617935E+0	596.240807E-3	596.160340E-3
51.900000E+0	1.000000E+0	-37.768084E+0	23.660457E+0	597.448397E-3	596.991229E-3
52.000000E+0	1.000000E+0	-37.765679E+0	23.700893E+0	598.540354E-3	598.264384E-3
52.100000E+0	1.000000E+0	-37.760631E+0	23.730397E+0	599.204946E-3	599.011827E-3
52.200000E+0	1.000000E+0	-37.757427E+0	23.758829E+0	600.603271E-3	600.015569E-3
52.300000E+0	1.000000E+0	-37.755210E+0	23.816895E+0	601.735163E-3	601.189781E-3
52.400000E+0	1.000000E+0	-37.751172E+0	23.849165E+0	602.849770E-3	602.263260E-3
52.500000E+0	1.000000E+0	-37.745551E+0	23.914361E+0	604.684401E-3	603.872586E-3
52.600000E+0	1.000000E+0	-37.743721E+0	23.970079E+0	605.348993E-3	604.943681E-3
52.700000E+0	1.000000E+0	-37.742833E+0	23.998880E+0	606.199551E-3	605.646420E-3
52.800000E+0	1.000000E+0	-37.741826E+0	24.050474E+0	607.110310E-3	607.191373E-3
52.900000E+0	1.000000E+0	-37.734753E+0	24.079084E+0	608.789970E-3	608.200480E-3
53.000000E+0	1.000000E+0	-37.732688E+0	24.119616E+0	609.396745E-3	609.314490E-3
53.100000E+0	1.000000E+0	-37.727839E+0	24.150062E+0	610.891629E-3	610.076238E-3
53.200000E+0	1.000000E+0	-37.730709E+0	24.196994E+0	611.398865E-3	611.146737E-3
53.300000E+0	1.000000E+0	-37.722293E+0	24.238539E+0	613.218595E-3	612.586786E-3
53.400000E+0	1.000000E+0	-37.723420E+0	24.277604E+0	613.643576E-3	613.181044E-3
53.500000E+0	1.000000E+0	-37.722055E+0	24.334347E+0	615.046670E-3	614.416648E-3
53.600000E+0	1.000000E+0	-37.715591E+0	24.382555E+0	616.309096E-3	615.961601E-3
53.700000E+0	1.000000E+0	-37.715379E+0	24.427187E+0	617.312242E-3	617.090513E-3
53.800000E+0	1.000000E+0	-37.710167E+0	24.479890E+0	618.674209E-3	618.100216E-3
53.900000E+0	1.000000E+0	-37.708036E+0	24.485981E+0	619.197537E-3	618.849446E-3
54.000000E+0	1.000000E+0	-37.701971E+0	24.537659E+0	620.850970E-3	620.280554E-3
54.100000E+0	1.000000E+0	-37.704084E+0	24.576592E+0	621.572187E-3	621.328404E-3
54.200000E+0	1.000000E+0	-37.701405E+0	24.590814E+0	622.850706E-3	622.323801E-3
54.300000E+0	1.000000E+0	-37.692759E+0	24.666655E+0	624.433806E-3	623.694112E-3
54.400000E+0	1.000000E+0	-37.694049E+0	24.711180E+0	625.264695E-3	624.674609E-3
54.500000E+0	1.000000E+0	-37.690169E+0	24.751437E+0	626.304796E-3	625.828555E-3
54.600000E+0	1.000000E+0	-37.689734E+0	24.803650E+0	627.502253E-3	626.776269E-3
54.700000E+0	1.000000E+0	-37.684197E+0	24.833107E+0	628.541162E-3	628.002932E-3
54.800000E+0	1.000000E+0	-37.680445E+0	24.892902E+0	629.684975E-3	629.048398E-3
54.900000E+0	1.000000E+0	-37.678424E+0	24.913692E+0	630.422285E-3	630.019954E-3
55.000000E+0	1.000000E+0	-37.673802E+0	24.967504E+0	632.652095E-3	631.495169E-3
55.100000E+0	1.000000E+0	-37.671117E+0	25.001371E+0	632.767728E-3	632.264069E-3
55.200000E+0	1.000000E+0	-37.666840E+0	25.040817E+0	634.204796E-3	633.615902E-3
55.300000E+0	1.000000E+0	-37.665216E+0	25.093830E+0	635.487488E-3	634.855679E-3
55.400000E+0	1.000000E+0	-37.661771E+0	25.136244E+0	636.646799E-3	635.882667E-3
55.500000E+0	1.000000E+0	-37.658638E+0	25.181699E+0	637.599877E-3	637.058667E-3
55.600000E+0	1.000000E+0	-37.659243E+0	25.243855E+0	639.061383E-3	638.330630E-3
55.700000E+0	1.000000E+0	-37.656263E+0	25.263155E+0	639.830283E-3	639.138273E-3
55.800000E+0	1.000000E+0	-37.650294E+0	25.329387E+0	640.990189E-3	640.643886E-3
55.900000E+0	1.000000E+0	-37.647585E+0	25.339520E+0	641.629151E-3	641.139797E-3
56.000000E+0	1.000000E+0	-37.647090E+0	25.381982E+0	643.084101E-3	642.506532E-3
56.100000E+0	1.000000E+0	-37.640721E+0	25.422144E+0	644.558720E-3	643.711142E-3
56.200000E+0	1.000000E+0	-37.638951E+0	25.478756E+0	645.573191E-3	644.981317E-3
56.300000E+0	1.000000E+0	-37.636161E+0	25.524080E+0	646.634750E-3	646.492891E-3
56.400000E+0	1.000000E+0	-37.630746E+0	25.551665E+0	647.919826E-3	647.167019E-3
56.500000E+0	1.000000E+0	-37.628630E+0	25.607240E+0	648.571901E-3	648.217253E-3
56.600000E+0	1.000000E+0	-37.624085E+0	25.650287E+0	649.895720E-3	649.315171E-3
56.700000E+0	1.000000E+0	-37.624091E+0	25.696433E+0	650.823764E-3	650.546603E-3
56.800000E+0	1.000000E+0	-37.619797E+0	25.754011E+0	652.116589E-3	651.795320E-3
56.900000E+0	1.000000E+0	-37.618566E+0	25.760901E+0	653.085165E-3	652.592830E-3
57.000000E+0	1.000000E+0	-37.612281E+0	25.817323E+0	654.464416E-3	653.797440E-3
57.100000E+0	1.000000E+0	-37.611479E+0	25.856972E+0	655.773335E-3	654.771976E-3
57.200000E+0	1.000000E+0	-37.609247E+0	25.883436E+0	656.322293E-3	655.951552E-3
57.300000E+0	1.000000E+0	-37.604282E+0	25.941253E+0	657.850557E-3	657.355242E-3
57.400000E+0	1.000000E+0	-37.603939E+0	25.975811E+0	659.135037E-3	658.029370E-3
57.500000E+0	1.000000E+0	-37.597696E+0	26.045668E+0	660.132819E-3	659.542137E-3
57.600000E+0	1.000000E+0	-37.597681E+0	26.078033E+0	660.902911E-3	660.777741E-3
57.700000E+0	1.000000E+0	-37.594557E+0	26.128459E+0	661.960297E-3	661.548429E-3
57.800000E+0	1.000000E+0	-37.592277E+0	26.158464E+0	663.070732E-3	662.927085E-3
57.900000E+0	1.000000E+0	-37.586707E+0	26.188648E+0	664.511972E-3	663.785392E-3
58.000000E+0	1.000000E+0	-37.583334E+0	26.232278E+0	665.948444E-3	665.093714E-3
58.100000E+0	1.000000E+0	-37.579832E+0	26.252985E+0	666.770392E-3	666.036659E-3
58.200000E+0	1.000000E+0	-37.582011E+0	26.298881E+0	667.542273E-3	666.714364E-3
58.300000E+0	1.000000E+0	-37.576068E+0	26.362252E+0	669.286305E-3	668.453628E-3
58.400000E+0	1.000000E+0	-37.570784E+0	26.409137E+0	670.419985E-3	669.321471E-3
58.500000E+0	1.000000E+0	-37.567351E+0	26.450229E+0	671.011859E-3	670.448595E-3
58.600000E+0	1.000000E+0	-37.566630E+0	26.491272E+0	672.497803E-3	671.777779E-3
58.700000E+0	1.000000E+0	-37.561095E+0	26.542985E+0	673.905069E-3	672.708208E-3
58.800000E+0	1.000000E+0	-37.556699E+0	26.577020E+0	675.004179E-3	673.949176E-3
58.900000E+0	1.000000E+0	-37.558622E+0	26.608706E+0	675.544793E-3	675.093586E-3
59.000000E+0	1.000000E+0	-37.552545E+0	26.655066E+0	676.870996E-3	676.019246E-3
59.100000E+0	1.000000E+0	-37.550396E+0	26.680458E+0	677.645857E-3	676.892454E-3
59.200000E+0	1.000000E+0	-37.550834E+0	26.729441E+0	679.276640E-3	678.298528E-3
59.300000E+0	1.000000E+0	-37.545014E+0	26.779342E+0	679.876263E-3	679.458434E-3
59.400000E+0	1.000000E+0	-37.542317E+0	26.826406E+0	681.000406E-3	680.193359E-3
59.500000E+0	1.000000E+0	-37.538344E+0	26.887608E+0	683.034713E-3	682.175214E-3
59.600000E+0	1.000000E+0	-37.537680E+0	26.934409E+0	683.571751E-3	682.779009E-3
59.700000E+0	1.000000E+0	-37.533936E+0	26.974082E+0	684.045012E-3	683.694537E-3
59.800000E+0	1.000000E+0	-37.529192E+0	27.000570E+0	685.725267E-3	685.078557E-3
59.900000E+0	1.000000E+0	-37.525285E+0	27.035141E+0	686.640794E-3	685.690696E-3
60.000000E+0	1.000000E+0	-37.524570E+0	27.095640E+0	688.166673E-3	687.430556E-3
60.100000E+0	1.000000E+0	-37.522805E+0	27.121687E+0	689.195450E-3	688.315089E-3
60.200000E+0	1.000000E+0	-37.520430E+0	27.158225E+0	689.532812E-3	689.503010E-3
60.300000E+0	1.000000E+0	-37.513990E+0	27.215624E+0	691.770967E-3	691.275652E-3
60.400000E+0	1.000000E+0	-37.512425E+0	27.231491E+0	692.499335E-3	691.574271E-3
60.500000E+0	1.000000E+0	-37.509770E+0	27.293158E+0	693.476256E-3	692.883189E-3
60.600000E+0	1.000000E+0	-37.505705E+0	27.334046E+0	695.075448E-3	693.728383E-3
60.700000E+0	1.000000E+0	-37.501175E+0	27.389646E+0	695.942696E-3	695.141609E-3
60.800000E+0	1.000000E+0	-37.501565E+0	27.432895E+0	697.451290E-3	696.627553E-3
60.900000E+0	1.000000E+0	-37.498588E+0	27.453661E+0	698.214825E-3	697.045382E-3
61.000000E+0	1.000000E+0	-37.495590E+0	27.514267E+0	699.222740E-3	698.527154E-3
61.100000E+0	1.000000E+0	-37.490109E+0	27.529025E+0	700.086411E-3	699.133333E-3
61.200000E+0	1.000000E+0	-37.486765E+0	27.570558E+0	701.651033E-3	700.599011E-3
61.300000E+0	1.000000E+0	-37.483749E+0	27.631330E+0	702.684578E-3	701.944884E-3
61.400000E+0	1.000000E+0	-37.480981E+0	27.651870E+0	703.777131E-3	702.868160E-3
61.500000E+0	1.000000E+0	-37.478602E+0	27.717876E+0	704.639610E-3	703.813490E-3
61.600000E+0	1.000000E+0	-37.479875E+0	27.746665E+0	705.776867E-3	704.748091E-3
61.700000E+0	1.000000E+0	-37.471647E+0	27.803612E+0	707.162079E-3	706.343707E-3
61.800000E+0	1.000000E+0	-37.470902E+0	27.846456E+0	708.282647E-3	707.640108E-3
61.900000E+0	1.000000E+0	-37.470031E+0	27.880073E+0	709.202346E-3	708.434042E-3
62.000000E+0	1.000000E+0	-37.463588E+0	27.923930E+0	710.569081E-3	709.549245E-3
62.100000E+0	1.000000E+0	-37.462286E+0	27.945948E+0	711.308179E-3	710.861740E-3
62.200000E+0	1.000000E+0	-37.459818E+0	27.989686E+0	712.376294E-3	711.468515E-3
62.300000E+0	1.000000E+0	-37.455479E+0	28.031158E+0	713.184533E-3	712.853727E-3
62.400000E+0	1.000000E+0	-37.450553E+0	28.075755E+0	714.588222E-3	713.692365E-3
62.500000E+0	1.000000E+0	-37.447376E+0	28.132665E+0	715.799985E-3	715.107975E-3
62.600000E+0	1.000000E+0	-37.447852E+0	28.174353E+0	717.098770E-3	716.162977E-3
62.700000E+0	1.000000E+0	-37.441814E+0	28.222442E+0	718.213973E-3	717.501698E-3
62.800000E+0	1.000000E+0	-37.439532E+0	28.259277E+0	719.220100E-3	718.208013E-3
62.900000E+0	1.000000E+0	-37.440232E+0	28.292549E+0	719.818530E-3	719.196854E-3
63.000000E+0	1.000000E+0	-37.432293E+0	28.331077E+0	721.499382E-3	720.543919E-3
63.100000E+0	1.000000E+0	-37.430841E+0	28.368139E+0	721.963106E-3	721.308647E-3
63.200000E+0	1.000000E+0	-37.429607E+0	28.406572E+0	723.253546E-3	722.423850E-3
63.300000E+0	1.000000E+0	-37.427155E+0	28.465962E+0	724.672137E-3	724.043904E-3
63.400000E+0	1.000000E+0	-37.422854E+0	28.503859E+0	725.755154E-3	725.251494E-3
63.500000E+0	1.000000E+0	-37.419704E+0	28.558862E+0	727.064668E-3	726.482926E-3
63.600000E+0	1.000000E+0	-37.412426E+0	28.591776E+0	727.834164E-3	727.100430E-3
63.700000E+0	1.000000E+0	-37.411458E+0	28.643715E+0	729.028045E-3	728.342591E-3
63.800000E+0	1.000000E+0	-37.410161E+0	28.682339E+0	729.921519E-3	729.066192E-3
63.900000E+0	1.000000E+0	-37.408510E+0	28.714085E+0	731.052815E-3	730.475842E-3
64.000000E+0	1.000000E+0	-37.402559E+0	28.762746E+0	732.349812E-3	731.760322E-3
64.100000E+0	1.000000E+0	-37.399242E+0	28.781033E+0	733.833372E-3	732.979237E-3
64.200000E+0	1.000000E+0	-37.399182E+0	28.833616E+0	734.264909E-3	733.799993E-3
64.300000E+0	1.000000E+0	-37.395287E+0	28.879201E+0	736.021458E-3	735.008179E-3
64.400000E+0	1.000000E+0	-37.394035E+0	28.917599E+0	737.022220E-3	736.172258E-3
64.500000E+0	1.000000E+0	-37.388319E+0	28.976810E+0	738.650619E-3	737.469255E-3
64.600000E+0	1.000000E+0	-37.385464E+0	29.009545E+0	738.806784E-3	738.321006E-3
64.700000E+0	1.000000E+0	-37.385041E+0	29.066181E+0	740.454256E-3	739.561379E-3
64.800000E+0	1.000000E+0	-37.381661E+0	29.099703E+0	741.378128E-3	740.629494E-3
64.900000E+0	1.000000E+0	-37.377680E+0	29.124737E+0	742.007553E-3	741.413295E-3
65.000000E+0	2.000000E+0	-37.374959E+0	29.157555E+0	743.824899E-3	742.828309E-3
65.100000E+0	2.000000E+0	-37.375439E+0	29.137647E+0	743.162691E-3	742.375314E-3
65.200000E+0	2.000000E+0	-37.375659E+0	29.150856E+0	743.140638E-3	742.728770E-3
65.300000E+0	2.000000E+0	-37.406451E+0	28.638577E+0	730.978905E-3	730.135499E-3
65.400000E+0	2.000000E+0	-37.443659E+0	28.043044E+0	716.183243E-3	715.106783E-3
65.500000E+0	2.000000E+0	-37.478194E+0	27.475393E+0	701.869186E-3	700.841006E-3
65.600000E+0	2.000000E+0	-37.520916E+0	26.870275E+0	686.861332E-3	685.871894E-3
65.700000E+0	2.000000E+0	-37.555537E+0	26.288676E+0	672.658140E-3	671.735460E-3
65.800000E+0	2.000000E+0	-37.592641E+0	25.686419E+0	658.133083E-3	657.439881E-3
65.900000E+0	2.000000E+0	-37.632627E+0	25.092173E+0	643.523983E-3	642.246059E-3
66.000000E+0	2.000000E+0	-37.669549E+0	24.502873E+0	628.998926E-3	628.194859E-3
66.100000E+0	2.000000E+0	-37.705052E+0	23.890817E+0	614.209820E-3	613.235284E-3
66.200000E+0	2.000000E+0	-37.745464E+0	23.318827E+0	599.407006E-3	598.385382E-3
66.300000E+0	2.000000E+0	-37.781731E+0	22.732580E+0	585.079240E-3	584.119009E-3
66.400000E+0	2.000000E+0	-37.820277E+0	22.161710E+0	570.138738E-3	568.975256E-3
66.500000E+0	2.000000E+0	-37.856037E+0	21.579075E+0	556.003496E-3	554.720208E-3
66.600000E+0	2.000000E+0	-37.895090E+0	20.987535E+0	541.237040E-3	539.722486E-3
66.700000E+0	2.000000E+0	-37.930859E+0	20.418394E+0	526.783508E-3	525.844735E-3
66.800000E+0	2.000000E+0	-37.969858E+0	19.812787E+0	512.000363E-3	510.835092E-3
66.900000E+0	2.000000E+0	-38.008985E+0	19.226015E+0	497.472326E-3	495.995323E-3
67.000000E+0	2.000000E+0	-38.045598E+0	18.640804E+0	483.266750E-3	482.193270E-3
67.100000E+0	2.000000E+0	-38.085703E+0	18.047142E+0	467.993058E-3	466.928519E-3
67.200000E+0	2.000000E+0	-38.123584E+0	17.473662E+0	453.776157E-3	452.607310E-3
67.300000E+0	2.000000E+0	-38.158623E+0	16.888142E+0	438.826119E-3	437.824761E-3
67.400000E+0	2.000000E+0	-38.201175E+0	16.319537E+0	424.263511E-3	423.205529E-3
67.500000E+0	2.000000E+0	-38.236243E+0	15.742505E+0	410.273704E-3	409.005913E-3
67.600000E+0	2.000000E+0	-38.271449E+0	15.149093E+0	395.489367E-3	393.828185E-3
67.700000E+0	2.000000E+0	-38.309175E+0	14.575326E+0	380.934507E-3	379.470021E-3
67.800000E+0	2.000000E+0	-38.351286E+0	13.987041E+0	365.439087E-3	364.511638E-3
67.900000E+0	2.000000E+0	-38.389975E+0	13.380837E+0	350.888996E-3	349.589018E-3
68.000000E+0	2.000000E+0	-38.425908E+0	12.807536E+0	337.304500E-3	335.412648E-3
68.100000E+0	2.000000E+0	-38.462377E+0	12.209511E+0	321.972992E-3	320.194389E-3
68.200000E+0	2.000000E+0	-38.504181E+0	11.639750E+0	307.416940E-3	306.184912E-3
68.300000E+0	2.000000E+0	-38.539783E+0	11.061776E+0	292.551541E-3	291.107320E-3
68.400000E+0	2.000000E+0	-38.581014E+0	10.473120E+0	278.186224E-3	276.665114E-3
68.500000E+0	2.000000E+0	-38.616524E+0	9.914303E+0	263.282678E-3	261.957070E-3
68.600000E+0	2.000000E+0	-38.652191E+0	9.305215E+0	248.423239E-3	247.048755E-3
68.700000E+0	2.000000E+0	-38.691670E+0	8.741534E+0	234.406013E-3	232.836027E-3
68.800000E+0	2.000000E+0	-38.733104E+0	8.145666E+0	219.402927E-3	217.849630E-3
68.900000E+0	2.000000E+0	-38.770348E+0	7.554841E+0	205.017941E-3	202.864425E-3
69.000000E+0	2.000000E+0	-38.807631E+0	6.975579E+0	190.194860E-3	188.719645E-3
69.100000E+0	2.000000E+0	-38.846019E+0	6.372249E+0	175.355091E-3	173.632516E-3
69.200000E+0	2.000000E+0	-38.882697E+0	5.804312E+0	161.048783E-3	159.241570E-3
69.300000E+0	2.000000E+0	-38.922358E+0	5.211461E+0	145.697009E-3	144.270670E-3
69.400000E+0	2.000000E+0	-38.957823E+0	4.642355E+0	131.381165E-3	129.385005E-3
69.500000E+0	2.000000E+0	-38.997597E+0	4.074800E+0	117.164264E-3	115.092406E-3
69.600000E+0	2.000000E+0	-39.039583E+0	3.477275E+0	101.501354E-3	100.213297E-3
69.700000E+0	2.000000E+0	-39.071811E+0	2.913475E+0	87.656386E-3	85.752017E-3
69.800000E+0	2.000000E+0	-39.113829E+0	2.311206E+0	73.171860E-3	71.003443E-3
69.900000E+0	2.000000E+0	-39.150397E+0	1.719248E+0	58.565741E-3	56.284075E-3
70.000000E+0	2.000000E+0	-39.187918E+0	1.143217E+0	43.819550E-3	41.717294E-3
70.100000E+0	2.000000E+0	-39.227361E+0	532.817841E-3	29.087665E-3	27.089121E-3
70.200000E+0	2.000000E+0	-39.263577E+0	-22.357702E-3	14.897586E-3	12.498499E-3
70.300000E+0	2.000000E+0	-39.269665E+0	-83.476305E-3	12.851358E-3	10.860563E-3
70.400000E+0	2.000000E+0	-39.271203E+0	-57.363510E-3	12.887121E-3	10.471345E-3
70.500000E+0	2.000000E+0	-39.270843E+0	-41.031837E-3	13.061763E-3	11.219383E-3
70.600000E+0	2.000000E+0	-39.269132E+0	-43.648481E-3	12.356044E-3	10.399819E-3
70.700000E+0	2.000000E+0	-39.272541E+0	-19.985437E-3	12.810231E-3	10.814072E-3
70.800000E+0	2.000000E+0	-39.269189E+0	-31.602383E-3	12.627841E-3	10.341407E-3
70.900000E+0	2.000000E+0	-39.274073E+0	-32.681227E-3	12.486578E-3	10.539294E-3
71.000000E+0	2.000000E+0	-39.273051E+0	-35.470724E-3	12.782813E-3	10.489822E-3
71.100000E+0	2.000000E+0	-39.274067E+0	-41.848421E-3	12.025834E-3	10.344387E-3
71.200000E+0	2.000000E+0	-39.274496E+0	-22.953749E-3	12.568236E-3	10.258556E-3
71.300000E+0	2.000000E+0	-39.271609E+0	-31.638145E-3	12.228490E-3	10.603667E-3
71.400000E+0	2.000000E+0	-39.274484E+0	-6.967783E-3	12.097360E-3	10.290147E-3
71.500000E+0	2.000000E+0	-39.272839E+0	-423.192978E-6	12.133719E-3	10.495187E-3
71.600000E+0	2.000000E+0	-39.274043E+0	-566.244125E-6	12.416841E-3	10.278822E-3
71.700000E+0	2.000000E+0	-39.273793E+0	13.720989E-3	12.558104E-3	10.724665E-3
71.800000E+0	2.000000E+0	-39.272696E+0	-3.612041E-3	12.329818E-3	10.235310E-3
71.900000E+0	2.000000E+0	-39.275015E+0	-14.871359E-3	12.289287E-3	10.238291E-3
72.000000E+0	2.000000E+0	-39.274294E+0	-11.819601E-3	12.292863E-3	9.856821E-3
72.100000E+0	2.000000E+0	-39.273298E+0	-19.752979E-3	12.108685E-3	10.106564E-3
72.200000E+0	2.000000E+0	-39.274553E+0	-14.424324E-3	12.325645E-3	10.131598E-3
72.300000E+0	2.000000E+0	-39.273763E+0	-11.694431E-3	11.801125E-3	9.768010E-3
72.400000E+0	2.000000E+0	-39.273292E+0	-381.469727E-6	12.111665E-3	10.120273E-3
72.500000E+0	2.000000E+0	-39.277012E+0	11.420250E-3	11.652113E-3	10.124446E-3
72.600000E+0	2.000000E+0	-39.276299E+0	1.072884E-3	11.547209E-3	9.761453E-3
72.700000E+0	2.000000E+0	-39.273605E+0	22.137165E-3	12.050868E-3	10.032655E-3
72.800000E+0	2.000000E+0	-39.273769E+0	1.430511E-3	11.391641E-3	9.555817E-3
72.900000E+0	2.000000E+0	-39.277301E+0	-8.189678E-3	11.950136E-3	10.023118E-3
73.000000E+0	2.000000E+0	-39.278108E+0	-9.006262E-3	11.500717E-3	9.579063E-3
73.100000E+0	2.000000E+0	-39.278973E+0	-20.211935E-3	10.864139E-3	9.475351E-3
73.200000E+0	2.000000E+0	-39.278871E+0	-9.232759E-3	11.492969E-3	9.748340E-3
73.300000E+0	2.000000E+0	-39.275256E+0	-16.176701E-3	11.703969E-3	9.568930E-3
73.400000E+0	2.000000E+0	-39.278532E+0	7.939339E-3	12.212397E-3	9.930731E-3
73.500000E+0	2.000000E+0	-39.276892E+0	9.536743E-3	12.071134E-3	9.891988E-3
73.600000E+0	2.000000E+0	-39.280347E+0	-1.060963E-3	11.361242E-3	9.415746E-3
73.700000E+0	2.000000E+0	-39.278585E+0	26.774406E-3	11.239649E-3	9.831787E-3
73.800000E+0	2.000000E+0	-39.278704E+0	-3.838539E-3	11.486412E-3	9.139777E-3
73.900000E+0	2.000000E+0	-39.276678E+0	-4.345179E-3	11.500717E-3	9.723306E-3
74.000000E+0	2.000000E+0	-39.279229E+0	-7.134676E-3	11.412502E-3	9.414554E-3
74.100000E+0	2.000000E+0	-39.277858E+0	-26.196241E-3	11.544229E-3	9.271503E-3
74.200000E+0	2.000000E+0	-39.276803E+0	-14.114380E-3	11.662842E-3	9.635092E-3
74.300000E+0	2.000000E+0	-39.276663E+0	-16.337633E-3	11.332632E-3	9.244681E-3
74.400000E+0	2.000000E+0	-39.278204E+0	5.972385E-3	11.608602E-3	9.469987E-3
74.500000E+0	2.000000E+0	-39.276323E+0	16.963482E-3	10.969044E-3	9.263159E-3
74.600000E+0	2.000000E+0	-39.276764E+0	3.123283E-3	11.009575E-3	9.028316E-3
74.700000E+0	2.000000E+0	-39.276344E+0	22.745132E-3	11.432768E-3	9.388924E-3
74.800000E+0	3.000000E+0	-39.279000E+0	-9.238720E-3	11.150838E-3	9.025932E-3
74.900000E+0	3.000000E+0	-39.277769E+0	12.457371E-3	11.205674E-3	9.231568E-3
75.000000E+0	3.000000E+0	-39.281473E+0	-1.287460E-3	11.045934E-3	9.306670E-3
75.100000E+0	3.000000E+0	-39.277793E+0	-2.521276E-3	11.190773E-3	9.531976E-3
75.200000E+0	3.000000E+0	-39.279563E+0	1.084805E-3	11.370183E-3	9.517074E-3
75.300000E+0	3.000000E+0	-39.277134E+0	27.048588E-3	12.006165E-3	10.018349E-3
75.400000E+0	3.000000E+0	-39.272956E+0	103.294849E-3	13.005735E-3	11.349917E-3
75.500000E+0	3.000000E+0	-39.267535E+0	154.757500E-3	14.460684E-3	12.523533E-3
75.600000E+0	3.000000E+0	-39.267055E+0	197.529793E-3	15.326740E-3	13.458134E-3
75.700000E+0	3.000000E+0	-39.262486E+0	254.845619E-3	16.798378E-3	14.901758E-3
75.800000E+0	3.000000E+0	-39.260111E+0	291.156769E-3	17.984511E-3	15.581251E-3
75.900000E+0	3.000000E+0	-39.256102E+0	340.878963E-3	19.382836E-3	17.302634E-3
76.000000E+0	3.000000E+0	-39.255503E+0	383.055210E-3	20.462276E-3	18.842818E-3
76.100000E+0	3.000000E+0	-39.254609E+0	432.133675E-3	21.327736E-3	19.605757E-3
76.200000E+0	3.000000E+0	-39.247788E+0	483.500957E-3	22.581818E-3	20.682813E-3
76.300000E+0	3.000000E+0	-39.245424E+0	531.864166E-3	23.756029E-3	21.896960E-3
76.400000E+0	3.000000E+0	-39.245725E+0	604.176521E-3	25.496485E-3	23.401381E-3
76.500000E+0	3.000000E+0	-39.240936E+0	658.142567E-3	26.415589E-3	24.736526E-3
76.600000E+0	3.000000E+0	-39.237261E+0	711.047649E-3	27.445557E-3	25.458934E-3
76.700000E+0	3.000000E+0	-39.232687E+0	750.601292E-3	28.933885E-3	27.182104E-3
76.800000E+0	3.000000E+0	-39.232860E+0	796.782970E-3	29.739144E-3	27.859809E-3
76.900000E+0	3.000000E+0	-39.229325E+0	841.116905E-3	31.152370E-3	29.405954E-3
77.000000E+0	3.000000E+0	-39.224840E+0	881.683826E-3	32.234791E-3	30.011537E-3
77.100000E+0	3.000000E+0	-39.223266E+0	929.832458E-3	33.218267E-3	31.522515E-3
77.200000E+0	3.000000E+0	-39.218143E+0	1.001036E+0	34.688118E-3	32.697919E-3
77.300000E+0	3.000000E+0	-39.219198E+0	1.026356E+0	35.337213E-3	33.535960E-3
77.400000E+0	3.000000E+0	-39.213116E+0	1.101685E+0	37.353042E-3	35.430792E-3
77.500000E+0	3.000000E+0	-39.211748E+0	1.145983E+0	38.672689E-3	36.470893E-3
77.600000E+0	3.000000E+0	-39.208654E+0	1.183140E+0	38.946274E-3	37.146810E-3
77.700000E+0	3.000000E+0	-39.203519E+0	1.262593E+0	40.900711E-3	39.007071E-3
77.800000E+0	3.000000E+0	-39.201367E+0	1.295054E+0	41.301850E-3	39.315823E-3
77.900000E+0	3.000000E+0	-39.198939E+0	1.343465E+0	43.044690E-3	41.046146E-3
78.000000E+0	3.000000E+0	-39.196027E+0	1.373804E+0	44.026974E-3	41.989687E-3
78.100000E+0	3.000000E+0	-39.191682E+0	1.425874E+0	45.595769E-3	43.165687E-3
78.200000E+0	3.000000E+0	-39.186624E+0	1.473558E+0	46.840910E-3	44.867400E-3
78.300000E+0	3.000000E+0	-39.184481E+0	1.514113E+0	47.635440E-3	45.651201E-3
78.400000E+0	3.000000E+0	-39.183078E+0	1.589656E+0	49.263243E-3	47.365431E-3
78.500000E+0	3.000000E+0	-39.177734E+0	1.643038E+0	50.261025E-3	48.044328E-3
78.600000E+0	3.000000E+0	-39.178426E+0	1.688099E+0	50.724749E-3	49.161319E-3
78.700000E+0	3.000000E+0	-39.171729E+0	1.756108E+0	52.737002E-3	51.007275E-3
78.800000E+0	3.000000E+0	-39.174459E+0	1.775777E+0	53.545241E-3	51.416163E-3
78.900000E+0	3.000000E+0	-39.169291E+0	1.831877E+0	54.748063E-3	53.078536E-3
79.000000E+0	3.000000E+0	-39.166645E+0	1.870632E+0	56.198840E-3	54.373745E-3
79.100000E+0	3.000000E+0	-39.163957E+0	1.918578E+0	57.269339E-3	55.234437E-3
79.200000E+0	3.000000E+0	-39.157352E+0	1.974607E+0	58.597331E-3	56.400304E-3
79.300000E+0	3.000000E+0	-39.158407E+0	2.014220E+0	59.024100E-3	57.229404E-3
79.400000E+0	3.000000E+0	-39.155412E+0	2.083278E+0	61.042910E-3	59.251790E-3
79.500000E+0	3.000000E+0	-39.151040E+0	2.127838E+0	61.604386E-3	60.144072E-3
79.600000E+0	3.000000E+0	-39.147369E+0	2.183867E+0	62.736278E-3	61.054235E-3
79.700000E+0	3.000000E+0	-39.143417E+0	2.230501E+0	64.417129E-3	62.989002E-3
79.800000E+0	3.000000E+0	-39.141754E+0	2.272546E+0	65.076952E-3	63.570743E-3
79.900000E+0	3.000000E+0	-39.139030E+0	2.331841E+0	66.619521E-3	64.837342E-3
80.000000E+0	3.000000E+0	-39.134592E+0	2.342272E+0	67.822343E-3	66.115861E-3
80.100000E+0	3.000000E+0	-39.134062E+0	2.404296E+0	68.892842E-3	66.802507E-3
80.200000E+0	3.000000E+0	-39.130083E+0	2.437854E+0	69.773203E-3	68.291431E-3
80.300000E+0	3.000000E+0	-39.124957E+0	2.499080E+0	70.970064E-3	69.413191E-3
80.400000E+0	3.000000E+0	-39.122180E+0	2.575850E+0	72.997814E-3	71.103579E-3
80.500000E+0	3.000000E+0	-39.120430E+0	2.621961E+0	73.637372E-3	71.704393E-3
80.600000E+0	3.000000E+0	-39.118228E+0	2.670813E+0	74.468261E-3	72.495347E-3
80.700000E+0	3.000000E+0	-39.116273E+0	2.718556E+0	76.002485E-3	74.476606E-3
80.800000E+0	3.000000E+0	-39.111218E+0	2.755165E+0	77.074772E-3	75.528628E-3
80.900000E+0	3.000000E+0	-39.108560E+0	2.800512E+0	78.743703E-3	76.490647E-3
81.000000E+0	3.000000E+0	-39.104432E+0	2.839601E+0	79.714066E-3	77.817446E-3
81.100000E+0	3.000000E+0	-39.101440E+0	2.893376E+0	81.212527E-3	79.184777E-3
81.200000E+0	3.000000E+0	-39.098752E+0	2.943861E+0	82.247264E-3	80.342895E-3
81.300000E+0	3.000000E+0	-39.097775E+0	2.988815E+0	82.871324E-3	80.913908E-3
81.400000E+0	3.000000E+0	-39.091039E+0	3.053653E+0	84.436543E-3	82.833178E-3
81.500000E+0	3.000000E+0	-39.089317E+0	3.107500E+0	85.591681E-3	83.592541E-3
81.600000E+0	3.000000E+0	-39.088220E+0	3.153098E+0	86.754567E-3	84.862120E-3
81.700000E+0	3.000000E+0	-39.086217E+0	3.214586E+0	88.100440E-3	86.180575E-3
81.800000E+0	3.000000E+0	-39.082096E+0	3.232288E+0	88.876493E-3	87.181337E-3
81.900000E+0	3.000000E+0	-39.079163E+0	3.295934E+0	90.482838E-3	88.659532E-3
82.000000E+0	3.000000E+0	-39.078060E+0	3.333759E+0	91.301210E-3	89.364655E-3
82.100000E+0	3.000000E+0	-39.073071E+0	3.375208E+0	92.809208E-3	90.699799E-3
82.200000E+0	3.000000E+0	-39.067677E+0	3.425789E+0	93.536384E-3	92.014678E-3
82.300000E+0	3.000000E+0	-39.065910E+0	3.470397E+0	94.640859E-3	92.903979E-3
82.400000E+0	3.000000E+0	-39.060295E+0	3.553534E+0	96.497543E-3	94.509728E-3
82.500000E+0	3.000000E+0	-39.060778E+0	3.590155E+0	97.095974E-3	95.565923E-3
82.600000E+0	3.000000E+0	-39.057726E+0	3.639054E+0	98.469861E-3	96.429594E-3
82.700000E+0	3.000000E+0	-39.055250E+0	3.691161E+0	99.592813E-3	97.770103E-3
82.800000E+0	3.000000E+0	-39.051071E+0	3.722382E+0	100.929745E-3	99.136241E-3
82.900000E+0	3.000000E+0	-39.047605E+0	3.788638E+0	102.213033E-3	100.522645E-3
83.000000E+0	3.000000E+0	-39.048046E+0	3.803015E+0	102.849611E-3	101.456054E-3
83.100000E+0	3.000000E+0	-39.044551E+0	3.860855E+0	104.783782E-3	102.695235E-3
83.200000E+0	3.000000E+0	-39.039338E+0	3.908145E+0	105.797657E-3	104.048856E-3
83.300000E+0	3.000000E+0	-39.039285E+0	3.942370E+0	106.328138E-3	104.687818E-3
83.400000E+0	3.000000E+0	-39.030573E+0	4.030681E+0	108.240255E-3	106.425890E-3
83.500000E+0	3.000000E+0	-39.030722E+0	4.056489E+0	109.043130E-3	107.433208E-3
83.600000E+0	3.000000E+0	-39.028317E+0	4.118717E+0	110.082039E-3	108.487019E-3
83.700000E+0	3.000000E+0	-39.023468E+0	4.160666E+0	111.837992E-3	110.070118E-3
83.800000E+0	3.000000E+0	-39.023603E+0	4.202926E+0	112.770805E-3	111.357579E-3
83.900000E+0	3.000000E+0	-39.019073E+0	4.256380E+0	114.108929E-3	112.157473E-3
84.000000E+0	3.000000E+0	-39.015312E+0	4.268754E+0	114.591727E-3	112.932929E-3
84.100000E+0	3.000000E+0	-39.012018E+0	4.334652E+0	116.342315E-3	114.586959E-3
84.200000E+0	3.000000E+0	-39.010931E+0	4.377282E+0	117.324004E-3	115.382085E-3
84.300000E+0	3.000000E+0	-39.004237E+0	4.424131E+0	118.554840E-3	116.451988E-3
84.400000E+0	3.000000E+0	-39.003566E+0	4.509246E+0	120.116482E-3	118.073234E-3
84.500000E+0	3.000000E+0	-39.002073E+0	4.544365E+0	120.580206E-3	118.997107E-3
84.600000E+0	3.000000E+0	-38.997651E+0	4.604149E+0	122.150192E-3	120.083103E-3
84.700000E+0	3.000000E+0	-38.992686E+0	4.649925E+0	123.417387E-3	121.269236E-3
84.800000E+0	3.000000E+0	-38.989965E+0	4.683864E+0	124.531398E-3	122.759948E-3
84.900000E+0	3.000000E+0	-38.990033E+0	4.733860E+0	125.693093E-3	123.807202E-3
85.000000E+0	3.000000E+0	-38.986245E+0	4.763150E+0	126.782070E-3	125.075589E-3
85.100000E+0	3.000000E+0	-38.982109E+0	4.815006E+0	128.201257E-3	126.376758E-3
85.200000E+0	3.000000E+0	-38.978389E+0	4.861498E+0	129.089962E-3	127.205263E-3
85.300000E+0	3.000000E+0	-38.977111E+0	4.902315E+0	129.961978E-3	127.956281E-3
85.400000E+0	3.000000E+0	-38.974825E+0	4.973114E+0	131.253015E-3	130.063902E-3
85.500000E+0	3.000000E+0	-38.970137E+0	5.018461E+0	132.153641E-3	130.665909E-3
85.600000E+0	3.000000E+0	-38.966650E+0	5.084074E+0	133.997213E-3	132.293712E-3
85.700000E+0	3.000000E+0	-38.964391E+0	5.119538E+0	135.286461E-3	133.705150E-3
85.800000E+0	3.000000E+0	-38.961652E+0	5.160570E+0	136.089932E-3	134.308945E-3
85.900000E+0	3.000000E+0	-38.957623E+0	5.214679E+0	137.591373E-3	135.559451E-3
86.000000E+0	3.000000E+0	-38.957221E+0	5.236614E+0	138.270866E-3	136.389147E-3
86.100000E+0	3.000000E+0	-38.952679E+0	5.292559E+0	139.814030E-3	138.261329E-3
86.200000E+0	3.000000E+0	-38.949130E+0	5.352807E+0	140.531074E-3	138.807308E-3
86.300000E+0	3.000000E+0	-38.945720E+0	5.386114E+0	141.530048E-3	140.116226E-3
86.400000E+0	3.000000E+0	-38.942302E+0	5.445611E+0	143.212688E-3	141.543161E-3
86.500000E+0	3.000000E+0	-38.941238E+0	5.494964E+0	143.722903E-3	142.246496E-3
86.600000E+0	3.000000E+0	-38.934929E+0	5.552614E+0	145.498526E-3	143.654358E-3
86.700000E+0	3.000000E+0	-38.933814E+0	5.603731E+0	146.868241E-3	145.101559E-3
86.800000E+0	3.000000E+0	-38.930339E+0	5.634856E+0	147.942912E-3	145.916950E-3
86.900000E+0	3.000000E+0	-38.927812E+0	5.682647E+0	148.999703E-3	147.649658E-3
87.000000E+0	3.000000E+0	-38.927952E+0	5.712247E+0	149.877083E-3	148.198020E-3
87.100000E+0	3.000000E+0	-38.921145E+0	5.766749E+0	151.649130E-3	149.896753E-3
87.200000E+0	3.000000E+0	-38.919664E+0	5.809069E+0	152.546180E-3	150.856984E-3
87.300000E+0	3.000000E+0	-38.915957E+0	5.852902E+0	153.721583E-3	152.066362E-3
87.400000E+0	3.000000E+0	-38.911561E+0	5.934334E+0	154.947055E-3	153.300774E-3
87.500000E+0	3.000000E+0	-38.911468E+0	5.956364E+0	155.773175E-3	154.020799E-3
87.600000E+0	3.000000E+0	-38.908035E+0	6.024146E+0	157.582772E-3	155.817283E-3
87.700000E+0	3.000000E+0	-38.902504E+0	6.072533E+0	158.299220E-3	156.680954E-3
87.800000E+0	3.000000E+0	-38.903767E+0	6.102633E+0	159.294022E-3	157.833708E-3
87.900000E+0	3.000000E+0	-38.898531E+0	6.154203E+0	160.889638E-3	159.051431E-3
88.000000E+0	3.000000E+0	-38.895229E+0	6.179965E+0	161.813510E-3	160.037888E-3
88.100000E+0	3.000000E+0	-38.892323E+0	6.244218E+0	163.239850E-3	161.530984E-3
88.200000E+0	3.000000E+0	-38.889316E+0	6.286907E+0	164.280547E-3	162.599100E-3
88.300000E+0	3.000000E+0	-38.888071E+0	6.342983E+0	165.622248E-3	163.519396E-3
88.400000E+0	3.000000E+0	-38.881764E+0	6.408918E+0	167.174353E-3	165.070309E-3
88.500000E+0	3.000000E+0	-38.881508E+0	6.437612E+0	167.462243E-3	165.878548E-3
88.600000E+0	3.000000E+0	-38.879371E+0	6.503963E+0	169.201507E-3	167.577280E-3
88.700000E+0	3.000000E+0	-38.873494E+0	6.552649E+0	170.522942E-3	168.619169E-3
88.800000E+0	3.000000E+0	-38.873238E+0	6.592381E+0	171.197667E-3	169.628276E-3
88.900000E+0	3.000000E+0	-38.870097E+0	6.642461E+0	172.472014E-3	171.095147E-3
89.000000E+0	3.000000E+0	-38.864461E+0	6.655693E+0	173.720135E-3	171.783580E-3
89.100000E+0	3.000000E+0	-38.864750E+0	6.719697E+0	175.130977E-3	173.260583E-3
89.200000E+0	3.000000E+0	-38.860250E+0	6.766820E+0	175.899877E-3	174.251809E-3
89.300000E+0	3.000000E+0	-38.854933E+0	6.817019E+0	176.983490E-3	175.336613E-3
89.400000E+0	3.000000E+0	-38.852466E+0	6.890070E+0	178.649440E-3	177.013888E-3
89.500000E+0	3.000000E+0	-38.851050E+0	6.916213E+0	179.639473E-3	178.037300E-3
89.600000E+0	3.000000E+0	-38.846428E+0	6.976426E+0	181.171313E-3	179.313436E-3
89.700000E+0	3.000000E+0	-38.843632E+0	7.012975E+0	181.900873E-3	180.134788E-3
89.800000E+0	3.000000E+0	-38.841597E+0	7.060254E+0	183.147207E-3	181.335821E-3
89.900000E+0	3.000000E+0	-38.836530E+0	7.102334E+0	184.134260E-3	182.513013E-3
90.000000E+0	3.000000E+0	-38.835094E+0	7.123458E+0	184.830442E-3	183.218732E-3
90.100000E+0	3.000000E+0	-38.833133E+0	7.194340E+0	186.769977E-3	185.195222E-3
90.200000E+0	3.000000E+0	-38.829536E+0	7.233584E+0	187.425032E-3	185.776368E-3
90.300000E+0	3.000000E+0	-38.826249E+0	7.282352E+0	188.718453E-3	187.174693E-3
90.400000E+0	3.000000E+0	-38.824657E+0	7.347417E+0	190.057770E-3	188.614145E-3
90.500000E+0	3.000000E+0	-38.820205E+0	7.388484E+0	191.014424E-3	189.422384E-3
90.600000E+0	3.000000E+0	-38.815708E+0	7.448781E+0	192.646996E-3	190.774218E-3
90.700000E+0	3.000000E+0	-38.813833E+0	7.496297E+0	193.460599E-3	191.856042E-3
90.800000E+0	3.000000E+0	-38.811279E+0	7.524264E+0	194.849984E-3	193.082706E-3
90.900000E+0	3.000000E+0	-38.809592E+0	7.574642E+0	196.243540E-3	194.439904E-3
91.000000E+0	3.000000E+0	-38.805456E+0	7.599473E+0	196.546332E-3	195.266620E-3
91.100000E+0	3.000000E+0	-38.802371E+0	7.670069E+0	198.301689E-3	196.518914E-3
91.200000E+0	3.000000E+0	-38.797769E+0	7.691431E+0	199.188010E-3	197.426693E-3
91.300000E+0	3.000000E+0	-38.794703E+0	7.750273E+0	201.015488E-3	198.898331E-3
91.400000E+0	3.000000E+0	-38.792694E+0	7.820141E+0	202.050225E-3	200.262086E-3
91.500000E+0	3.000000E+0	-38.789371E+0	7.857752E+0	202.960984E-3	200.930254E-3
91.600000E+0	3.000000E+0	-38.788122E+0	7.918501E+0	204.348580E-3	202.543752E-3
91.700000E+0	3.000000E+0	-38.784975E+0	7.945204E+0	204.778330E-3	203.409807E-3
91.800000E+0	3.000000E+0	-38.779796E+0	8.004880E+0	206.723230E-3	204.647796E-3
91.900000E+0	3.000000E+0	-38.776500E+0	8.041441E+0	208.019631E-3	205.849426E-3
92.000000E+0	3.000000E+0	-38.774244E+0	8.067322E+0	208.197253E-3	206.560509E-3
92.100000E+0	3.000000E+0	-38.772470E+0	8.137321E+0	210.016387E-3	208.584087E-3
92.200000E+0	3.000000E+0	-38.769800E+0	8.173180E+0	210.999267E-3	209.440010E-3
92.300000E+0	3.000000E+0	-38.765184E+0	8.223689E+0	212.274211E-3	210.645216E-3
92.400000E+0	3.000000E+0	-38.762907E+0	8.283460E+0	213.273781E-3	211.692469E-3
92.500000E+0	3.000000E+0	-38.759399E+0	8.327377E+0	214.502233E-3	212.885754E-3
92.600000E+0	3.000000E+0	-38.758907E+0	8.397901E+0	216.407197E-3	214.437263E-3
92.700000E+0	3.000000E+0	-38.756720E+0	8.431923E+0	217.340010E-3	215.474980E-3
92.800000E+0	3.000000E+0	-38.749230E+0	8.483088E+0	218.251365E-3	216.677206E-3
92.900000E+0	3.000000E+0	-38.746831E+0	8.512068E+0	219.352859E-3	217.712539E-3
93.000000E+0	3.000000E+0	-38.747100E+0	8.536959E+0	220.326799E-3	218.589919E-3
93.100000E+0	3.000000E+0	-38.741297E+0	8.604467E+0	222.022551E-3	220.290440E-3
93.200000E+0	3.000000E+0	-38.739032E+0	8.634901E+0	222.566146E-3	220.657605E-3
93.300000E+0	3.000000E+0	-38.737009E+0	8.692133E+0	223.938245E-3	222.377199E-3
93.400000E+0	3.000000E+0	-38.734666E+0	8.756804E+0	225.367564E-3	223.765987E-3
93.500000E+0	3.000000E+0	-38.732094E+0	8.797348E+0	226.292628E-3	224.429983E-3
93.600000E+0	3.000000E+0	-38.727749E+0	8.862686E+0	227.613467E-3	225.964803E-3
93.700000E+0	3.000000E+0	-38.726363E+0	8.885276E+0	228.384751E-3	226.846355E-3
93.800000E+0	3.000000E+0	-38.722143E+0	8.936989E+0	230.085272E-3	228.337664E-3
93.900000E+0	3.000000E+0	-38.720266E+0	8.979225E+0	230.991859E-3	229.553003E-3
94.000000E+0	3.000000E+0	-38.715107E+0	9.005487E+0	231.929440E-3	230.696220E-3
94.100000E+0	3.000000E+0	-38.710952E+0	9.069180E+0	233.560819E-3	232.068319E-3
94.200000E+0	3.000000E+0	-38.710896E+0	9.108198E+0	234.149117E-3	232.722778E-3
94.300000E+0	3.000000E+0	-38.706416E+0	9.170282E+0	235.632677E-3	233.660359E-3
94.400000E+0	3.000000E+0	-38.704184E+0	9.212565E+0	237.144251E-3	235.226769E-3
94.500000E+0	3.000000E+0	-38.700572E+0	9.262514E+0	238.001366E-3	236.095209E-3
94.600000E+0	3.000000E+0	-38.697005E+0	9.316826E+0	239.468832E-3	237.737913E-3
94.700000E+0	3.000000E+0	-38.693736E+0	9.355557E+0	240.047593E-3	238.218923E-3
94.800000E+0	3.000000E+0	-38.693983E+0	9.416234E+0	241.683145E-3	240.146537E-3
94.900000E+0	3.000000E+0	-38.689709E+0	9.442818E+0	242.500325E-3	240.770002E-3
95.000000E+0	3.000000E+0	-38.685579E+0	9.473372E+0	243.967791E-3	241.976996E-3
95.100000E+0	3.000000E+0	-38.680822E+0	9.529781E+0	245.339294E-3	243.901034E-3
95.200000E+0	3.000000E+0	-38.680378E+0	9.573185E+0	246.025940E-3	244.193097E-3
95.300000E+0	3.000000E+0	-38.676513E+0	9.624493E+0	247.426053E-3	245.903154E-3
95.400000E+0	3.000000E+0	-38.671622E+0	9.670413E+0	248.907824E-3	246.911069E-3
95.500000E+0	3.000000E+0	-38.668755E+0	9.721053E+0	249.325057E-3	247.313996E-3
95.600000E+0	3.000000E+0	-38.668731E+0	9.780562E+0	250.915309E-3	249.140879E-3
95.700000E+0	3.000000E+0	-38.663909E+0	9.818566E+0	251.726528E-3	249.986669E-3
95.800000E+0	3.000000E+0	-38.662816E+0	9.882963E+0	253.004452E-3	251.672288E-3
95.900000E+0	3.000000E+0	-38.657097E+0	9.910715E+0	254.334828E-3	252.895375E-3
96.000000E+0	3.000000E+0	-38.653833E+0	9.954536E+0	255.492350E-3	253.738185E-3
96.100000E+0	3.000000E+0	-38.652734E+0	10.005832E+0	257.034918E-3	255.349299E-3
96.200000E+0	3.000000E+0	-38.651610E+0	10.030568E+0	257.537982E-3	255.893489E-3
96.300000E+0	3.000000E+0	-38.644636E+0	10.086346E+0	259.053728E-3	257.614872E-3
96.400000E+0	3.000000E+0	-38.640899E+0	10.149026E+0	260.695240E-3	258.417746E-3
96.500000E+0	3.000000E+0	-38.640816E+0	10.196161E+0	260.776302E-3	259.281418E-3
96.600000E+0	3.000000E+0	-38.635311E+0	10.245109E+0	262.283108E-3	260.759017E-3
96.700000E+0	3.000000E+0	-38.635472E+0	10.287774E+0	263.268969E-3	261.414072E-3
96.800000E+0	3.000000E+0	-38.632653E+0	10.339081E+0	264.623782E-3	263.102076E-3
96.900000E+0	3.000000E+0	-38.627443E+0	10.390198E+0	265.962503E-3	264.447353E-3
97.000000E+0	3.000000E+0	-38.625759E+0	10.411835E+0	266.671202E-3	265.051148E-3
97.100000E+0	3.000000E+0	-38.624332E+0	10.463476E+0	268.445036E-3	266.743920E-3
97.200000E+0	3.000000E+0	-38.619432E+0	10.499215E+0	269.419572E-3	267.571232E-3
97.300000E+0	3.000000E+0	-38.615352E+0	10.559320E+0	270.666502E-3	269.372485E-3
97.400000E+0	3.000000E+0	-38.614286E+0	10.606670E+0	271.915815E-3	270.035288E-3
97.500000E+0	3.000000E+0	-38.609756E+0	10.670698E+0	273.243807E-3	271.258972E-3
97.600000E+0	3.000000E+0	-38.608057E+0	10.721707E+0	274.043105E-3	272.601269E-3
97.700000E+0	3.000000E+0	-38.604218E+0	10.750484E+0	275.309704E-3	273.450039E-3
97.800000E+0	3.000000E+0	-38.603044E+0	10.811317E+0	276.170991E-3	275.043867E-3
97.900000E+0	3.000000E+0	-38.599131E+0	10.837626E+0	277.501367E-3	276.032112E-3
98.000000E+0	3.000000E+0	-38.594500E+0	10.876882E+0	278.415702E-3	276.708029E-3
98.100000E+0	3.000000E+0	-38.592828E+0	10.926056E+0	280.005358E-3	278.850816E-3
98.200000E+0	3.000000E+0	-38.588498E+0	10.969591E+0	281.028174E-3	279.442094E-3
98.300000E+0	3.000000E+0	-38.583580E+0	11.022890E+0	282.518886E-3	280.725978E-3
98.400000E+0	3.000000E+0	-38.584948E+0	11.087263E+0	283.615016E-3	281.563424E-3
98.500000E+0	3.000000E+0	-38.580141E+0	11.128545E+0	284.734987E-3	283.192419E-3
98.600000E+0	4.000000E+0	-38.577086E+0	11.179245E+0	285.634421E-3	284.085893E-3
98.700000E+0	4.000000E+0	-38.577426E+0	11.174583E+0	286.157750E-3	284.203314E-3
98.800000E+0	4.000000E+0	-38.582260E+0	11.134171E+0	284.745120E-3	282.993935E-3
98.900000E+0	4.000000E+0	-38.594792E+0	10.893285E+0	279.124998E-3	277.950190E-3
99.000000E+0	4.000000E+0	-38.607583E+0	10.651004E+0	273.987077E-3	272.150657E-3
99.100000E+0	4.000000E+0	-38.622603E+0	10.445023E+0	268.362186E-3	266.704581E-3
99.200000E+0	4.000000E+0	-38.635630E+0	10.199034E+0	262.398741E-3	261.123201E-3
99.300000E+0	4.000000E+0	-38.648794E+0	9.987569E+0	257.542750E-3	255.830904E-3
99.400000E+0	4.000000E+0	-38.663266E+0	9.764719E+0	251.601955E-3	249.959250E-3
99.500000E+0	4.000000E+0	-38.675950E+0	9.534490E+0	246.229787E-3	244.522114E-3
99.600000E+0	4.000000E+0	-38.691530E+0	9.330165E+0	240.904708E-3	239.467044E-3
99.700000E+0	4.000000E+0	-38.707451E+0	9.087741E+0	235.568900E-3	233.401675E-3
99.800000E+0	4.000000E+0	-38.719848E+0	8.869886E+0	230.052490E-3	228.273887E-3
99.900000E+0	4.000000E+0	-38.734055E+0	8.636868E+0	224.614161E-3	223.015565E-3
100.000000E+0	4.000000E+0	-38.747106E+0	8.392656E+0	219.539421E-3	217.202919E-3
100.100000E+0	4.000000E+0	-38.761986E+0	8.179629E+0	213.475840E-3	212.103741E-3
100.200000E+0	4.000000E+0	-38.773203E+0	7.940984E+0	207.977312E-3	206.038372E-3
100.300000E+0	4.000000E+0	-38.790227E+0	7.739830E+0	202.704684E-3	200.735347E-3
100.400000E+0	4.000000E+0	-38.806308E+0	7.506561E+0	196.828858E-3	195.179001E-3
100.500000E+0	4.000000E+0	-38.817743E+0	7.295132E+0	191.676036E-3	189.860478E-3
100.600000E+0	4.000000E+0	-38.832909E+0	7.089376E+0	186.713949E-3	184.762493E-3
100.700000E+0	4.000000E+0	-38.848612E+0	6.835663E+0	180.605664E-3	178.726330E-3
100.800000E+0	4.000000E+0	-38.859863E+0	6.629622E+0	175.739541E-3	173.254027E-3
100.900000E+0	4.000000E+0	-38.872535E+0	6.385338E+0	169.617547E-3	167.556418E-3
101.000000E+0	4.000000E+0	-38.886977E+0	6.155777E+0	164.386047E-3	162.178887E-3
101.100000E+0	4.000000E+0	-38.904495E+0	5.935836E+0	159.197462E-3	156.849635E-3
101.200000E+0	4.000000E+0	-38.918651E+0	5.699480E+0	152.918113E-3	151.132357E-3
101.300000E+0	4.000000E+0	-38.928783E+0	5.497599E+0	147.999537E-3	145.902645E-3
101.400000E+0	4.000000E+0	-38.944665E+0	5.268919E+0	142.276298E-3	140.326034E-3
101.500000E+0	4.000000E+0	-38.957516E+0	5.062377E+0	136.836778E-3	134.834658E-3
101.600000E+0	4.000000E+0	-38.971508E+0	4.842198E+0	131.475936E-3	129.368316E-3
101.700000E+0	4.000000E+0	-38.988004E+0	4.601681E+0	126.003633E-3	123.866806E-3
101.800000E+0	4.000000E+0	-39.000312E+0	4.389620E+0	120.622525E-3	118.466029E-3
101.900000E+0	4.000000E+0	-39.014614E+0	4.133952E+0	114.991674E-3	112.888822E-3
102.000000E+0	4.000000E+0	-39.028714E+0	3.918028E+0	109.537849E-3	107.178697E-3
102.100000E+0	4.000000E+0	-39.041973E+0	3.692222E+0	103.739508E-3	101.749309E-3
102.200000E+0	4.000000E+0	-39.056215E+0	3.462172E+0	98.184951E-3	96.043952E-3
102.300000E+0	4.000000E+0	-39.071280E+0	3.257608E+0	93.026169E-3	90.862520E-3
102.400000E+0	4.000000E+0	-39.089639E+0	3.039265E+0	87.055571E-3	84.998018E-3
102.500000E+0	4.000000E+0	-39.100808E+0	2.833760E+0	81.802613E-3	79.525716E-3
102.600000E+0	4.000000E+0	-39.113284E+0	2.596295E+0	76.150304E-3	74.327594E-3
102.700000E+0	4.000000E+0	-39.129624E+0	2.373219E+0	70.643431E-3	68.182951E-3
102.800000E+0	4.000000E+0	-39.140741E+0	2.152181E+0	65.527564E-3	63.293581E-3
102.900000E+0	4.000000E+0	-39.156899E+0	1.902878E+0	59.399610E-3	57.117944E-3
103.000000E+0	4.000000E+0	-39.169783E+0	1.691782E+0	54.615144E-3	52.151684E-3
103.100000E+0	4.000000E+0	-39.184598E+0	1.450384E+0	48.588518E-3	46.296719E-3
103.200000E+0	4.000000E+0	-39.201379E+0	1.227903E+0	43.020848E-3	40.988925E-3
103.300000E+0	4.000000E+0	-39.211596E+0	1.021731E+0	37.873390E-3	35.588148E-3
103.400000E+0	4.000000E+0	-39.227224E+0	799.584389E-3	32.398703E-3	30.043724E-3
103.500000E+0	4.000000E+0	-39.241553E+0	597.679615E-3	26.878717E-3	24.266841E-3
103.600000E+0	4.000000E+0	-39.252928E+0	369.942188E-3	21.489264E-3	19.153358E-3
103.700000E+0	4.000000E+0	-39.268056E+0	142.955780E-3	15.523435E-3	13.215543E-3
103.800000E+0	4.000000E+0	-39.278678E+0	-24.646521E-3	11.977554E-3	9.438396E-3
103.900000E+0	4.000000E+0	-39.279342E+0	-31.143427E-3	11.680723E-3	9.226204E-3
104.000000E+0	4.000000E+0	-39.281127E+0	-32.818317E-3	11.489392E-3	9.357334E-3
104.100000E+0	4.000000E+0	-39.281828E+0	-37.664175E-3	11.806489E-3	9.562374E-3
104.200000E+0	4.000000E+0	-39.281518E+0	-34.171343E-3	11.468531E-3	9.304286E-3
104.300000E+0	4.000000E+0	-39.279074E+0	-19.097328E-3	11.898280E-3	9.531976E-3
104.400000E+0	4.000000E+0	-39.280427E+0	-14.698505E-3	11.418463E-3	9.279252E-3
104.500000E+0	4.000000E+0	-39.280370E+0	6.055832E-3	11.752249E-3	9.514690E-3
104.600000E+0	4.000000E+0	-39.280224E+0	5.996227E-3	11.482836E-3	9.207130E-3
104.700000E+0	4.000000E+0	-39.282275E+0	-1.823902E-3	11.255146E-3	9.122492E-3
104.800000E+0	4.000000E+0	-39.280257E+0	9.357929E-3	12.044312E-3	9.926558E-3
104.900000E+0	4.000000E+0	-39.282477E+0	-20.211935E-3	11.283756E-3	9.123684E-3
105.000000E+0	4.000000E+0	-39.280710E+0	-13.935566E-3	11.687280E-3	9.253026E-3
105.100000E+0	4.000000E+0	-39.282212E+0	-11.199713E-3	11.734963E-3	9.020568E-3
105.200000E+0	4.000000E+0	-39.281068E+0	-22.524595E-3	11.515618E-3	8.942486E-3
105.300000E+0	4.000000E+0	-39.278094E+0	-387.430191E-6	11.723639E-3	9.390116E-3
105.400000E+0	4.000000E+0	-39.280224E+0	-5.388260E-3	11.279584E-3	8.744598E-3
105.500000E+0	4.000000E+0	-39.282111E+0	-1.692772E-3	11.605621E-3	9.406210E-3
105.600000E+0	4.000000E+0	-39.282406E+0	14.817715E-3	11.472703E-3	9.499193E-3
105.700000E+0	4.000000E+0	-39.283535E+0	4.041195E-3	11.152626E-3	9.080768E-3
105.800000E+0	4.000000E+0	-39.279494E+0	8.165836E-3	11.724235E-3	8.973480E-3
105.900000E+0	4.000000E+0	-39.282087E+0	-11.348724E-3	11.538864E-3	9.017587E-3
106.000000E+0	4.000000E+0	-39.282060E+0	-7.438660E-3	11.357070E-3	9.114743E-3
106.100000E+0	4.000000E+0	-39.283547E+0	-11.569262E-3	11.633039E-3	8.831621E-3
106.200000E+0	4.000000E+0	-39.283193E+0	-24.402142E-3	10.860563E-3	8.456708E-3
106.300000E+0	4.000000E+0	-39.279399E+0	9.214878E-3	11.429192E-3	9.295345E-3
106.400000E+0	4.000000E+0	-39.282054E+0	-8.696318E-3	11.343957E-3	9.043813E-3
106.500000E+0	4.000000E+0	-39.283076E+0	8.511543E-3	11.087061E-3	9.141565E-3
106.600000E+0	4.000000E+0	-39.281431E+0	15.711784E-3	11.214019E-3	8.696318E-3
106.700000E+0	4.000000E+0	-39.282978E+0	-2.664328E-3	11.177660E-3	8.567572E-3
106.800000E+0	4.000000E+0	-39.283252E+0	15.985966E-3	11.515618E-3	9.136201E-3
106.900000E+0	4.000000E+0	-39.282322E+0	-15.729666E-3	10.760427E-3	8.841158E-3
107.000000E+0	4.000000E+0	-39.283997E+0	-9.506941E-3	11.324883E-3	8.728505E-3
107.100000E+0	4.000000E+0	-39.283670E+0	-12.838840E-3	10.948778E-3	8.977056E-3
107.200000E+0	4.000000E+0	-39.282942E+0	-16.486645E-3	11.272431E-3	8.682609E-3
107.300000E+0	4.000000E+0	-39.283416E+0	-6.198883E-3	11.507870E-3	9.169579E-3
107.400000E+0	4.000000E+0	-39.283309E+0	-3.856421E-3	10.911227E-3	8.633137E-3
107.500000E+0	4.000000E+0	-39.283473E+0	21.278858E-3	11.194349E-3	9.070636E-3
107.600000E+0	4.000000E+0	-39.282880E+0	6.055832E-3	11.098982E-3	8.629561E-3
107.700000E+0	4.000000E+0	-39.282480E+0	4.577637E-3	11.003018E-3	8.694530E-3
107.800000E+0	4.000000E+0	-39.282808E+0	12.707710E-3	11.204482E-3	9.006859E-3
107.900000E+0	4.000000E+0	-39.284725E+0	-12.755394E-3	10.586978E-3	8.389354E-3
108.000000E+0	4.000000E+0	-39.282501E+0	357.627869E-6	11.237265E-3	8.600355E-3
108.100000E+0	4.000000E+0	-39.282820E+0	-18.328428E-3	11.130572E-3	8.827449E-3
108.200000E+0	4.000000E+0	-39.283392E+0	-13.560057E-3	11.042953E-3	8.487106E-3
108.300000E+0	4.000000E+0	-39.283264E+0	-1.472235E-3	11.247397E-3	8.814932E-3
