Program version:	Fatigue ver. 4.0
Date and time:	04-08-2015 08:57:32
Operator:	sras
Project ID:	44055 I-1
Sample ID:	EQA02-10
	
Mode of operation:	Ten-ten
Low load setpoint [kN]:	0.000000
Displacement rate [mm/s]:	0.030000
Sample rate [Hz]:	10.000000
Procentage of E-max [%]:	90.000000
Sample width [mm]:	25.270000
Sample thickness [mm]:	4.270000
Strain sensor:	Extensometer
Number of strain sensors:	2
Channel configuration:	0 6 1,1,0,0,0,0 1,4,1,2,3,4
	
Machine SN:	88R1342
Load cell SN:	UK 054
Load cell [kN]:	100.000000
Extensometer 1 SN:	2026
Gauge length 1 [mm]:	50.000000
Full scale 1 [%]:	2.000000
Extensometer 2 SN:	2084
Gauge length 2 [mm]:	50.000000
Full scale 2 [%]:	2.000000
	
Modulus estimate from [%]:	0.050000
Modulus estimate to [%]:	0.250000
Strain correction a1 [%]:	-0.004943
Strain correction a2 [%]:	0.000562
Strain correction b1 [%]:	-0.003333
Strain correction b2 [%]:	0.003568
Modulus a [GPa]:	38.667688
Modulus b [GPa]:	38.762132
Difference [%]:	0.243650
Modulus a1 [GPa]:	38.837060
Modulus b1 [GPa]:	38.841475
Modulus a2 [GPa]:	38.498553
Modulus b2 [GPa]:	38.681942
Max strain [%]:	0.541086
Max stress [MPa]:	209.227229
	
	
Time [ms]	State	Position [mm]	Load [kN]	Strain1 [%]	Strain2 [%]
0.000000E+0	1.000000E+0	-17.121986E+0	3.230572E-3	-129.103661E-6	-154.852867E-6
100.000000E-3	1.000000E+0	-17.119518E+0	48.553944E-3	546.693802E-6	529.050827E-6
200.000000E-3	1.000000E+0	-17.118901E+0	68.402290E-3	1.136303E-3	1.278162E-3
300.000000E-3	1.000000E+0	-17.114324E+0	114.369392E-3	2.343893E-3	2.486229E-3
400.000000E-3	1.000000E+0	-17.109671E+0	180.160999E-3	3.684044E-3	4.464865E-3
500.000000E-3	1.000000E+0	-17.108247E+0	241.434574E-3	4.862785E-3	5.554199E-3
600.000000E-3	1.000000E+0	-17.106506E+0	268.733501E-3	4.978180E-3	5.935431E-3
700.000000E-3	1.000000E+0	-17.103556E+0	311.815739E-3	6.391048E-3	7.318258E-3
800.000000E-3	1.000000E+0	-17.098493E+0	374.937057E-3	7.626772E-3	8.888960E-3
900.000000E-3	1.000000E+0	-17.096398E+0	435.507298E-3	8.846998E-3	10.349035E-3
1.000000E+0	1.000000E+0	-17.095661E+0	495.707989E-3	10.099888E-3	11.309624E-3
1.100000E+0	1.000000E+0	-17.092851E+0	510.680676E-3	10.812044E-3	12.323380E-3
1.200000E+0	1.000000E+0	-17.087421E+0	587.916374E-3	12.282133E-3	14.057159E-3
1.300000E+0	1.000000E+0	-17.082936E+0	647.771358E-3	13.366699E-3	15.414238E-3
1.400000E+0	1.000000E+0	-17.079804E+0	711.405277E-3	14.883757E-3	16.694784E-3
1.500000E+0	1.000000E+0	-17.078415E+0	762.617588E-3	15.993834E-3	18.405914E-3
1.600000E+0	1.000000E+0	-17.076230E+0	784.039497E-3	16.696930E-3	19.126415E-3
1.700000E+0	1.000000E+0	-17.072079E+0	840.067863E-3	17.881393E-3	20.298719E-3
1.800000E+0	1.000000E+0	-17.068160E+0	914.704800E-3	19.730330E-3	22.246122E-3
1.900000E+0	1.000000E+0	-17.067266E+0	939.345360E-3	20.376921E-3	22.981882E-3
2.000000E+0	1.000000E+0	-17.061725E+0	992.894173E-3	21.350384E-3	24.241686E-3
2.100000E+0	1.000000E+0	-17.060453E+0	1.058888E+0	22.739172E-3	25.666714E-3
2.200000E+0	1.000000E+0	-17.054266E+0	1.125288E+0	24.108648E-3	27.084351E-3
2.300000E+0	1.000000E+0	-17.053715E+0	1.144862E+0	24.964333E-3	28.127909E-3
2.400000E+0	1.000000E+0	-17.052672E+0	1.154971E+0	25.106192E-3	28.312445E-3
2.500000E+0	1.000000E+0	-17.045352E+0	1.239944E+0	26.824713E-3	30.168772E-3
2.600000E+0	1.000000E+0	-17.046663E+0	1.268864E+0	27.549028E-3	30.852795E-3
2.700000E+0	1.000000E+0	-17.042244E+0	1.337707E+0	29.020786E-3	32.632589E-3
2.800000E+0	1.000000E+0	-17.037758E+0	1.374865E+0	30.240774E-3	33.695459E-3
2.900000E+0	1.000000E+0	-17.036245E+0	1.445007E+0	31.503439E-3	34.984112E-3
3.000000E+0	1.000000E+0	-17.031253E+0	1.526713E+0	33.182859E-3	36.958218E-3
3.100000E+0	1.000000E+0	-17.028389E+0	1.547909E+0	33.825874E-3	37.572145E-3
3.200000E+0	1.000000E+0	-17.027793E+0	1.591229E+0	34.705639E-3	38.555622E-3
3.300000E+0	1.000000E+0	-17.025268E+0	1.636660E+0	35.656691E-3	39.630651E-3
3.400000E+0	1.000000E+0	-17.023301E+0	1.653612E+0	36.084414E-3	40.196180E-3
3.500000E+0	1.000000E+0	-17.020524E+0	1.705956E+0	37.340164E-3	41.475058E-3
3.600000E+0	1.000000E+0	-17.015922E+0	1.772344E+0	38.620710E-3	42.835474E-3
3.700000E+0	1.000000E+0	-17.011571E+0	1.805151E+0	39.603233E-3	43.786287E-3
3.800000E+0	1.000000E+0	-17.008633E+0	1.869524E+0	41.224957E-3	45.535326E-3
3.900000E+0	1.000000E+0	-17.004493E+0	1.963699E+0	43.077946E-3	47.594786E-3
4.000000E+0	1.000000E+0	-17.001927E+0	1.999915E+0	44.000864E-3	48.437357E-3
4.100000E+0	1.000000E+0	-16.996080E+0	2.037847E+0	45.000315E-3	49.561501E-3
4.200000E+0	1.000000E+0	-16.996727E+0	2.104867E+0	46.379089E-3	51.084518E-3
4.300000E+0	1.000000E+0	-16.997126E+0	2.132452E+0	47.191858E-3	51.900625E-3
4.400000E+0	1.000000E+0	-16.991520E+0	2.183592E+0	48.377037E-3	53.277969E-3
4.500000E+0	1.000000E+0	-16.987616E+0	2.228463E+0	49.207211E-3	54.080009E-3
4.600000E+0	1.000000E+0	-16.985846E+0	2.282000E+0	50.426006E-3	55.508375E-3
4.700000E+0	1.000000E+0	-16.982609E+0	2.330446E+0	51.495075E-3	56.504726E-3
4.800000E+0	1.000000E+0	-16.980997E+0	2.353358E+0	52.562714E-3	57.645321E-3
4.900000E+0	1.000000E+0	-16.976649E+0	2.443135E+0	54.184198E-3	59.378624E-3
5.000000E+0	1.000000E+0	-16.969380E+0	2.509046E+0	55.752039E-3	60.821772E-3
5.100000E+0	1.000000E+0	-16.969186E+0	2.550554E+0	56.299210E-3	61.571836E-3
5.200000E+0	1.000000E+0	-16.964329E+0	2.618599E+0	57.773590E-3	63.053846E-3
5.300000E+0	1.000000E+0	-16.962347E+0	2.611446E+0	58.594227E-3	63.933372E-3
5.400000E+0	1.000000E+0	-16.959521E+0	2.690637E+0	59.771061E-3	65.224886E-3
5.500000E+0	1.000000E+0	-16.954625E+0	2.746546E+0	61.375618E-3	66.922665E-3
5.600000E+0	1.000000E+0	-16.954616E+0	2.779984E+0	61.926365E-3	67.433357E-3
5.700000E+0	1.000000E+0	-16.951695E+0	2.824879E+0	62.996626E-3	68.593025E-3
5.800000E+0	1.000000E+0	-16.948742E+0	2.882421E+0	63.808918E-3	69.407701E-3
5.900000E+0	1.000000E+0	-16.946218E+0	2.911711E+0	65.369606E-3	70.920706E-3
6.000000E+0	1.000000E+0	-16.941992E+0	2.992713E+0	66.514015E-3	72.264910E-3
6.100000E+0	1.000000E+0	-16.937655E+0	3.035998E+0	67.739010E-3	73.429346E-3
6.200000E+0	1.000000E+0	-16.936836E+0	3.044569E+0	68.395615E-3	74.187279E-3
6.300000E+0	1.000000E+0	-16.933707E+0	3.131187E+0	70.036650E-3	75.845480E-3
6.400000E+0	1.000000E+0	-16.930548E+0	3.156030E+0	70.818186E-3	76.754332E-3
6.500000E+0	1.000000E+0	-16.928745E+0	3.196204E+0	71.440935E-3	77.437162E-3
6.600000E+0	1.000000E+0	-16.921240E+0	3.269446E+0	73.411703E-3	79.428673E-3
6.700000E+0	1.000000E+0	-16.920054E+0	3.318930E+0	74.585199E-3	80.439329E-3
6.800000E+0	1.000000E+0	-16.915018E+0	3.384531E+0	76.002121E-3	82.054138E-3
6.900000E+0	1.000000E+0	-16.913310E+0	3.460586E+0	77.657223E-3	83.863258E-3
7.000000E+0	1.000000E+0	-16.907752E+0	3.508472E+0	79.075336E-3	85.170031E-3
7.100000E+0	1.000000E+0	-16.910696E+0	3.529906E+0	79.462051E-3	85.690498E-3
7.200000E+0	1.000000E+0	-16.906601E+0	3.560424E+0	79.907179E-3	86.240292E-3
7.300000E+0	1.000000E+0	-16.900727E+0	3.613794E+0	81.700325E-3	87.931395E-3
7.400000E+0	1.000000E+0	-16.900397E+0	3.651690E+0	82.039595E-3	88.339090E-3
7.500000E+0	1.000000E+0	-16.896138E+0	3.714228E+0	83.528757E-3	89.759111E-3
7.600000E+0	1.000000E+0	-16.891292E+0	3.775942E+0	85.016012E-3	91.391563E-3
7.700000E+0	1.000000E+0	-16.889733E+0	3.810871E+0	86.296558E-3	92.679977E-3
7.800000E+0	1.000000E+0	-16.886914E+0	3.843570E+0	86.790562E-3	93.081236E-3
7.900000E+0	1.000000E+0	-16.885546E+0	3.900492E+0	87.992907E-3	94.611883E-3
8.000000E+0	1.000000E+0	-16.880131E+0	3.951538E+0	89.447975E-3	95.864296E-3
8.100000E+0	1.000000E+0	-16.875649E+0	4.014599E+0	90.607643E-3	97.157478E-3
8.200000E+0	1.000000E+0	-16.876635E+0	4.040170E+0	91.474295E-3	97.812653E-3
8.300000E+0	1.000000E+0	-16.875649E+0	4.084253E+0	92.115164E-3	98.650217E-3
8.400000E+0	1.000000E+0	-16.870350E+0	4.160118E+0	93.787670E-3	100.490093E-3
8.500000E+0	1.000000E+0	-16.867462E+0	4.175758E+0	94.401121E-3	101.080418E-3
8.600000E+0	1.000000E+0	-16.863299E+0	4.254699E+0	96.305609E-3	102.906227E-3
8.700000E+0	1.000000E+0	-16.862691E+0	4.263878E+0	96.536875E-3	103.180647E-3
8.800000E+0	1.000000E+0	-16.855759E+0	4.359257E+0	99.166870E-3	105.852127E-3
8.900000E+0	1.000000E+0	-16.856405E+0	4.370654E+0	98.690271E-3	105.449200E-3
9.000000E+0	1.000000E+0	-16.853020E+0	4.409134E+0	100.113153E-3	106.905460E-3
9.100000E+0	1.000000E+0	-16.845370E+0	4.493451E+0	102.085352E-3	108.787775E-3
9.200000E+0	1.000000E+0	-16.848827E+0	4.525352E+0	102.598429E-3	109.368086E-3
9.300000E+0	1.000000E+0	-16.842047E+0	4.597270E+0	104.499340E-3	111.223698E-3
9.400000E+0	1.000000E+0	-16.837901E+0	4.627848E+0	105.149984E-3	111.946106E-3
9.500000E+0	1.000000E+0	-16.835764E+0	4.676712E+0	106.308222E-3	113.287210E-3
9.600000E+0	1.000000E+0	-16.836536E+0	4.707897E+0	106.546879E-3	113.564730E-3
9.700000E+0	1.000000E+0	-16.831368E+0	4.751027E+0	107.950926E-3	114.911318E-3
9.800000E+0	1.000000E+0	-16.828290E+0	4.809344E+0	109.277248E-3	116.134882E-3
9.900000E+0	1.000000E+0	-16.823891E+0	4.880524E+0	110.753775E-3	117.731094E-3
10.000000E+0	1.000000E+0	-16.820738E+0	4.921079E+0	111.846209E-3	118.939877E-3
10.100000E+0	1.000000E+0	-16.818238E+0	4.969370E+0	113.142014E-3	120.227337E-3
10.200000E+0	1.000000E+0	-16.815788E+0	5.000591E+0	114.032984E-3	121.044874E-3
10.300000E+0	1.000000E+0	-16.811934E+0	5.068588E+0	115.281582E-3	122.353315E-3
10.400000E+0	1.000000E+0	-16.807848E+0	5.081880E+0	116.011381E-3	122.965813E-3
10.500000E+0	1.000000E+0	-16.807083E+0	5.121720E+0	116.987228E-3	123.960733E-3
10.600000E+0	1.000000E+0	-16.803637E+0	5.203545E+0	118.691444E-3	125.740290E-3
10.700000E+0	1.000000E+0	-16.799963E+0	5.244780E+0	119.905472E-3	127.047300E-3
10.800000E+0	1.000000E+0	-16.796419E+0	5.281961E+0	121.032000E-3	128.059149E-3
10.900000E+0	1.000000E+0	-16.794417E+0	5.356205E+0	122.328520E-3	129.469395E-3
11.000000E+0	1.000000E+0	-16.794515E+0	5.370033E+0	122.488737E-3	129.728556E-3
11.100000E+0	1.000000E+0	-16.790739E+0	5.402231E+0	123.438597E-3	130.609274E-3
11.200000E+0	1.000000E+0	-16.786283E+0	5.494416E+0	125.540495E-3	132.707357E-3
11.300000E+0	1.000000E+0	-16.781664E+0	5.527079E+0	126.638174E-3	133.843422E-3
11.400000E+0	1.000000E+0	-16.780451E+0	5.573213E+0	127.717495E-3	134.841204E-3
11.500000E+0	1.000000E+0	-16.777468E+0	5.613112E+0	128.645658E-3	135.841131E-3
11.600000E+0	1.000000E+0	-16.773728E+0	5.647016E+0	129.776478E-3	136.805534E-3
11.700000E+0	1.000000E+0	-16.771063E+0	5.712712E+0	130.582809E-3	138.026714E-3
11.800000E+0	1.000000E+0	-16.768179E+0	5.771124E+0	132.647038E-3	139.873981E-3
11.900000E+0	1.000000E+0	-16.764179E+0	5.762482E+0	132.383108E-3	139.553547E-3
12.000000E+0	1.000000E+0	-16.760403E+0	5.870914E+0	134.571075E-3	141.742229E-3
12.100000E+0	1.000000E+0	-16.761646E+0	5.893433E+0	135.443449E-3	142.635345E-3
12.200000E+0	1.000000E+0	-16.757769E+0	5.938578E+0	136.208057E-3	143.468380E-3
12.300000E+0	1.000000E+0	-16.751805E+0	6.014752E+0	137.989044E-3	145.283699E-3
12.400000E+0	1.000000E+0	-16.748160E+0	6.058466E+0	138.797045E-3	146.075487E-3
12.500000E+0	1.000000E+0	-16.746420E+0	6.099653E+0	140.185356E-3	147.519112E-3
12.600000E+0	1.000000E+0	-16.745186E+0	6.153679E+0	141.194344E-3	148.516178E-3
12.700000E+0	1.000000E+0	-16.741392E+0	6.172585E+0	141.775370E-3	149.139404E-3
12.800000E+0	1.000000E+0	-16.740671E+0	6.191313E+0	142.952919E-3	150.264978E-3
12.900000E+0	1.000000E+0	-16.736585E+0	6.258464E+0	143.962860E-3	151.293755E-3
13.000000E+0	1.000000E+0	-16.729176E+0	6.347692E+0	145.959139E-3	153.285980E-3
13.100000E+0	1.000000E+0	-16.728533E+0	6.410551E+0	147.086620E-3	154.560328E-3
13.200000E+0	1.000000E+0	-16.726595E+0	6.414604E+0	147.616386E-3	154.894352E-3
13.300000E+0	1.000000E+0	-16.723263E+0	6.434047E+0	148.706675E-3	156.008244E-3
13.400000E+0	1.000000E+0	-16.717911E+0	6.541812E+0	150.451422E-3	157.838821E-3
13.500000E+0	1.000000E+0	-16.718218E+0	6.557906E+0	151.151180E-3	158.487558E-3
13.600000E+0	1.000000E+0	-16.713736E+0	6.620395E+0	152.452469E-3	159.855843E-3
13.700000E+0	1.000000E+0	-16.711501E+0	6.695092E+0	153.999805E-3	161.434174E-3
13.800000E+0	1.000000E+0	-16.704503E+0	6.721485E+0	154.955149E-3	162.240505E-3
13.900000E+0	1.000000E+0	-16.703689E+0	6.774294E+0	156.272888E-3	163.589001E-3
14.000000E+0	1.000000E+0	-16.701907E+0	6.785107E+0	156.659365E-3	164.069176E-3
14.100000E+0	1.000000E+0	-16.695875E+0	6.874263E+0	158.817291E-3	166.110516E-3
14.200000E+0	1.000000E+0	-16.695473E+0	6.908679E+0	159.447908E-3	166.814804E-3
14.300000E+0	1.000000E+0	-16.694245E+0	6.909168E+0	159.608126E-3	167.030811E-3
14.400000E+0	1.000000E+0	-16.692448E+0	6.979465E+0	161.074877E-3	168.649912E-3
14.500000E+0	1.000000E+0	-16.686049E+0	7.055044E+0	163.172960E-3	170.610189E-3
14.600000E+0	1.000000E+0	-16.685546E+0	7.066619E+0	163.354158E-3	170.742035E-3
14.700000E+0	1.000000E+0	-16.681975E+0	7.113791E+0	164.231062E-3	171.608925E-3
14.800000E+0	1.000000E+0	-16.676352E+0	7.180941E+0	166.034222E-3	173.370123E-3
14.900000E+0	1.000000E+0	-16.678077E+0	7.170022E+0	166.088820E-3	173.422575E-3
15.000000E+0	1.000000E+0	-16.670242E+0	7.300198E+0	168.541431E-3	175.892353E-3
15.100000E+0	1.000000E+0	-16.669658E+0	7.306075E+0	169.199228E-3	176.437140E-3
15.200000E+0	1.000000E+0	-16.665936E+0	7.370031E+0	170.713186E-3	178.107977E-3
15.300000E+0	1.000000E+0	-16.662529E+0	7.430732E+0	171.792746E-3	179.090261E-3
15.400000E+0	1.000000E+0	-16.660100E+0	7.465601E+0	172.553539E-3	179.897308E-3
15.500000E+0	1.000000E+0	-16.656736E+0	7.527351E+0	174.574852E-3	181.922197E-3
15.600000E+0	1.000000E+0	-16.654712E+0	7.518637E+0	174.666643E-3	182.051420E-3
15.700000E+0	1.000000E+0	-16.655639E+0	7.570159E+0	175.320148E-3	182.594061E-3
15.800000E+0	1.000000E+0	-16.647220E+0	7.660830E+0	177.618504E-3	184.942961E-3
15.900000E+0	1.000000E+0	-16.644940E+0	7.694447E+0	178.380728E-3	185.842037E-3
16.000000E+0	1.000000E+0	-16.641644E+0	7.763219E+0	179.734945E-3	187.143564E-3
16.100000E+0	1.000000E+0	-16.638324E+0	7.786989E+0	180.673599E-3	188.087225E-3
16.200000E+0	1.000000E+0	-16.635844E+0	7.842219E+0	181.875229E-3	189.156771E-3
16.300000E+0	1.000000E+0	-16.633913E+0	7.896090E+0	183.392763E-3	190.752983E-3
16.400000E+0	1.000000E+0	-16.629112E+0	7.941186E+0	184.384584E-3	191.662550E-3
16.500000E+0	1.000000E+0	-16.628847E+0	7.960796E+0	184.954643E-3	192.377567E-3
16.600000E+0	1.000000E+0	-16.625229E+0	7.983315E+0	185.466290E-3	192.807436E-3
16.700000E+0	1.000000E+0	-16.622737E+0	8.065045E+0	187.065840E-3	194.523335E-3
16.800000E+0	1.000000E+0	-16.619766E+0	8.079433E+0	187.996626E-3	195.249319E-3
16.900000E+0	1.000000E+0	-16.616547E+0	8.130765E+0	189.211369E-3	196.475506E-3
17.000000E+0	1.000000E+0	-16.611517E+0	8.242190E+0	191.286087E-3	198.558569E-3
17.100000E+0	1.000000E+0	-16.611472E+0	8.251905E+0	191.731691E-3	198.975563E-3
17.200000E+0	1.000000E+0	-16.604093E+0	8.333385E+0	193.631887E-3	200.826883E-3
17.300000E+0	1.000000E+0	-16.603109E+0	8.369064E+0	194.569349E-3	201.751232E-3
17.400000E+0	1.000000E+0	-16.602394E+0	8.381200E+0	194.980860E-3	202.207088E-3
17.500000E+0	1.000000E+0	-16.599226E+0	8.434677E+0	196.266413E-3	203.639269E-3
17.600000E+0	1.000000E+0	-16.595283E+0	8.509898E+0	197.839260E-3	205.157280E-3
17.700000E+0	1.000000E+0	-16.590491E+0	8.546710E+0	198.971033E-3	206.166029E-3
17.800000E+0	1.000000E+0	-16.588977E+0	8.550882E+0	199.362755E-3	206.513882E-3
17.900000E+0	1.000000E+0	-16.583655E+0	8.659244E+0	201.312065E-3	208.559275E-3
18.000000E+0	1.000000E+0	-16.581944E+0	8.689022E+0	202.264547E-3	209.629297E-3
18.100000E+0	1.000000E+0	-16.580519E+0	8.703446E+0	202.790022E-3	210.017443E-3
18.200000E+0	1.000000E+0	-16.576949E+0	8.745265E+0	203.860521E-3	210.968494E-3
18.300000E+0	1.000000E+0	-16.572193E+0	8.829308E+0	205.927372E-3	213.042259E-3
18.400000E+0	1.000000E+0	-16.572732E+0	8.815920E+0	205.766916E-3	212.965965E-3
18.500000E+0	1.000000E+0	-16.563800E+0	8.950937E+0	208.853245E-3	215.903521E-3
18.600000E+0	1.000000E+0	-16.566813E+0	8.920312E+0	208.354950E-3	215.490818E-3
18.700000E+0	1.000000E+0	-16.560063E+0	9.001315E+0	210.045815E-3	217.176914E-3
18.800000E+0	1.000000E+0	-16.559184E+0	9.039330E+0	210.974693E-3	218.216419E-3
18.900000E+0	1.000000E+0	-16.555900E+0	9.131134E+0	212.883472E-3	220.105648E-3
19.000000E+0	1.000000E+0	-16.551554E+0	9.148669E+0	213.510752E-3	220.748186E-3
19.100000E+0	1.000000E+0	-16.549984E+0	9.180176E+0	214.421988E-3	221.622467E-3
19.200000E+0	1.000000E+0	-16.545406E+0	9.264028E+0	216.346025E-3	223.431587E-3
19.300000E+0	1.000000E+0	-16.544032E+0	9.264445E+0	216.774940E-3	223.981619E-3
19.400000E+0	1.000000E+0	-16.540039E+0	9.335899E+0	218.217611E-3	225.237608E-3
19.500000E+0	1.000000E+0	-16.537434E+0	9.357214E+0	218.878031E-3	225.911379E-3
19.600000E+0	1.000000E+0	-16.534585E+0	9.436166E+0	220.489740E-3	227.520704E-3
19.700000E+0	1.000000E+0	-16.532907E+0	9.448051E+0	221.117735E-3	228.086233E-3
19.800000E+0	1.000000E+0	-16.526562E+0	9.561193E+0	223.185778E-3	230.136633E-3
19.900000E+0	1.000000E+0	-16.526607E+0	9.517312E+0	223.107815E-3	230.256557E-3
20.000000E+0	1.000000E+0	-16.520328E+0	9.615493E+0	224.758625E-3	231.799841E-3
20.100000E+0	1.000000E+0	-16.518414E+0	9.637833E+0	225.880623E-3	232.964754E-3
20.200000E+0	1.000000E+0	-16.516567E+0	9.688544E+0	226.740360E-3	233.837605E-3
20.300000E+0	1.000000E+0	-16.513807E+0	9.736192E+0	228.032589E-3	235.071659E-3
20.400000E+0	1.000000E+0	-16.512361E+0	9.812760E+0	229.494333E-3	236.568689E-3
20.500000E+0	1.000000E+0	-16.507286E+0	9.861648E+0	230.669975E-3	237.806082E-3
20.600000E+0	1.000000E+0	-16.505733E+0	9.860909E+0	230.880737E-3	238.053799E-3
20.700000E+0	1.000000E+0	-16.500908E+0	9.944117E+0	232.688665E-3	239.639997E-3
20.800000E+0	1.000000E+0	-16.498718E+0	9.952545E+0	233.174324E-3	240.278006E-3
20.900000E+0	1.000000E+0	-16.497305E+0	10.030043E+0	235.035896E-3	242.071152E-3
21.000000E+0	1.000000E+0	-16.493944E+0	10.059166E+0	235.692263E-3	242.619991E-3
21.100000E+0	1.000000E+0	-16.489056E+0	10.100436E+0	236.939907E-3	244.025230E-3
21.200000E+0	1.000000E+0	-16.487113E+0	10.123289E+0	237.838745E-3	244.789362E-3
21.300000E+0	1.000000E+0	-16.478637E+0	10.241568E+0	240.356445E-3	247.331381E-3
21.400000E+0	1.000000E+0	-16.482365E+0	10.280526E+0	240.831852E-3	247.869968E-3
21.500000E+0	1.000000E+0	-16.475567E+0	10.309374E+0	242.171764E-3	249.095917E-3
21.600000E+0	1.000000E+0	-16.472590E+0	10.373282E+0	243.033409E-3	250.134706E-3
21.700000E+0	1.000000E+0	-16.470489E+0	10.415888E+0	244.355917E-3	251.341820E-3
21.800000E+0	1.000000E+0	-16.469911E+0	10.446501E+0	245.096207E-3	251.957417E-3
21.900000E+0	1.000000E+0	-16.463897E+0	10.483551E+0	246.416092E-3	253.290653E-3
22.000000E+0	1.000000E+0	-16.463068E+0	10.517979E+0	247.151852E-3	254.048586E-3
22.100000E+0	1.000000E+0	-16.457132E+0	10.610664E+0	249.109268E-3	256.097794E-3
22.200000E+0	1.000000E+0	-16.457451E+0	10.623527E+0	249.522448E-3	256.484509E-3
22.300000E+0	1.000000E+0	-16.451839E+0	10.668683E+0	250.992775E-3	257.820368E-3
22.400000E+0	1.000000E+0	-16.450656E+0	10.714674E+0	252.007246E-3	258.827925E-3
22.500000E+0	1.000000E+0	-16.446111E+0	10.775042E+0	253.226995E-3	260.146141E-3
22.600000E+0	1.000000E+0	-16.441924E+0	10.850048E+0	254.978657E-3	261.898041E-3
22.700000E+0	1.000000E+0	-16.439516E+0	10.870552E+0	255.489826E-3	262.308836E-3
22.800000E+0	1.000000E+0	-16.440007E+0	10.916936E+0	256.147146E-3	263.149023E-3
22.900000E+0	1.000000E+0	-16.438100E+0	10.938692E+0	257.313251E-3	264.150143E-3
23.000000E+0	1.000000E+0	-16.432780E+0	10.989106E+0	258.506060E-3	265.430689E-3
23.100000E+0	1.000000E+0	-16.429204E+0	11.039448E+0	259.590387E-3	266.381025E-3
23.200000E+0	1.000000E+0	-16.427416E+0	11.058700E+0	260.280371E-3	267.020464E-3
23.300000E+0	1.000000E+0	-16.423154E+0	11.158931E+0	262.436628E-3	269.227743E-3
23.400000E+0	1.000000E+0	-16.422069E+0	11.171389E+0	263.106346E-3	269.953251E-3
23.500000E+0	1.000000E+0	-16.415635E+0	11.220622E+0	263.794661E-3	270.674944E-3
23.600000E+0	1.000000E+0	-16.413722E+0	11.286306E+0	265.690327E-3	272.520304E-3
23.700000E+0	1.000000E+0	-16.410601E+0	11.331332E+0	266.741991E-3	273.517609E-3
23.800000E+0	1.000000E+0	-16.406709E+0	11.388791E+0	267.932177E-3	274.660110E-3
23.900000E+0	1.000000E+0	-16.406194E+0	11.395478E+0	268.590927E-3	275.356531E-3
24.000000E+0	1.000000E+0	-16.402203E+0	11.477506E+0	269.917965E-3	276.782751E-3
24.100000E+0	1.000000E+0	-16.400093E+0	11.492467E+0	270.842075E-3	277.597666E-3
24.200000E+0	1.000000E+0	-16.396293E+0	11.550200E+0	272.023201E-3	278.862238E-3
24.300000E+0	1.000000E+0	-16.392896E+0	11.587036E+0	273.343086E-3	280.178070E-3
24.400000E+0	1.000000E+0	-16.391492E+0	11.651063E+0	274.498463E-3	281.198025E-3
24.500000E+0	1.000000E+0	-16.386158E+0	11.691141E+0	275.578499E-3	282.340288E-3
24.600000E+0	1.000000E+0	-16.383964E+0	11.772633E+0	277.014017E-3	283.775091E-3
24.700000E+0	1.000000E+0	-16.382307E+0	11.781836E+0	277.581930E-3	284.254551E-3
24.800000E+0	1.000000E+0	-16.376153E+0	11.872411E+0	279.882193E-3	286.487341E-3
24.900000E+0	1.000000E+0	-16.376007E+0	11.862564E+0	279.726028E-3	286.486387E-3
25.000000E+0	1.000000E+0	-16.371268E+0	11.926746E+0	281.238794E-3	288.031101E-3
25.100000E+0	1.000000E+0	-16.369042E+0	11.933649E+0	281.653166E-3	288.368225E-3
25.200000E+0	1.000000E+0	-16.363690E+0	12.023747E+0	283.855915E-3	290.498734E-3
25.300000E+0	1.000000E+0	-16.361165E+0	12.065744E+0	284.953594E-3	291.602135E-3
25.400000E+0	1.000000E+0	-16.362941E+0	12.068439E+0	284.912109E-3	291.612387E-3
25.500000E+0	1.000000E+0	-16.354090E+0	12.155974E+0	287.526369E-3	294.070482E-3
25.600000E+0	1.000000E+0	-16.352585E+0	12.202740E+0	288.096189E-3	294.756413E-3
25.700000E+0	1.000000E+0	-16.352362E+0	12.221026E+0	288.758516E-3	295.459986E-3
25.800000E+0	1.000000E+0	-16.347921E+0	12.275815E+0	289.741516E-3	296.315670E-3
25.900000E+0	1.000000E+0	-16.343370E+0	12.325764E+0	291.600466E-3	298.241615E-3
26.000000E+0	1.000000E+0	-16.340921E+0	12.382710E+0	292.811394E-3	299.501896E-3
26.100000E+0	1.000000E+0	-16.335747E+0	12.455678E+0	294.356823E-3	301.049948E-3
26.200000E+0	1.000000E+0	-16.336754E+0	12.467110E+0	294.492006E-3	301.097870E-3
26.300000E+0	1.000000E+0	-16.334287E+0	12.502992E+0	295.630455E-3	302.294493E-3
26.400000E+0	1.000000E+0	-16.331294E+0	12.527132E+0	296.016216E-3	302.533865E-3
26.500000E+0	1.000000E+0	-16.327012E+0	12.644660E+0	298.435688E-3	305.162668E-3
26.600000E+0	1.000000E+0	-16.326314E+0	12.645483E+0	298.827887E-3	305.320740E-3
26.700000E+0	1.000000E+0	-16.320604E+0	12.703669E+0	300.180435E-3	306.839228E-3
26.800000E+0	1.000000E+0	-16.319126E+0	12.737536E+0	301.183701E-3	307.899952E-3
26.900000E+0	1.000000E+0	-16.313157E+0	12.796211E+0	302.573442E-3	309.123516E-3
27.000000E+0	1.000000E+0	-16.314528E+0	12.822473E+0	303.222179E-3	309.822321E-3
27.100000E+0	1.000000E+0	-16.308445E+0	12.878239E+0	305.009604E-3	311.581373E-3
27.200000E+0	1.000000E+0	-16.304425E+0	12.947404E+0	306.446314E-3	312.954903E-3
27.300000E+0	1.000000E+0	-16.305644E+0	12.976265E+0	306.985140E-3	313.642263E-3
27.400000E+0	1.000000E+0	-16.301337E+0	13.017213E+0	308.183193E-3	314.828873E-3
27.500000E+0	1.000000E+0	-16.296467E+0	13.070536E+0	309.425354E-3	316.097021E-3
27.600000E+0	1.000000E+0	-16.293279E+0	13.138342E+0	311.002731E-3	317.483664E-3
27.700000E+0	1.000000E+0	-16.290513E+0	13.160348E+0	311.507463E-3	318.134069E-3
27.800000E+0	1.000000E+0	-16.292826E+0	13.165331E+0	311.828136E-3	318.386316E-3
27.900000E+0	1.000000E+0	-16.284099E+0	13.266969E+0	314.056635E-3	320.659637E-3
28.000000E+0	1.000000E+0	-16.284603E+0	13.280320E+0	314.548016E-3	320.920467E-3
28.100000E+0	1.000000E+0	-16.277597E+0	13.351715E+0	316.301107E-3	322.927475E-3
28.200000E+0	1.000000E+0	-16.276747E+0	13.406241E+0	317.262888E-3	323.892117E-3
28.300000E+0	1.000000E+0	-16.272605E+0	13.455510E+0	318.606377E-3	325.078487E-3
28.400000E+0	1.000000E+0	-16.271532E+0	13.443160E+0	318.652391E-3	325.070143E-3
28.500000E+0	1.000000E+0	-16.267634E+0	13.521647E+0	320.408583E-3	327.045202E-3
28.600000E+0	1.000000E+0	-16.264078E+0	13.541925E+0	321.449757E-3	327.914476E-3
28.700000E+0	1.000000E+0	-16.261074E+0	13.625801E+0	323.108673E-3	329.578161E-3
28.800000E+0	1.000000E+0	-16.256833E+0	13.673103E+0	324.465513E-3	330.904961E-3
28.900000E+0	1.000000E+0	-16.254699E+0	13.730943E+0	325.372458E-3	331.827164E-3
29.000000E+0	1.000000E+0	-16.247648E+0	13.804126E+0	327.294588E-3	333.815813E-3
29.100000E+0	1.000000E+0	-16.248882E+0	13.827705E+0	328.105211E-3	334.455013E-3
29.200000E+0	1.000000E+0	-16.246873E+0	13.839781E+0	328.510284E-3	334.889412E-3
29.300000E+0	1.000000E+0	-16.244596E+0	13.865960E+0	329.115629E-3	335.505724E-3
29.400000E+0	1.000000E+0	-16.242141E+0	13.888288E+0	329.694271E-3	335.865974E-3
29.500000E+0	1.000000E+0	-16.235894E+0	14.007401E+0	332.218647E-3	338.700294E-3
29.600000E+0	1.000000E+0	-16.233158E+0	14.036870E+0	332.832813E-3	339.197159E-3
29.700000E+0	1.000000E+0	-16.232014E+0	14.061737E+0	333.622456E-3	339.919090E-3
29.800000E+0	1.000000E+0	-16.228637E+0	14.102089E+0	334.539890E-3	340.902567E-3
29.900000E+0	1.000000E+0	-16.221994E+0	14.209330E+0	337.264061E-3	343.517303E-3
30.000000E+0	1.000000E+0	-16.222787E+0	14.205933E+0	337.600708E-3	343.779802E-3
30.100000E+0	1.000000E+0	-16.217503E+0	14.254153E+0	338.710785E-3	344.872713E-3
30.200000E+0	1.000000E+0	-16.215495E+0	14.314353E+0	339.750051E-3	345.971823E-3
30.300000E+0	1.000000E+0	-16.210842E+0	14.339614E+0	340.898991E-3	347.093344E-3
30.400000E+0	1.000000E+0	-16.209620E+0	14.410591E+0	342.242956E-3	348.417521E-3
30.500000E+0	1.000000E+0	-16.209355E+0	14.412344E+0	342.410326E-3	348.589659E-3
30.600000E+0	1.000000E+0	-16.202438E+0	14.470875E+0	343.961477E-3	350.177050E-3
30.700000E+0	1.000000E+0	-16.199154E+0	14.575422E+0	346.069813E-3	352.195978E-3
30.800000E+0	1.000000E+0	-16.198620E+0	14.528692E+0	345.473766E-3	351.696730E-3
30.900000E+0	1.000000E+0	-16.195908E+0	14.604425E+0	347.277403E-3	353.391647E-3
31.000000E+0	1.000000E+0	-16.188672E+0	14.686882E+0	349.012852E-3	355.072975E-3
31.100000E+0	1.000000E+0	-16.190019E+0	14.696753E+0	349.424601E-3	355.379581E-3
31.200000E+0	1.000000E+0	-16.187656E+0	14.748061E+0	350.431681E-3	356.467009E-3
31.300000E+0	1.000000E+0	-16.184098E+0	14.787209E+0	351.409435E-3	357.381582E-3
31.400000E+0	1.000000E+0	-16.178945E+0	14.845741E+0	353.323936E-3	359.231234E-3
31.500000E+0	1.000000E+0	-16.179222E+0	14.869928E+0	353.733063E-3	359.732866E-3
31.600000E+0	1.000000E+0	-16.175944E+0	14.934504E+0	355.304241E-3	361.366510E-3
31.700000E+0	1.000000E+0	-16.169247E+0	14.989686E+0	356.616735E-3	362.700701E-3
31.800000E+0	1.000000E+0	-16.166657E+0	15.039241E+0	357.831240E-3	363.679171E-3
31.900000E+0	1.000000E+0	-16.166827E+0	15.075648E+0	358.762503E-3	364.639997E-3
32.000000E+0	1.000000E+0	-16.160000E+0	15.147591E+0	360.552311E-3	366.570473E-3
32.100000E+0	1.000000E+0	-16.163621E+0	15.103054E+0	359.590769E-3	365.475416E-3
32.200000E+0	1.000000E+0	-16.156340E+0	15.204573E+0	362.109661E-3	368.002653E-3
32.300000E+0	1.000000E+0	-16.155118E+0	15.236044E+0	362.766981E-3	368.614912E-3
32.400000E+0	1.000000E+0	-16.152081E+0	15.273929E+0	363.833904E-3	369.796038E-3
32.500000E+0	1.000000E+0	-16.147086E+0	15.339863E+0	365.040779E-3	371.025085E-3
32.600000E+0	1.000000E+0	-16.146949E+0	15.382516E+0	366.620541E-3	372.442961E-3
32.700000E+0	1.000000E+0	-16.137550E+0	15.474010E+0	368.376255E-3	374.199390E-3
32.800000E+0	1.000000E+0	-16.138077E+0	15.503418E+0	369.086981E-3	374.902487E-3
32.900000E+0	1.000000E+0	-16.131965E+0	15.576041E+0	371.022224E-3	376.818180E-3
33.000000E+0	1.000000E+0	-16.126976E+0	15.619826E+0	372.035027E-3	377.804279E-3
33.100000E+0	1.000000E+0	-16.129169E+0	15.623772E+0	372.419119E-3	378.160477E-3
33.200000E+0	1.000000E+0	-16.123671E+0	15.692091E+0	373.758316E-3	379.680872E-3
33.300000E+0	1.000000E+0	-16.123858E+0	15.681791E+0	373.984337E-3	379.778862E-3
33.400000E+0	1.000000E+0	-16.122037E+0	15.719759E+0	374.790907E-3	380.584717E-3
33.500000E+0	1.000000E+0	-16.119272E+0	15.774548E+0	376.225471E-3	381.992102E-3
33.600000E+0	1.000000E+0	-16.111031E+0	15.846670E+0	377.930880E-3	383.734703E-3
33.700000E+0	1.000000E+0	-16.114599E+0	15.875280E+0	378.515720E-3	384.368658E-3
33.800000E+0	1.000000E+0	-16.110537E+0	15.894306E+0	379.112959E-3	384.805441E-3
33.900000E+0	1.000000E+0	-16.104776E+0	16.015041E+0	381.713867E-3	387.495756E-3
34.000000E+0	1.000000E+0	-16.101986E+0	16.022849E+0	382.216930E-3	387.996674E-3
34.100000E+0	1.000000E+0	-16.099793E+0	16.055346E+0	382.890224E-3	388.611794E-3
34.200000E+0	1.000000E+0	-16.098729E+0	16.065943E+0	383.289576E-3	388.968468E-3
34.300000E+0	1.000000E+0	-16.094512E+0	16.127861E+0	384.898186E-3	390.657425E-3
34.400000E+0	1.000000E+0	-16.091532E+0	16.207516E+0	386.622667E-3	392.275810E-3
34.500000E+0	1.000000E+0	-16.085661E+0	16.255105E+0	388.250828E-3	394.003868E-3
34.600000E+0	1.000000E+0	-16.084764E+0	16.296709E+0	389.023542E-3	394.706726E-3
34.700000E+0	1.000000E+0	-16.077256E+0	16.385102E+0	390.799522E-3	396.478415E-3
34.800000E+0	1.000000E+0	-16.078919E+0	16.398239E+0	391.460657E-3	397.025585E-3
34.900000E+0	1.000000E+0	-16.071400E+0	16.458929E+0	392.960548E-3	398.534298E-3
35.000000E+0	1.000000E+0	-16.070029E+0	16.443872E+0	392.976761E-3	398.589611E-3
35.100000E+0	1.000000E+0	-16.069824E+0	16.532683E+0	394.627571E-3	400.196314E-3
35.200000E+0	1.000000E+0	-16.065297E+0	16.557503E+0	395.067930E-3	400.732756E-3
35.300000E+0	1.000000E+0	-16.065529E+0	16.589081E+0	396.364689E-3	401.862383E-3
35.400000E+0	1.000000E+0	-16.061905E+0	16.656554E+0	397.554874E-3	403.233290E-3
35.500000E+0	1.000000E+0	-16.061831E+0	16.664636E+0	398.377657E-3	404.022455E-3
35.600000E+0	1.000000E+0	-16.055349E+0	16.730762E+0	399.703979E-3	405.277014E-3
35.700000E+0	1.000000E+0	-16.047287E+0	16.815376E+0	401.968956E-3	407.464981E-3
35.800000E+0	1.000000E+0	-16.049329E+0	16.825294E+0	401.895046E-3	407.606602E-3
35.900000E+0	1.000000E+0	-16.043914E+0	16.886437E+0	403.414965E-3	408.898592E-3
36.000000E+0	1.000000E+0	-16.040442E+0	16.928971E+0	404.608727E-3	410.046101E-3
36.100000E+0	1.000000E+0	-16.036898E+0	17.002261E+0	406.159878E-3	411.628723E-3
36.200000E+0	1.000000E+0	-16.035989E+0	17.044437E+0	407.496691E-3	413.115501E-3
36.300000E+0	1.000000E+0	-16.035682E+0	17.045534E+0	407.464504E-3	412.925243E-3
36.400000E+0	1.000000E+0	-16.030693E+0	17.107284E+0	408.987522E-3	414.519310E-3
36.500000E+0	1.000000E+0	-16.029543E+0	17.146671E+0	409.630299E-3	415.076494E-3
36.600000E+0	1.000000E+0	-16.025022E+0	17.175138E+0	410.704851E-3	416.137695E-3
36.700000E+0	1.000000E+0	-16.021762E+0	17.242289E+0	412.457943E-3	417.856455E-3
36.800000E+0	1.000000E+0	-16.018069E+0	17.291760E+0	413.605928E-3	419.061184E-3
36.900000E+0	1.000000E+0	-16.012544E+0	17.374802E+0	415.531158E-3	420.942068E-3
37.000000E+0	1.000000E+0	-16.014788E+0	17.351270E+0	415.082216E-3	420.504570E-3
37.100000E+0	1.000000E+0	-16.008547E+0	17.419398E+0	416.700125E-3	422.111750E-3
37.200000E+0	1.000000E+0	-16.006962E+0	17.439985E+0	417.338133E-3	422.825575E-3
37.300000E+0	1.000000E+0	-16.004363E+0	17.504632E+0	418.705702E-3	424.156904E-3
37.400000E+0	1.000000E+0	-16.001827E+0	17.545450E+0	419.783592E-3	425.120354E-3
37.500000E+0	1.000000E+0	-15.996996E+0	17.583144E+0	420.812607E-3	426.222086E-3
37.600000E+0	1.000000E+0	-15.993998E+0	17.634380E+0	422.189474E-3	427.482128E-3
37.700000E+0	1.000000E+0	-15.991155E+0	17.702699E+0	423.902988E-3	429.329872E-3
37.800000E+0	1.000000E+0	-15.988147E+0	17.727041E+0	424.317360E-3	429.801226E-3
37.900000E+0	1.000000E+0	-15.986422E+0	17.754793E+0	425.140619E-3	430.566311E-3
38.000000E+0	1.000000E+0	-15.982184E+0	17.812681E+0	426.680088E-3	431.963205E-3
38.100000E+0	1.000000E+0	-15.979076E+0	17.869961E+0	427.850962E-3	433.227062E-3
38.200000E+0	1.000000E+0	-15.975991E+0	17.910063E+0	429.071903E-3	434.349060E-3
38.300000E+0	1.000000E+0	-15.973637E+0	17.940211E+0	429.669380E-3	435.014963E-3
38.400000E+0	1.000000E+0	-15.968728E+0	18.016768E+0	431.307316E-3	436.658859E-3
38.500000E+0	1.000000E+0	-15.966165E+0	18.051481E+0	432.444811E-3	437.669754E-3
38.600000E+0	1.000000E+0	-15.964481E+0	18.078661E+0	433.126926E-3	438.530207E-3
38.700000E+0	1.000000E+0	-15.961299E+0	18.160319E+0	434.881926E-3	440.086842E-3
38.800000E+0	1.000000E+0	-15.960330E+0	18.167067E+0	435.116291E-3	440.366507E-3
38.900000E+0	1.000000E+0	-15.954733E+0	18.226802E+0	436.793566E-3	441.954136E-3
39.000000E+0	1.000000E+0	-15.953210E+0	18.261421E+0	437.733889E-3	443.078518E-3
39.100000E+0	1.000000E+0	-15.951765E+0	18.318284E+0	438.949347E-3	444.240093E-3
39.200000E+0	1.000000E+0	-15.945399E+0	18.348742E+0	440.223217E-3	445.258617E-3
39.300000E+0	1.000000E+0	-15.943241E+0	18.385327E+0	440.758228E-3	445.961952E-3
39.400000E+0	1.000000E+0	-15.938640E+0	18.430877E+0	442.059278E-3	447.165489E-3
39.500000E+0	1.000000E+0	-15.939564E+0	18.466377E+0	442.943335E-3	447.984934E-3
39.600000E+0	1.000000E+0	-15.933720E+0	18.546188E+0	444.673300E-3	449.800730E-3
39.700000E+0	1.000000E+0	-15.930715E+0	18.584490E+0	445.528030E-3	450.659513E-3
39.800000E+0	1.000000E+0	-15.926475E+0	18.646038E+0	447.161674E-3	452.301502E-3
39.900000E+0	1.000000E+0	-15.924430E+0	18.658316E+0	447.635651E-3	452.777624E-3
40.000000E+0	1.000000E+0	-15.922350E+0	18.711042E+0	448.837519E-3	453.891754E-3
40.100000E+0	1.000000E+0	-15.917653E+0	18.792391E+0	450.614929E-3	455.670118E-3
40.200000E+0	1.000000E+0	-15.915713E+0	18.760276E+0	450.425386E-3	455.491781E-3
40.300000E+0	1.000000E+0	-15.914190E+0	18.831980E+0	451.848745E-3	456.790686E-3
40.400000E+0	1.000000E+0	-15.911088E+0	18.877995E+0	453.112602E-3	457.968235E-3
40.500000E+0	1.000000E+0	-15.910498E+0	18.894315E+0	453.797102E-3	458.733559E-3
40.600000E+0	1.000000E+0	-15.903706E+0	18.993807E+0	456.053734E-3	460.958719E-3
40.700000E+0	1.000000E+0	-15.901554E+0	19.023049E+0	456.774950E-3	461.662292E-3
40.800000E+0	1.000000E+0	-15.895930E+0	19.095123E+0	457.780600E-3	462.730408E-3
40.900000E+0	1.000000E+0	-15.896762E+0	19.104803E+0	458.608389E-3	463.525534E-3
41.000000E+0	1.000000E+0	-15.893516E+0	19.152737E+0	459.886789E-3	464.814663E-3
41.100000E+0	1.000000E+0	-15.887618E+0	19.221449E+0	461.091995E-3	465.975285E-3
41.200000E+0	1.000000E+0	-15.885094E+0	19.239080E+0	462.278366E-3	467.098951E-3
41.300000E+0	1.000000E+0	-15.881980E+0	19.285369E+0	463.047028E-3	467.926979E-3
41.400000E+0	1.000000E+0	-15.878710E+0	19.374430E+0	465.255260E-3	469.961405E-3
41.500000E+0	1.000000E+0	-15.876010E+0	19.385886E+0	465.737581E-3	470.483065E-3
41.600000E+0	1.000000E+0	-15.874356E+0	19.440711E+0	466.919422E-3	471.742630E-3
41.700000E+0	1.000000E+0	-15.871638E+0	19.478905E+0	467.867374E-3	472.568989E-3
41.800000E+0	1.000000E+0	-15.869373E+0	19.521701E+0	468.659639E-3	473.382711E-3
41.900000E+0	1.000000E+0	-15.865457E+0	19.571996E+0	470.203638E-3	474.985838E-3
42.000000E+0	1.000000E+0	-15.860281E+0	19.619334E+0	471.585274E-3	476.312637E-3
42.100000E+0	1.000000E+0	-15.860448E+0	19.640160E+0	471.666336E-3	476.528406E-3
42.200000E+0	1.000000E+0	-15.855327E+0	19.731152E+0	473.937035E-3	478.761911E-3
42.300000E+0	1.000000E+0	-15.854767E+0	19.740677E+0	474.320650E-3	478.845119E-3
42.400000E+0	1.000000E+0	-15.852005E+0	19.775498E+0	475.006104E-3	479.580879E-3
42.500000E+0	1.000000E+0	-15.845511E+0	19.851649E+0	477.179527E-3	481.710911E-3
42.600000E+0	1.000000E+0	-15.843481E+0	19.870830E+0	477.385521E-3	481.988907E-3
42.700000E+0	1.000000E+0	-15.843079E+0	19.881451E+0	478.079081E-3	482.713938E-3
42.800000E+0	1.000000E+0	-15.840411E+0	19.965065E+0	479.718924E-3	484.228611E-3
42.900000E+0	1.000000E+0	-15.837851E+0	19.971561E+0	480.138063E-3	484.732866E-3
43.000000E+0	1.000000E+0	-15.833241E+0	20.035458E+0	481.796980E-3	486.359596E-3
43.100000E+0	1.000000E+0	-15.829185E+0	20.098460E+0	483.280420E-3	487.722874E-3
43.200000E+0	1.000000E+0	-15.824956E+0	20.140028E+0	484.428644E-3	488.862991E-3
43.300000E+0	1.000000E+0	-15.822312E+0	20.201850E+0	485.837221E-3	490.349293E-3
43.400000E+0	1.000000E+0	-15.816796E+0	20.251846E+0	486.953974E-3	491.467714E-3
43.500000E+0	1.000000E+0	-15.817192E+0	20.299411E+0	488.218307E-3	492.740393E-3
43.600000E+0	1.000000E+0	-15.815655E+0	20.310450E+0	488.328934E-3	492.840528E-3
43.700000E+0	1.000000E+0	-15.811679E+0	20.362771E+0	490.181684E-3	494.754791E-3
43.800000E+0	1.000000E+0	-15.808737E+0	20.375729E+0	490.032434E-3	494.522095E-3
43.900000E+0	1.000000E+0	-15.804738E+0	20.457256E+0	492.447138E-3	496.777534E-3
44.000000E+0	1.000000E+0	-15.798590E+0	20.535076E+0	494.401932E-3	498.824120E-3
44.100000E+0	1.000000E+0	-15.798772E+0	20.573032E+0	495.246410E-3	499.586344E-3
44.200000E+0	1.000000E+0	-15.794644E+0	20.607471E+0	495.830774E-3	500.380039E-3
44.300000E+0	1.000000E+0	-15.795493E+0	20.637417E+0	496.764660E-3	500.952959E-3
44.400000E+0	1.000000E+0	-15.790710E+0	20.691872E+0	498.181105E-3	502.444983E-3
44.500000E+0	1.000000E+0	-15.787989E+0	20.745540E+0	499.192715E-3	503.614664E-3
44.600000E+0	1.000000E+0	-15.781161E+0	20.783031E+0	500.193596E-3	504.561186E-3
44.700000E+0	1.000000E+0	-15.783134E+0	20.792878E+0	500.503778E-3	504.926682E-3
44.800000E+0	1.000000E+0	-15.780741E+0	20.834386E+0	501.470804E-3	505.791903E-3
44.900000E+0	1.000000E+0	-15.774608E+0	20.888126E+0	502.920628E-3	507.279396E-3
45.000000E+0	1.000000E+0	-15.773368E+0	20.928097E+0	504.331589E-3	508.602381E-3
45.100000E+0	1.000000E+0	-15.768233E+0	20.961857E+0	504.961729E-3	509.296894E-3
45.200000E+0	1.000000E+0	-15.764931E+0	21.047449E+0	506.496191E-3	510.898590E-3
45.300000E+0	1.000000E+0	-15.762869E+0	21.093369E+0	507.768154E-3	512.215137E-3
45.400000E+0	1.000000E+0	-15.758896E+0	21.135485E+0	509.282827E-3	513.548851E-3
45.500000E+0	1.000000E+0	-15.755829E+0	21.168804E+0	510.022879E-3	514.370918E-3
45.600000E+0	1.000000E+0	-15.754485E+0	21.207905E+0	511.070728E-3	515.378714E-3
45.700000E+0	1.000000E+0	-15.753222E+0	21.240735E+0	511.599302E-3	515.853167E-3
45.800000E+0	1.000000E+0	-15.750310E+0	21.288872E+0	513.027191E-3	517.339230E-3
45.900000E+0	1.000000E+0	-15.742806E+0	21.350670E+0	514.823675E-3	519.036055E-3
46.000000E+0	1.000000E+0	-15.743289E+0	21.376944E+0	515.143871E-3	519.361973E-3
46.100000E+0	1.000000E+0	-15.740490E+0	21.389866E+0	515.836000E-3	520.043373E-3
46.200000E+0	1.000000E+0	-15.736723E+0	21.468973E+0	517.615557E-3	521.965265E-3
46.300000E+0	1.000000E+0	-15.734062E+0	21.495557E+0	518.189669E-3	522.511482E-3
46.400000E+0	1.000000E+0	-15.726042E+0	21.593654E+0	520.890236E-3	525.185823E-3
46.500000E+0	1.000000E+0	-15.728212E+0	21.588647E+0	520.638466E-3	524.784327E-3
46.600000E+0	1.000000E+0	-15.723363E+0	21.646726E+0	522.220850E-3	526.492357E-3
46.700000E+0	1.000000E+0	-15.723208E+0	21.675241E+0	522.538185E-3	526.927233E-3
46.800000E+0	1.000000E+0	-15.720490E+0	21.704066E+0	523.544788E-3	527.834415E-3
46.900000E+0	1.000000E+0	-15.715012E+0	21.782982E+0	525.222301E-3	529.456377E-3
47.000000E+0	1.000000E+0	-15.710515E+0	21.835911E+0	526.487827E-3	530.852795E-3
47.100000E+0	1.000000E+0	-15.710455E+0	21.856296E+0	527.096510E-3	531.418324E-3
47.200000E+0	1.000000E+0	-15.707460E+0	21.898770E+0	528.214216E-3	532.449961E-3
47.300000E+0	1.000000E+0	-15.700305E+0	21.971834E+0	530.078173E-3	534.294844E-3
47.400000E+0	1.000000E+0	-15.700108E+0	21.996486E+0	530.649185E-3	534.706831E-3
47.500000E+0	1.000000E+0	-15.698409E+0	22.054911E+0	531.940222E-3	536.104679E-3
47.600000E+0	1.000000E+0	-15.696338E+0	22.059214E+0	531.859636E-3	536.065817E-3
47.700000E+0	1.000000E+0	-15.690932E+0	22.173679E+0	534.884691E-3	538.920879E-3
47.800000E+0	1.000000E+0	-15.689343E+0	22.187448E+0	535.118580E-3	539.313555E-3
47.900000E+0	1.000000E+0	-15.682391E+0	22.259498E+0	537.246227E-3	541.362524E-3
48.000000E+0	1.000000E+0	-15.682987E+0	22.274077E+0	537.420511E-3	541.458607E-3
48.100000E+0	1.000000E+0	-15.679372E+0	22.308969E+0	538.444757E-3	542.535305E-3
48.200000E+0	1.000000E+0	-15.676141E+0	22.330618E+0	539.301634E-3	543.395519E-3
48.300000E+0	1.000000E+0	-15.673626E+0	22.413588E+0	541.080713E-3	545.200348E-3
48.400000E+0	1.000000E+0	-15.669015E+0	22.462475E+0	542.320728E-3	546.287537E-3
48.500000E+0	1.000000E+0	-15.663162E+0	22.514331E+0	543.559313E-3	547.635317E-3
48.600000E+0	1.000000E+0	-15.666285E+0	22.494292E+0	543.410301E-3	547.535181E-3
48.700000E+0	1.000000E+0	-15.659341E+0	22.576225E+0	545.527697E-3	549.489498E-3
48.800000E+0	2.000000E+0	-15.661976E+0	22.577500E+0	545.468330E-3	549.560547E-3
48.900000E+0	2.000000E+0	-15.657971E+0	22.579432E+0	545.591593E-3	549.640179E-3
49.000000E+0	2.000000E+0	-15.661985E+0	22.524047E+0	544.239998E-3	548.324347E-3
49.100000E+0	2.000000E+0	-15.687323E+0	22.099745E+0	533.860683E-3	537.949800E-3
49.200000E+0	2.000000E+0	-15.719369E+0	21.626770E+0	522.332907E-3	526.819468E-3
49.300000E+0	2.000000E+0	-15.747750E+0	21.166229E+0	512.012959E-3	516.312838E-3
49.400000E+0	2.000000E+0	-15.775329E+0	20.724344E+0	501.061916E-3	505.553246E-3
49.500000E+0	2.000000E+0	-15.803713E+0	20.279837E+0	490.580082E-3	494.971037E-3
49.600000E+0	2.000000E+0	-15.831566E+0	19.822419E+0	479.485512E-3	484.201908E-3
49.700000E+0	2.000000E+0	-15.862316E+0	19.370329E+0	468.635798E-3	473.198414E-3
49.800000E+0	2.000000E+0	-15.891466E+0	18.897390E+0	457.252026E-3	461.836576E-3
49.900000E+0	2.000000E+0	-15.918187E+0	18.432701E+0	446.020603E-3	450.759649E-3
50.000000E+0	2.000000E+0	-15.945548E+0	18.009520E+0	435.718298E-3	440.377712E-3
50.100000E+0	2.000000E+0	-15.977073E+0	17.501307E+0	423.920155E-3	428.636789E-3
50.200000E+0	2.000000E+0	-16.002515E+0	17.097259E+0	413.767815E-3	418.612242E-3
50.300000E+0	2.000000E+0	-16.032672E+0	16.629136E+0	402.648449E-3	407.422066E-3
50.400000E+0	2.000000E+0	-16.062317E+0	16.190660E+0	391.806602E-3	396.538734E-3
50.500000E+0	2.000000E+0	-16.089285E+0	15.719485E+0	380.566120E-3	385.607719E-3
50.600000E+0	2.000000E+0	-16.118640E+0	15.280652E+0	370.281935E-3	375.212908E-3
50.700000E+0	2.000000E+0	-16.148111E+0	14.852786E+0	359.565020E-3	364.800930E-3
50.800000E+0	2.000000E+0	-16.176257E+0	14.352608E+0	347.832918E-3	352.935076E-3
50.900000E+0	2.000000E+0	-16.205600E+0	13.936257E+0	337.492228E-3	342.704535E-3
51.000000E+0	2.000000E+0	-16.236213E+0	13.461471E+0	326.024294E-3	331.458807E-3
51.100000E+0	2.000000E+0	-16.264406E+0	13.009012E+0	314.929008E-3	320.316792E-3
51.200000E+0	2.000000E+0	-16.291559E+0	12.559509E+0	304.386377E-3	309.847116E-3
51.300000E+0	2.000000E+0	-16.320154E+0	12.107277E+0	293.659925E-3	299.091578E-3
51.400000E+0	2.000000E+0	-16.351137E+0	11.653841E+0	282.435656E-3	288.014174E-3
51.500000E+0	2.000000E+0	-16.381574E+0	11.203301E+0	271.528244E-3	277.129650E-3
51.600000E+0	2.000000E+0	-16.406816E+0	10.761786E+0	260.982513E-3	266.723394E-3
51.700000E+0	2.000000E+0	-16.437304E+0	10.292125E+0	249.776125E-3	255.489111E-3
51.800000E+0	2.000000E+0	-16.466743E+0	9.837377E+0	238.584518E-3	244.551420E-3
51.900000E+0	2.000000E+0	-16.493696E+0	9.395158E+0	227.967739E-3	233.818531E-3
52.000000E+0	2.000000E+0	-16.524643E+0	8.942604E+0	216.719151E-3	222.703934E-3
52.100000E+0	2.000000E+0	-16.554007E+0	8.499098E+0	205.754757E-3	211.741209E-3
52.200000E+0	2.000000E+0	-16.584325E+0	8.046806E+0	194.971323E-3	201.005697E-3
52.300000E+0	2.000000E+0	-16.615886E+0	7.570457E+0	183.794022E-3	189.977169E-3
52.400000E+0	2.000000E+0	-16.641850E+0	7.117391E+0	172.907114E-3	179.098129E-3
52.500000E+0	2.000000E+0	-16.670695E+0	6.679165E+0	162.004709E-3	168.278933E-3
52.600000E+0	2.000000E+0	-16.699997E+0	6.228530E+0	151.108742E-3	157.326698E-3
52.700000E+0	2.000000E+0	-16.728896E+0	5.793393E+0	140.531301E-3	146.896839E-3
52.800000E+0	2.000000E+0	-16.756362E+0	5.334628E+0	129.641533E-3	135.778189E-3
52.900000E+0	2.000000E+0	-16.787115E+0	4.877079E+0	118.544340E-3	124.580383E-3
53.000000E+0	2.000000E+0	-16.814393E+0	4.426384E+0	107.893467E-3	113.812923E-3
53.100000E+0	2.000000E+0	-16.844422E+0	3.959036E+0	96.748352E-3	102.484465E-3
53.200000E+0	2.000000E+0	-16.871929E+0	3.531170E+0	86.105108E-3	91.563225E-3
53.300000E+0	2.000000E+0	-16.903442E+0	3.074551E+0	75.634956E-3	80.995560E-3
53.400000E+0	2.000000E+0	-16.931883E+0	2.611899E+0	64.593077E-3	69.610119E-3
53.500000E+0	2.000000E+0	-16.964105E+0	2.160096E+0	53.848028E-3	58.442831E-3
53.600000E+0	2.000000E+0	-16.990113E+0	1.736128E+0	43.626070E-3	47.831774E-3
53.700000E+0	2.000000E+0	-17.019376E+0	1.277208E+0	32.928944E-3	36.558867E-3
53.800000E+0	2.000000E+0	-17.046148E+0	823.283195E-3	22.411108E-3	25.392056E-3
53.900000E+0	2.000000E+0	-17.074931E+0	429.666042E-3	13.205051E-3	15.292883E-3
54.000000E+0	2.000000E+0	-17.098803E+0	73.003769E-3	4.650831E-3	5.687952E-3
54.100000E+0	2.000000E+0	-17.103955E+0	21.874905E-3	3.500462E-3	4.664898E-3
54.200000E+0	2.000000E+0	-17.104215E+0	3.170967E-3	3.232479E-3	4.134178E-3
54.300000E+0	2.000000E+0	-17.100951E+0	17.750263E-3	3.243446E-3	4.166603E-3
54.400000E+0	2.000000E+0	-17.106033E+0	15.056133E-3	2.917290E-3	3.881454E-3
54.500000E+0	2.000000E+0	-17.107371E+0	-8.463860E-3	3.116369E-3	4.044056E-3
54.600000E+0	2.000000E+0	-17.105329E+0	15.127659E-3	2.917767E-3	3.890753E-3
54.700000E+0	2.000000E+0	-17.105052E+0	17.464161E-3	2.868891E-3	3.986597E-3
54.800000E+0	2.000000E+0	-17.103419E+0	23.639202E-3	2.606869E-3	3.641367E-3
54.900000E+0	2.000000E+0	-17.106065E+0	28.085709E-3	2.604008E-3	3.696680E-3
55.000000E+0	2.000000E+0	-17.103067E+0	12.886524E-3	2.770185E-3	3.798008E-3
55.100000E+0	2.000000E+0	-17.105761E+0	24.735928E-3	2.955437E-3	3.909111E-3
55.200000E+0	2.000000E+0	-17.105899E+0	22.113323E-3	2.526760E-3	3.460884E-3
55.300000E+0	2.000000E+0	-17.107240E+0	17.750263E-3	2.570391E-3	3.368139E-3
55.400000E+0	2.000000E+0	-17.106888E+0	18.692017E-3	2.214432E-3	3.137589E-3
55.500000E+0	2.000000E+0	-17.107454E+0	12.207031E-3	2.272367E-3	3.322124E-3
55.600000E+0	2.000000E+0	-17.108533E+0	16.212463E-3	1.960516E-3	3.259897E-3
55.700000E+0	2.000000E+0	-17.108888E+0	13.923645E-3	2.160788E-3	3.344059E-3
55.800000E+0	2.000000E+0	-17.105550E+0	17.118454E-3	2.305984E-3	3.329754E-3
55.900000E+0	2.000000E+0	-17.106927E+0	15.592575E-3	2.342939E-3	3.593206E-3
56.000000E+0	2.000000E+0	-17.106936E+0	22.292137E-3	2.165794E-3	3.355503E-3
56.100000E+0	2.000000E+0	-17.109329E+0	17.046928E-3	2.212048E-3	3.253222E-3
56.200000E+0	2.000000E+0	-17.109159E+0	33.414364E-3	2.040386E-3	3.203869E-3
56.300000E+0	2.000000E+0	-17.108050E+0	13.923645E-3	2.085209E-3	3.129482E-3
56.400000E+0	2.000000E+0	-17.107567E+0	19.466877E-3	2.058744E-3	3.228903E-3
56.500000E+0	2.000000E+0	-17.109093E+0	30.279160E-3	2.393484E-3	3.401518E-3
56.600000E+0	2.000000E+0	-17.108187E+0	23.353100E-3	1.912594E-3	3.088474E-3
56.700000E+0	2.000000E+0	-17.109001E+0	6.926060E-3	2.029419E-3	3.102779E-3
56.800000E+0	2.000000E+0	-17.108447E+0	36.692619E-3	1.983881E-3	3.185987E-3
56.900000E+0	2.000000E+0	-17.107105E+0	25.618076E-3	2.090931E-3	3.206253E-3
57.000000E+0	2.000000E+0	-17.107323E+0	16.260147E-3	2.042532E-3	3.033876E-3
57.100000E+0	2.000000E+0	-17.108050E+0	15.187263E-3	2.007484E-3	3.119707E-3
57.200000E+0	2.000000E+0	-17.109421E+0	24.259090E-3	1.973867E-3	2.943993E-3
57.300000E+0	2.000000E+0	-17.108175E+0	34.451485E-3	1.848936E-3	3.066301E-3
57.400000E+0	2.000000E+0	-17.109865E+0	23.031235E-3	1.699924E-3	2.855778E-3
57.500000E+0	2.000000E+0	-17.109156E+0	16.856194E-3	1.714706E-3	2.847910E-3
57.600000E+0	2.000000E+0	-17.108935E+0	18.060207E-3	1.590729E-3	2.873182E-3
57.700000E+0	2.000000E+0	-17.109293E+0	18.012524E-3	1.664877E-3	2.842665E-3
57.800000E+0	2.000000E+0	-17.109433E+0	16.975403E-3	1.501083E-3	2.776623E-3
57.900000E+0	2.000000E+0	-17.107612E+0	18.393993E-3	1.444578E-3	2.560616E-3
58.000000E+0	2.000000E+0	-17.109755E+0	6.377697E-3	1.488209E-3	2.412796E-3
58.100000E+0	2.000000E+0	-17.109090E+0	19.145012E-3	1.298904E-3	2.287626E-3
58.200000E+0	2.000000E+0	-17.110664E+0	-23.764372E-3	906.705856E-6	1.843214E-3
58.300000E+0	2.000000E+0	-17.111179E+0	-3.880262E-3	1.025677E-3	2.099991E-3
58.400000E+0	2.000000E+0	-17.111048E+0	-6.359816E-3	1.028776E-3	1.868010E-3
58.500000E+0	2.000000E+0	-17.110986E+0	8.356571E-3	1.343727E-3	2.353668E-3
58.600000E+0	3.000000E+0	-17.110086E+0	10.156631E-3	1.485825E-3	2.299786E-3
58.700000E+0	3.000000E+0	-17.110253E+0	-8.761883E-3	997.066498E-6	2.008915E-3
58.800000E+0	3.000000E+0	-17.110095E+0	-13.095140E-3	1.011133E-3	1.865149E-3
58.900000E+0	3.000000E+0	-17.111308E+0	-18.405914E-3	921.487808E-6	1.794577E-3
59.000000E+0	3.000000E+0	-17.110995E+0	-32.246113E-3	997.304916E-6	1.865149E-3
59.100000E+0	3.000000E+0	-17.108593E+0	26.369095E-3	2.029419E-3	3.035307E-3
59.200000E+0	3.000000E+0	-17.105964E+0	76.770782E-3	2.653122E-3	4.037142E-3
59.300000E+0	3.000000E+0	-17.103535E+0	111.913681E-3	3.769875E-3	4.911423E-3
59.400000E+0	3.000000E+0	-17.100477E+0	170.433521E-3	4.619598E-3	6.304741E-3
59.500000E+0	3.000000E+0	-17.095122E+0	247.955322E-3	6.389856E-3	8.326530E-3
59.600000E+0	3.000000E+0	-17.094136E+0	291.919708E-3	7.639408E-3	9.521008E-3
59.700000E+0	3.000000E+0	-17.090234E+0	336.766243E-3	8.688450E-3	10.819912E-3
59.800000E+0	3.000000E+0	-17.089769E+0	371.861458E-3	9.084463E-3	11.259317E-3
59.900000E+0	3.000000E+0	-17.083517E+0	439.631939E-3	10.693312E-3	13.068676E-3
60.000000E+0	3.000000E+0	-17.082528E+0	501.966476E-3	12.012959E-3	14.583588E-3
60.100000E+0	3.000000E+0	-17.077884E+0	565.838814E-3	13.164043E-3	16.122103E-3
60.200000E+0	3.000000E+0	-17.076266E+0	593.745708E-3	14.146566E-3	16.870022E-3
60.300000E+0	3.000000E+0	-17.074454E+0	625.145435E-3	14.570713E-3	17.584324E-3
60.400000E+0	3.000000E+0	-17.070219E+0	709.116459E-3	16.467810E-3	19.527197E-3
60.500000E+0	3.000000E+0	-17.066947E+0	749.957561E-3	17.728090E-3	20.749092E-3
60.600000E+0	3.000000E+0	-17.064494E+0	783.073902E-3	18.128157E-3	21.491051E-3
60.700000E+0	3.000000E+0	-17.062360E+0	821.101665E-3	19.312620E-3	22.618532E-3
60.800000E+0	3.000000E+0	-17.060706E+0	883.436203E-3	20.870447E-3	24.529934E-3
60.900000E+0	3.000000E+0	-17.052964E+0	955.343246E-3	22.089481E-3	25.660753E-3
61.000000E+0	3.000000E+0	-17.048812E+0	1.040506E+0	23.804903E-3	27.713776E-3
61.100000E+0	3.000000E+0	-17.048615E+0	1.044440E+0	23.901939E-3	27.835369E-3
61.200000E+0	3.000000E+0	-17.048130E+0	1.068568E+0	24.884224E-3	28.891087E-3
61.300000E+0	3.000000E+0	-17.042759E+0	1.126254E+0	25.637865E-3	29.883623E-3
61.400000E+0	3.000000E+0	-17.042363E+0	1.177490E+0	26.691437E-3	30.961990E-3
61.500000E+0	3.000000E+0	-17.037988E+0	1.218927E+0	27.877092E-3	32.195568E-3
61.600000E+0	3.000000E+0	-17.033953E+0	1.286781E+0	29.431820E-3	33.873081E-3
61.700000E+0	3.000000E+0	-17.029029E+0	1.331568E+0	30.604839E-3	35.286665E-3
61.800000E+0	3.000000E+0	-17.025182E+0	1.423323E+0	32.543182E-3	37.286282E-3
61.900000E+0	3.000000E+0	-17.023281E+0	1.459539E+0	33.088923E-3	37.847281E-3
62.000000E+0	3.000000E+0	-17.020834E+0	1.512587E+0	34.172297E-3	38.938284E-3
62.100000E+0	3.000000E+0	-17.018357E+0	1.573384E+0	35.875797E-3	40.805340E-3
62.200000E+0	3.000000E+0	-17.016843E+0	1.606297E+0	36.456108E-3	41.553497E-3
62.300000E+0	3.000000E+0	-17.012501E+0	1.654851E+0	37.497759E-3	42.625666E-3
62.400000E+0	3.000000E+0	-17.007193E+0	1.744139E+0	39.523363E-3	44.807673E-3
62.500000E+0	3.000000E+0	-17.006365E+0	1.746655E+0	39.951563E-3	45.058489E-3
62.600000E+0	3.000000E+0	-17.003766E+0	1.757991E+0	40.148973E-3	45.442343E-3
62.700000E+0	3.000000E+0	-16.999659E+0	1.846576E+0	42.159081E-3	47.527075E-3
62.800000E+0	3.000000E+0	-16.997433E+0	1.860201E+0	42.361975E-3	47.707081E-3
62.900000E+0	3.000000E+0	-16.996363E+0	1.919734E+0	43.541193E-3	49.046516E-3
63.000000E+0	3.000000E+0	-16.992307E+0	1.972055E+0	44.996977E-3	50.568819E-3
63.100000E+0	3.000000E+0	-16.988918E+0	2.017319E+0	46.314955E-3	52.023888E-3
63.200000E+0	3.000000E+0	-16.986653E+0	2.048850E+0	47.077179E-3	52.918196E-3
63.300000E+0	3.000000E+0	-16.986856E+0	2.108908E+0	47.937632E-3	53.801775E-3
63.400000E+0	3.000000E+0	-16.980618E+0	2.173889E+0	49.699068E-3	55.559397E-3
63.500000E+0	3.000000E+0	-16.979113E+0	2.235353E+0	50.862789E-3	56.788683E-3
63.600000E+0	3.000000E+0	-16.974101E+0	2.269864E+0	51.914215E-3	57.987452E-3
63.700000E+0	3.000000E+0	-16.972888E+0	2.317095E+0	52.860737E-3	58.888197E-3
63.800000E+0	3.000000E+0	-16.968104E+0	2.405858E+0	54.888725E-3	61.080933E-3
63.900000E+0	3.000000E+0	-16.959593E+0	2.522314E+0	57.482243E-3	63.724518E-3
64.000000E+0	3.000000E+0	-16.960404E+0	2.519429E+0	57.570219E-3	63.792944E-3
64.100000E+0	3.000000E+0	-16.953880E+0	2.621663E+0	59.470654E-3	65.839529E-3
64.200000E+0	3.000000E+0	-16.952244E+0	2.638960E+0	60.079098E-3	66.565514E-3
64.300000E+0	3.000000E+0	-16.949839E+0	2.690160E+0	61.524630E-3	67.955256E-3
64.400000E+0	3.000000E+0	-16.941142E+0	2.817369E+0	63.968897E-3	70.488214E-3
64.500000E+0	3.000000E+0	-16.942510E+0	2.795601E+0	63.947678E-3	70.492744E-3
64.600000E+0	3.000000E+0	-16.940770E+0	2.821612E+0	63.993454E-3	70.613384E-3
64.700000E+0	3.000000E+0	-16.938630E+0	2.849042E+0	65.344334E-3	71.964741E-3
64.800000E+0	3.000000E+0	-16.931257E+0	2.935398E+0	67.539692E-3	74.288368E-3
64.900000E+0	3.000000E+0	-16.932950E+0	2.957225E+0	67.423820E-3	74.166298E-3
65.000000E+0	3.000000E+0	-16.929204E+0	3.002095E+0	68.830252E-3	75.598717E-3
65.100000E+0	3.000000E+0	-16.924823E+0	3.050363E+0	70.056438E-3	76.790094E-3
65.200000E+0	3.000000E+0	-16.922772E+0	3.097332E+0	71.064949E-3	77.789307E-3
65.300000E+0	3.000000E+0	-16.920653E+0	3.121698E+0	71.713924E-3	78.662872E-3
65.400000E+0	3.000000E+0	-16.917613E+0	3.215468E+0	73.662043E-3	80.533981E-3
65.500000E+0	3.000000E+0	-16.914237E+0	3.246903E+0	74.538708E-3	81.344128E-3
65.600000E+0	3.000000E+0	-16.908667E+0	3.296614E+0	75.524807E-3	82.627773E-3
65.700000E+0	3.000000E+0	-16.906065E+0	3.365052E+0	77.221632E-3	84.237576E-3
65.800000E+0	3.000000E+0	-16.906461E+0	3.380251E+0	77.759266E-3	84.858179E-3
65.900000E+0	3.000000E+0	-16.900465E+0	3.455842E+0	79.155445E-3	86.267233E-3
66.000000E+0	3.000000E+0	-16.897792E+0	3.505921E+0	80.590487E-3	87.700367E-3
66.100000E+0	3.000000E+0	-16.893918E+0	3.556263E+0	81.757307E-3	88.856936E-3
66.200000E+0	3.000000E+0	-16.893539E+0	3.598583E+0	82.307816E-3	89.589596E-3
66.300000E+0	3.000000E+0	-16.889516E+0	3.662646E+0	83.851337E-3	91.174126E-3
66.400000E+0	3.000000E+0	-16.886622E+0	3.717637E+0	85.369825E-3	92.728615E-3
66.500000E+0	3.000000E+0	-16.881615E+0	3.766978E+0	86.307526E-3	93.528748E-3
66.600000E+0	3.000000E+0	-16.881892E+0	3.799963E+0	87.090969E-3	94.380856E-3
66.700000E+0	3.000000E+0	-16.878554E+0	3.839731E+0	88.003159E-3	95.381975E-3
66.800000E+0	3.000000E+0	-16.875446E+0	3.863513E+0	89.111805E-3	96.416950E-3
66.900000E+0	3.000000E+0	-16.871056E+0	3.969634E+0	90.834618E-3	98.206043E-3
67.000000E+0	3.000000E+0	-16.868076E+0	3.999043E+0	91.862202E-3	99.366903E-3
67.100000E+0	3.000000E+0	-16.865692E+0	4.024446E+0	92.613697E-3	100.030661E-3
67.200000E+0	3.000000E+0	-16.864115E+0	4.063559E+0	93.823671E-3	101.193905E-3
67.300000E+0	3.000000E+0	-16.859144E+0	4.156423E+0	95.467806E-3	102.991819E-3
67.400000E+0	3.000000E+0	-16.856718E+0	4.176843E+0	96.441984E-3	103.996515E-3
67.500000E+0	3.000000E+0	-16.854009E+0	4.220796E+0	97.360134E-3	104.865551E-3
67.600000E+0	3.000000E+0	-16.850960E+0	4.273677E+0	98.518372E-3	106.064796E-3
67.700000E+0	3.000000E+0	-16.849900E+0	4.288113E+0	99.079609E-3	106.642723E-3
67.800000E+0	3.000000E+0	-16.847918E+0	4.337859E+0	100.074291E-3	107.669353E-3
67.900000E+0	3.000000E+0	-16.843993E+0	4.379606E+0	101.096869E-3	108.850956E-3
68.000000E+0	3.000000E+0	-16.839323E+0	4.465938E+0	103.074074E-3	110.728502E-3
68.100000E+0	3.000000E+0	-16.836357E+0	4.489195E+0	103.629351E-3	111.290455E-3
68.200000E+0	3.000000E+0	-16.830686E+0	4.571331E+0	105.450153E-3	113.145828E-3
68.300000E+0	3.000000E+0	-16.827876E+0	4.633820E+0	107.054472E-3	114.732265E-3
68.400000E+0	3.000000E+0	-16.828531E+0	4.641342E+0	107.009649E-3	114.811420E-3
68.500000E+0	3.000000E+0	-16.823784E+0	4.685605E+0	108.156443E-3	115.935326E-3
68.600000E+0	3.000000E+0	-16.820240E+0	4.743898E+0	109.614611E-3	117.345095E-3
68.700000E+0	3.000000E+0	-16.816548E+0	4.810393E+0	110.926151E-3	118.679762E-3
68.800000E+0	3.000000E+0	-16.812381E+0	4.842722E+0	112.092972E-3	119.913340E-3
68.900000E+0	3.000000E+0	-16.810972E+0	4.871392E+0	112.784624E-3	120.584011E-3
69.000000E+0	3.000000E+0	-16.809666E+0	4.930830E+0	114.057064E-3	121.855974E-3
69.100000E+0	3.000000E+0	-16.807696E+0	4.971576E+0	115.191460E-3	122.952223E-3
69.200000E+0	3.000000E+0	-16.804034E+0	5.025208E+0	116.045713E-3	123.935223E-3
69.300000E+0	3.000000E+0	-16.801694E+0	5.067015E+0	117.219210E-3	125.195503E-3
69.400000E+0	3.000000E+0	-16.799838E+0	5.134189E+0	118.302345E-3	126.148701E-3
69.500000E+0	3.000000E+0	-16.794378E+0	5.192685E+0	119.776964E-3	127.685308E-3
69.600000E+0	3.000000E+0	-16.791523E+0	5.215907E+0	120.703220E-3	128.633022E-3
69.700000E+0	3.000000E+0	-16.788820E+0	5.223024E+0	121.330023E-3	129.160166E-3
69.800000E+0	3.000000E+0	-16.785205E+0	5.295622E+0	122.798920E-3	130.709648E-3
69.900000E+0	3.000000E+0	-16.781995E+0	5.386591E+0	124.904156E-3	132.835865E-3
70.000000E+0	3.000000E+0	-16.777906E+0	5.439520E+0	125.859261E-3	133.838654E-3
70.100000E+0	3.000000E+0	-16.777057E+0	5.477357E+0	126.962185E-3	134.945393E-3
70.200000E+0	3.000000E+0	-16.771448E+0	5.507672E+0	127.842903E-3	135.816813E-3
70.300000E+0	3.000000E+0	-16.769552E+0	5.547225E+0	128.643513E-3	136.610270E-3
70.400000E+0	3.000000E+0	-16.764701E+0	5.637527E+0	130.941868E-3	138.817310E-3
70.500000E+0	3.000000E+0	-16.766179E+0	5.631602E+0	130.403042E-3	138.331175E-3
70.600000E+0	3.000000E+0	-16.761303E+0	5.674803E+0	131.945610E-3	139.993668E-3
70.700000E+0	3.000000E+0	-16.758108E+0	5.738211E+0	132.965326E-3	140.908480E-3
70.800000E+0	3.000000E+0	-16.758269E+0	5.800712E+0	134.205341E-3	142.242432E-3
70.900000E+0	3.000000E+0	-16.754002E+0	5.808413E+0	134.929419E-3	142.867804E-3
71.000000E+0	3.000000E+0	-16.750354E+0	5.871940E+0	136.451006E-3	144.496441E-3
71.100000E+0	3.000000E+0	-16.746629E+0	5.943429E+0	137.989283E-3	145.873308E-3
71.200000E+0	3.000000E+0	-16.740522E+0	6.009376E+0	139.632463E-3	147.624254E-3
71.300000E+0	3.000000E+0	-16.741628E+0	6.019795E+0	139.878035E-3	147.897243E-3
71.400000E+0	3.000000E+0	-16.735324E+0	6.076181E+0	141.306162E-3	149.248838E-3
71.500000E+0	3.000000E+0	-16.734615E+0	6.096590E+0	141.721487E-3	149.643183E-3
71.600000E+0	3.000000E+0	-16.731850E+0	6.169069E+0	143.134594E-3	151.175976E-3
71.700000E+0	3.000000E+0	-16.729650E+0	6.173205E+0	143.771172E-3	151.765823E-3
71.800000E+0	3.000000E+0	-16.723761E+0	6.289244E+0	146.451950E-3	154.495239E-3
71.900000E+0	3.000000E+0	-16.722298E+0	6.309915E+0	146.432877E-3	154.349327E-3
72.000000E+0	3.000000E+0	-16.718754E+0	6.374788E+0	148.118734E-3	156.180620E-3
72.100000E+0	3.000000E+0	-16.714463E+0	6.439376E+0	150.000095E-3	158.142090E-3
72.200000E+0	3.000000E+0	-16.713810E+0	6.472242E+0	150.756598E-3	158.774137E-3
72.300000E+0	3.000000E+0	-16.710049E+0	6.509888E+0	151.671171E-3	159.617662E-3
72.400000E+0	3.000000E+0	-16.707012E+0	6.548774E+0	152.777910E-3	160.552263E-3
72.500000E+0	3.000000E+0	-16.705537E+0	6.607604E+0	153.782368E-3	161.785603E-3
72.600000E+0	3.000000E+0	-16.701779E+0	6.645298E+0	154.746532E-3	162.877560E-3
72.700000E+0	3.000000E+0	-16.698510E+0	6.683111E+0	155.563354E-3	163.579702E-3
72.800000E+0	3.000000E+0	-16.692901E+0	6.744242E+0	157.475948E-3	165.419340E-3
72.900000E+0	3.000000E+0	-16.693065E+0	6.751633E+0	157.320738E-3	165.299416E-3
73.000000E+0	3.000000E+0	-16.690254E+0	6.840742E+0	159.426928E-3	167.385578E-3
73.100000E+0	3.000000E+0	-16.685713E+0	6.906128E+0	160.934448E-3	168.920279E-3
73.200000E+0	3.000000E+0	-16.684574E+0	6.913543E+0	161.162138E-3	169.247389E-3
73.300000E+0	3.000000E+0	-16.681630E+0	6.984127E+0	163.148642E-3	171.082497E-3
73.400000E+0	3.000000E+0	-16.677687E+0	6.984663E+0	162.856579E-3	170.843124E-3
73.500000E+0	3.000000E+0	-16.675920E+0	7.066715E+0	165.069818E-3	173.137665E-3
73.600000E+0	3.000000E+0	-16.670862E+0	7.150698E+0	166.678667E-3	174.738169E-3
73.700000E+0	3.000000E+0	-16.673270E+0	7.139742E+0	166.484118E-3	174.446344E-3
73.800000E+0	3.000000E+0	-16.663990E+0	7.225084E+0	168.644190E-3	176.674128E-3
73.900000E+0	3.000000E+0	-16.663409E+0	7.252002E+0	169.523716E-3	177.504778E-3
74.000000E+0	3.000000E+0	-16.657877E+0	7.317388E+0	171.199560E-3	179.233074E-3
74.100000E+0	3.000000E+0	-16.657579E+0	7.321227E+0	171.563148E-3	179.431915E-3
74.200000E+0	3.000000E+0	-16.653419E+0	7.388294E+0	172.604799E-3	180.501699E-3
74.300000E+0	3.000000E+0	-16.650892E+0	7.455301E+0	174.166679E-3	182.014227E-3
74.400000E+0	3.000000E+0	-16.648644E+0	7.479382E+0	175.203800E-3	183.140516E-3
74.500000E+0	3.000000E+0	-16.646183E+0	7.531309E+0	175.945520E-3	183.838129E-3
74.600000E+0	3.000000E+0	-16.639966E+0	7.596231E+0	177.549124E-3	185.337067E-3
74.700000E+0	3.000000E+0	-16.637337E+0	7.653093E+0	178.986073E-3	186.872721E-3
74.800000E+0	3.000000E+0	-16.634670E+0	7.679987E+0	179.831028E-3	187.670946E-3
74.900000E+0	3.000000E+0	-16.631663E+0	7.759309E+0	181.581020E-3	189.337254E-3
75.000000E+0	3.000000E+0	-16.630060E+0	7.747972E+0	181.143045E-3	188.964844E-3
75.100000E+0	3.000000E+0	-16.628361E+0	7.828474E+0	183.166265E-3	190.962791E-3
75.200000E+0	3.000000E+0	-16.626159E+0	7.848978E+0	183.836699E-3	191.710949E-3
75.300000E+0	3.000000E+0	-16.622132E+0	7.898474E+0	185.016394E-3	192.742586E-3
75.400000E+0	3.000000E+0	-16.616190E+0	7.976389E+0	186.933517E-3	194.723606E-3
75.500000E+0	3.000000E+0	-16.615036E+0	8.015370E+0	187.569618E-3	195.433140E-3
75.600000E+0	3.000000E+0	-16.612855E+0	8.067322E+0	188.635588E-3	196.410179E-3
75.700000E+0	3.000000E+0	-16.607332E+0	8.101308E+0	189.939260E-3	197.788477E-3
75.800000E+0	3.000000E+0	-16.605637E+0	8.161151E+0	190.940142E-3	198.708057E-3
75.900000E+0	3.000000E+0	-16.601354E+0	8.216214E+0	192.417383E-3	200.359821E-3
76.000000E+0	3.000000E+0	-16.597465E+0	8.269846E+0	193.961143E-3	201.645374E-3
76.100000E+0	3.000000E+0	-16.593793E+0	8.352768E+0	195.330620E-3	203.166485E-3
76.200000E+0	3.000000E+0	-16.592628E+0	8.368242E+0	195.987701E-3	203.691721E-3
76.300000E+0	3.000000E+0	-16.589263E+0	8.411992E+0	197.361708E-3	205.071926E-3
76.400000E+0	3.000000E+0	-16.586176E+0	8.441889E+0	197.812080E-3	205.554247E-3
76.500000E+0	3.000000E+0	-16.584760E+0	8.477294E+0	198.774338E-3	206.425905E-3
76.600000E+0	3.000000E+0	-16.579467E+0	8.575106E+0	200.925589E-3	208.623886E-3
76.700000E+0	3.000000E+0	-16.579384E+0	8.569145E+0	201.100826E-3	208.902121E-3
76.800000E+0	3.000000E+0	-16.576725E+0	8.634567E+0	202.650785E-3	210.283518E-3
76.900000E+0	3.000000E+0	-16.572306E+0	8.662868E+0	203.448772E-3	211.098671E-3
77.000000E+0	3.000000E+0	-16.570404E+0	8.731866E+0	204.485178E-3	212.267876E-3
77.100000E+0	3.000000E+0	-16.564146E+0	8.780730E+0	206.374645E-3	213.909864E-3
77.200000E+0	3.000000E+0	-16.560930E+0	8.831000E+0	207.225800E-3	214.960575E-3
77.300000E+0	3.000000E+0	-16.555849E+0	8.923340E+0	209.290028E-3	216.937065E-3
77.400000E+0	3.000000E+0	-16.556108E+0	8.914828E+0	209.313869E-3	216.923475E-3
77.500000E+0	3.000000E+0	-16.552553E+0	8.985007E+0	210.953951E-3	218.625784E-3
77.600000E+0	3.000000E+0	-16.551215E+0	8.986700E+0	211.452246E-3	218.992233E-3
77.700000E+0	3.000000E+0	-16.548556E+0	9.022081E+0	212.336779E-3	219.871283E-3
77.800000E+0	3.000000E+0	-16.543901E+0	9.115541E+0	214.322567E-3	221.907854E-3
77.900000E+0	3.000000E+0	-16.541845E+0	9.154880E+0	215.693951E-3	223.194838E-3
78.000000E+0	3.000000E+0	-16.538272E+0	9.220183E+0	216.610432E-3	224.278450E-3
78.100000E+0	3.000000E+0	-16.534394E+0	9.243822E+0	217.428684E-3	224.942684E-3
78.200000E+0	3.000000E+0	-16.533518E+0	9.286463E+0	218.498230E-3	226.012468E-3
78.300000E+0	3.000000E+0	-16.532636E+0	9.310138E+0	219.160557E-3	226.621389E-3
78.400000E+0	3.000000E+0	-16.526264E+0	9.368658E+0	220.881224E-3	228.426933E-3
78.500000E+0	3.000000E+0	-16.526324E+0	9.411442E+0	221.516371E-3	228.977919E-3
78.600000E+0	3.000000E+0	-16.520417E+0	9.450090E+0	222.756863E-3	230.370998E-3
78.700000E+0	3.000000E+0	-16.516805E+0	9.499550E+0	223.903418E-3	231.520414E-3
78.800000E+0	3.000000E+0	-16.516558E+0	9.527230E+0	224.297047E-3	231.794596E-3
78.900000E+0	3.000000E+0	-16.512105E+0	9.609568E+0	226.321220E-3	233.720779E-3
79.000000E+0	3.000000E+0	-16.507390E+0	9.674037E+0	227.949858E-3	235.373497E-3
79.100000E+0	3.000000E+0	-16.503960E+0	9.745872E+0	229.326963E-3	236.802578E-3
79.200000E+0	3.000000E+0	-16.503099E+0	9.739316E+0	229.517698E-3	236.959219E-3
79.300000E+0	3.000000E+0	-16.500849E+0	9.769595E+0	230.218410E-3	237.565756E-3
79.400000E+0	3.000000E+0	-16.496763E+0	9.859324E+0	232.356310E-3	239.633322E-3
79.500000E+0	3.000000E+0	-16.494182E+0	9.879684E+0	232.947826E-3	240.383625E-3
79.600000E+0	3.000000E+0	-16.490340E+0	9.934032E+0	233.880758E-3	241.431236E-3
79.700000E+0	3.000000E+0	-16.486871E+0	9.981227E+0	235.598803E-3	243.026495E-3
79.800000E+0	3.000000E+0	-16.487402E+0	10.020518E+0	236.382961E-3	243.732929E-3
79.900000E+0	3.000000E+0	-16.483933E+0	10.091066E+0	238.027573E-3	245.351553E-3
80.000000E+0	3.000000E+0	-16.478732E+0	10.096455E+0	238.197088E-3	245.600224E-3
80.100000E+0	3.000000E+0	-16.476083E+0	10.165083E+0	239.647865E-3	246.970654E-3
80.200000E+0	3.000000E+0	-16.469705E+0	10.269177E+0	242.477894E-3	249.716282E-3
80.300000E+0	3.000000E+0	-16.473434E+0	10.246563E+0	241.533041E-3	248.709917E-3
80.400000E+0	3.000000E+0	-16.469413E+0	10.299313E+0	243.023634E-3	250.341892E-3
80.500000E+0	3.000000E+0	-16.464907E+0	10.348034E+0	244.151115E-3	251.418829E-3
80.600000E+0	3.000000E+0	-16.459862E+0	10.415876E+0	246.269941E-3	253.553867E-3
80.700000E+0	3.000000E+0	-16.458076E+0	10.419750E+0	246.128082E-3	253.437281E-3
80.800000E+0	3.000000E+0	-16.457388E+0	10.479021E+0	247.472286E-3	254.751921E-3
80.900000E+0	3.000000E+0	-16.452769E+0	10.523427E+0	248.636484E-3	255.827427E-3
81.000000E+0	3.000000E+0	-16.450453E+0	10.582364E+0	250.057697E-3	257.247448E-3
81.100000E+0	3.000000E+0	-16.447103E+0	10.618198E+0	250.553608E-3	257.771015E-3
81.200000E+0	3.000000E+0	-16.443202E+0	10.715210E+0	252.979279E-3	260.272980E-3
81.300000E+0	3.000000E+0	-16.437897E+0	10.746086E+0	254.037857E-3	261.175871E-3
81.400000E+0	3.000000E+0	-16.438958E+0	10.744655E+0	254.208803E-3	261.333704E-3
81.500000E+0	3.000000E+0	-16.434905E+0	10.852706E+0	256.367922E-3	263.443708E-3
81.600000E+0	3.000000E+0	-16.429115E+0	10.896480E+0	257.620335E-3	264.613867E-3
81.700000E+0	3.000000E+0	-16.426379E+0	10.973811E+0	259.449005E-3	266.425133E-3
81.800000E+0	3.000000E+0	-16.425497E+0	10.967267E+0	259.017944E-3	266.086340E-3
81.900000E+0	3.000000E+0	-16.421005E+0	11.022842E+0	260.603905E-3	267.768860E-3
82.000000E+0	3.000000E+0	-16.419733E+0	11.077869E+0	261.690378E-3	268.719435E-3
82.100000E+0	3.000000E+0	-16.419772E+0	11.084080E+0	262.001514E-3	269.099236E-3
82.200000E+0	3.000000E+0	-16.414705E+0	11.144364E+0	263.178825E-3	270.294428E-3
82.300000E+0	3.000000E+0	-16.412002E+0	11.159408E+0	264.038324E-3	271.037817E-3
82.400000E+0	3.000000E+0	-16.407302E+0	11.226189E+0	265.864611E-3	272.749662E-3
82.500000E+0	3.000000E+0	-16.401732E+0	11.292338E+0	267.453671E-3	274.453163E-3
82.600000E+0	3.000000E+0	-16.402665E+0	11.297894E+0	267.335892E-3	274.270058E-3
82.700000E+0	3.000000E+0	-16.398210E+0	11.365676E+0	269.031525E-3	275.980711E-3
82.800000E+0	3.000000E+0	-16.396266E+0	11.426926E+0	270.580530E-3	277.450800E-3
82.900000E+0	3.000000E+0	-16.393537E+0	11.439359E+0	270.309925E-3	277.368069E-3
83.000000E+0	3.000000E+0	-16.386712E+0	11.594546E+0	274.044037E-3	280.975580E-3
83.100000E+0	3.000000E+0	-16.385329E+0	11.554229E+0	273.857117E-3	280.684948E-3
83.200000E+0	4.000000E+0	-16.384477E+0	11.597800E+0	274.890423E-3	281.698942E-3
83.300000E+0	4.000000E+0	-16.387120E+0	11.548555E+0	273.564816E-3	280.455828E-3
83.400000E+0	4.000000E+0	-16.388566E+0	11.547887E+0	273.500919E-3	280.426741E-3
83.500000E+0	4.000000E+0	-16.400638E+0	11.313832E+0	268.255711E-3	274.974585E-3
83.600000E+0	4.000000E+0	-16.413012E+0	11.098981E+0	262.998581E-3	269.840479E-3
83.700000E+0	4.000000E+0	-16.428903E+0	10.843194E+0	256.906271E-3	263.885975E-3
83.800000E+0	4.000000E+0	-16.443879E+0	10.620594E+0	251.634121E-3	258.472919E-3
83.900000E+0	4.000000E+0	-16.457376E+0	10.384488E+0	246.100903E-3	252.884865E-3
84.000000E+0	4.000000E+0	-16.471550E+0	10.163701E+0	240.673065E-3	247.608662E-3
84.100000E+0	4.000000E+0	-16.484201E+0	9.962821E+0	236.293554E-3	243.234873E-3
84.200000E+0	4.000000E+0	-16.499898E+0	9.692919E+0	229.809046E-3	236.706972E-3
84.300000E+0	4.000000E+0	-16.513261E+0	9.471917E+0	224.368811E-3	231.193304E-3
84.400000E+0	4.000000E+0	-16.530940E+0	9.227705E+0	218.267918E-3	225.177288E-3
84.500000E+0	4.000000E+0	-16.543180E+0	8.983958E+0	213.231564E-3	220.095396E-3
84.600000E+0	4.000000E+0	-16.558624E+0	8.771336E+0	207.800865E-3	214.664459E-3
84.700000E+0	4.000000E+0	-16.571766E+0	8.534992E+0	202.336788E-3	209.146023E-3
84.800000E+0	4.000000E+0	-16.586539E+0	8.293521E+0	196.537018E-3	203.446150E-3
84.900000E+0	4.000000E+0	-16.601077E+0	8.060944E+0	191.186666E-3	197.948456E-3
85.000000E+0	4.000000E+0	-16.614563E+0	7.861304E+0	186.048746E-3	192.831516E-3
85.100000E+0	4.000000E+0	-16.629112E+0	7.595038E+0	180.093288E-3	186.745882E-3
85.200000E+0	4.000000E+0	-16.643378E+0	7.373738E+0	174.900532E-3	181.650162E-3
85.300000E+0	4.000000E+0	-16.656766E+0	7.155252E+0	169.222593E-3	175.930023E-3
85.400000E+0	4.000000E+0	-16.672862E+0	6.905496E+0	163.782358E-3	170.477867E-3
85.500000E+0	4.000000E+0	-16.687483E+0	6.659675E+0	158.030510E-3	164.662361E-3
85.600000E+0	4.000000E+0	-16.701773E+0	6.459081E+0	153.001547E-3	159.563780E-3
85.700000E+0	4.000000E+0	-16.717348E+0	6.227636E+0	147.328138E-3	153.929710E-3
85.800000E+0	4.000000E+0	-16.729322E+0	5.976439E+0	141.253471E-3	147.708416E-3
85.900000E+0	4.000000E+0	-16.745138E+0	5.775034E+0	136.975050E-3	143.333673E-3
86.000000E+0	4.000000E+0	-16.758862E+0	5.535424E+0	130.946398E-3	137.347460E-3
86.100000E+0	4.000000E+0	-16.773433E+0	5.300045E+0	125.652552E-3	131.859779E-3
86.200000E+0	4.000000E+0	-16.788143E+0	5.071223E+0	120.034695E-3	126.337051E-3
86.300000E+0	4.000000E+0	-16.804633E+0	4.828608E+0	114.510298E-3	120.553732E-3
86.400000E+0	4.000000E+0	-16.819006E+0	4.609263E+0	109.207630E-3	115.129948E-3
86.500000E+0	4.000000E+0	-16.831208E+0	4.381180E+0	103.918552E-3	109.721661E-3
86.600000E+0	4.000000E+0	-16.847089E+0	4.168618E+0	98.602533E-3	104.353905E-3
86.700000E+0	4.000000E+0	-16.863266E+0	3.933978E+0	92.993498E-3	98.616123E-3
86.800000E+0	4.000000E+0	-16.876304E+0	3.664315E+0	87.120056E-3	92.562199E-3
86.900000E+0	4.000000E+0	-16.889259E+0	3.458083E+0	81.854820E-3	87.272644E-3
87.000000E+0	4.000000E+0	-16.902751E+0	3.221977E+0	76.606512E-3	81.873655E-3
87.100000E+0	4.000000E+0	-16.918522E+0	2.979600E+0	71.004152E-3	75.966835E-3
87.200000E+0	4.000000E+0	-16.934130E+0	2.748823E+0	65.388918E-3	70.341587E-3
87.300000E+0	4.000000E+0	-16.950760E+0	2.534509E+0	60.320854E-3	64.817190E-3
87.400000E+0	4.000000E+0	-16.962135E+0	2.309525E+0	54.631948E-3	59.138536E-3
87.500000E+0	4.000000E+0	-16.979036E+0	2.049303E+0	49.122334E-3	53.303957E-3
87.600000E+0	4.000000E+0	-16.993496E+0	1.814985E+0	43.315411E-3	47.219992E-3
87.700000E+0	4.000000E+0	-17.007485E+0	1.595604E+0	38.606644E-3	42.335510E-3
87.800000E+0	4.000000E+0	-17.020983E+0	1.361251E+0	33.357143E-3	36.521435E-3
87.900000E+0	4.000000E+0	-17.036578E+0	1.129401E+0	27.522564E-3	30.318499E-3
88.000000E+0	4.000000E+0	-17.047179E+0	930.273533E-3	23.442984E-3	25.862694E-3
88.100000E+0	4.000000E+0	-17.062798E+0	713.968277E-3	18.351555E-3	20.540476E-3
88.200000E+0	4.000000E+0	-17.075885E+0	517.082214E-3	13.640881E-3	15.066147E-3
88.300000E+0	4.000000E+0	-17.088339E+0	320.303440E-3	9.148598E-3	10.266066E-3
88.400000E+0	4.000000E+0	-17.099881E+0	97.763538E-3	3.730774E-3	4.052401E-3
88.500000E+0	4.000000E+0	-17.103270E+0	43.094158E-3	3.087759E-3	3.281116E-3
88.600000E+0	4.000000E+0	-17.107025E+0	61.833858E-3	2.897263E-3	3.186464E-3
88.700000E+0	4.000000E+0	-17.106179E+0	40.805340E-3	2.836227E-3	3.008127E-3
88.800000E+0	4.000000E+0	-17.105177E+0	5.841255E-3	2.192497E-3	2.488375E-3
88.900000E+0	4.000000E+0	-17.107308E+0	32.699108E-3	2.367258E-3	2.610207E-3
89.000000E+0	4.000000E+0	-17.106647E+0	44.524670E-3	2.271652E-3	2.694845E-3
89.100000E+0	4.000000E+0	-17.106647E+0	16.641617E-3	2.450943E-3	2.465248E-3
89.200000E+0	4.000000E+0	-17.107183E+0	16.403198E-3	2.072811E-3	2.370834E-3
89.300000E+0	4.000000E+0	-17.107430E+0	29.373169E-3	2.213001E-3	2.701521E-3
89.400000E+0	4.000000E+0	-17.108187E+0	26.023388E-3	2.143860E-3	2.347469E-3
89.500000E+0	4.000000E+0	-17.107064E+0	34.630299E-3	2.001286E-3	2.397060E-3
89.600000E+0	4.000000E+0	-17.106924E+0	8.273125E-3	1.821041E-3	1.886368E-3
89.700000E+0	4.000000E+0	-17.110640E+0	23.341179E-3	1.783848E-3	2.130985E-3
89.800000E+0	4.000000E+0	-17.108199E+0	15.270710E-3	1.982927E-3	1.987696E-3
89.900000E+0	4.000000E+0	-17.108095E+0	28.502941E-3	1.644135E-3	2.072096E-3
90.000000E+0	4.000000E+0	-17.108852E+0	44.047832E-3	1.842737E-3	2.174854E-3
90.100000E+0	4.000000E+0	-17.108208E+0	45.776367E-3	1.566887E-3	2.030849E-3
90.200000E+0	4.000000E+0	-17.108667E+0	6.115437E-3	1.626730E-3	1.813173E-3
90.300000E+0	4.000000E+0	-17.108789E+0	19.001961E-3	1.902819E-3	2.110958E-3
90.400000E+0	4.000000E+0	-17.107958E+0	20.766258E-3	1.779318E-3	2.016306E-3
90.500000E+0	4.000000E+0	-17.108205E+0	8.583069E-3	1.801729E-3	1.836061E-3
90.600000E+0	4.000000E+0	-17.109156E+0	12.481213E-3	1.485586E-3	1.779795E-3
90.700000E+0	4.000000E+0	-17.108807E+0	4.625320E-3	1.869678E-3	1.791954E-3
90.800000E+0	4.000000E+0	-17.110345E+0	17.893314E-3	1.385450E-3	1.664162E-3
90.900000E+0	4.000000E+0	-17.109275E+0	27.704239E-3	1.599550E-3	2.057314E-3
91.000000E+0	4.000000E+0	-17.108533E+0	822.544098E-6	1.310110E-3	1.627922E-3
91.100000E+0	4.000000E+0	-17.108852E+0	17.917156E-3	1.650572E-3	1.812458E-3
91.200000E+0	4.000000E+0	-17.110056E+0	35.452843E-3	1.334906E-3	1.671076E-3
91.300000E+0	4.000000E+0	-17.113871E+0	26.249886E-3	1.462460E-3	1.798391E-3
91.400000E+0	4.000000E+0	-17.109266E+0	40.221214E-3	1.571417E-3	1.995564E-3
91.500000E+0	4.000000E+0	-17.109049E+0	23.031235E-3	1.304626E-3	1.616955E-3
91.600000E+0	4.000000E+0	-17.109335E+0	345.706940E-6	1.295328E-3	1.331806E-3
91.700000E+0	4.000000E+0	-17.109984E+0	-3.439188E-3	1.272440E-3	1.567602E-3
91.800000E+0	4.000000E+0	-17.113531E+0	23.376942E-3	1.171827E-3	1.667738E-3
91.900000E+0	4.000000E+0	-17.110250E+0	822.544098E-6	1.166582E-3	1.382351E-3
92.000000E+0	4.000000E+0	-17.113531E+0	-11.527538E-3	835.180283E-6	862.836838E-6
92.100000E+0	4.000000E+0	-17.109204E+0	17.046928E-3	1.169682E-3	1.449585E-3
92.200000E+0	4.000000E+0	-17.108050E+0	5.495548E-3	1.100540E-3	1.235962E-3
92.300000E+0	4.000000E+0	-17.109230E+0	-9.447336E-3	1.124382E-3	1.229286E-3
92.400000E+0	4.000000E+0	-17.109835E+0	17.237663E-3	1.310349E-3	1.644850E-3
92.500000E+0	4.000000E+0	-17.110136E+0	32.258034E-3	1.078606E-3	1.295090E-3
92.600000E+0	4.000000E+0	-17.111001E+0	584.125519E-6	985.860825E-6	1.220465E-3
92.700000E+0	4.000000E+0	-17.111409E+0	15.795231E-3	1.273632E-3	1.485109E-3
92.800000E+0	4.000000E+0	-17.110333E+0	17.106533E-3	1.151800E-3	1.346350E-3
92.900000E+0	4.000000E+0	-17.110726E+0	18.382072E-3	1.151323E-3	1.313686E-3
