Program version:	Fatigue ver. 4.0
Date and time:	03-08-2015 09:22:46
Operator:	sras
Project ID:	44055 I-1
Sample ID:	EQA02-04
	
Mode of operation:	Ten-ten
Low load setpoint [kN]:	0.000000
Displacement rate [mm/s]:	0.030000
Sample rate [Hz]:	10.000000
Procentage of E-max [%]:	90.000000
Sample width [mm]:	25.190000
Sample thickness [mm]:	4.250000
Strain sensor:	Extensometer
Number of strain sensors:	2
Channel configuration:	0 6 1,1,0,0,0,0 1,4,1,2,3,4
	
Machine SN:	88R1342
Load cell SN:	UK 054
Load cell [kN]:	100.000000
Extensometer 1 SN:	2026
Gauge length 1 [mm]:	50.000000
Full scale 1 [%]:	2.000000
Extensometer 2 SN:	2084
Gauge length 2 [mm]:	50.000000
Full scale 2 [%]:	2.000000
	
Modulus estimate from [%]:	0.050000
Modulus estimate to [%]:	0.250000
Strain correction a1 [%]:	-0.002626
Strain correction a2 [%]:	-0.002469
Strain correction b1 [%]:	0.006862
Strain correction b2 [%]:	0.053010
Modulus a [GPa]:	38.707110
Modulus b [GPa]:	38.500785
Difference [%]:	-0.535897
Modulus a1 [GPa]:	38.501064
Modulus b1 [GPa]:	38.398002
Modulus a2 [GPa]:	38.913526
Modulus b2 [GPa]:	38.601589
Max strain [%]:	0.810726
Max stress [MPa]:	313.815594
	
	
Time [ms]	State	Position [mm]	Load [kN]	Strain1 [%]	Strain2 [%]
0.000000E+0	1.000000E+0	-26.482854E+0	-22.000074E-3	-128.030777E-6	-253.677368E-6
100.000000E-3	1.000000E+0	-26.484147E+0	-22.894144E-3	-638.246536E-6	-516.891479E-6
200.000000E-3	1.000000E+0	-26.479012E+0	64.635277E-3	1.424074E-3	1.450777E-3
300.000000E-3	1.000000E+0	-26.472858E+0	158.905983E-3	3.807306E-3	3.960609E-3
400.000000E-3	1.000000E+0	-26.468078E+0	228.464603E-3	5.527735E-3	5.920410E-3
500.000000E-3	1.000000E+0	-26.466951E+0	289.607048E-3	6.397963E-3	6.586552E-3
600.000000E-3	1.000000E+0	-26.464704E+0	337.421894E-3	7.845879E-3	8.115053E-3
700.000000E-3	1.000000E+0	-26.458833E+0	409.305096E-3	9.540319E-3	9.868622E-3
800.000000E-3	1.000000E+0	-26.459018E+0	397.670269E-3	9.675741E-3	10.006666E-3
900.000000E-3	1.000000E+0	-26.454085E+0	486.457348E-3	11.592627E-3	12.105227E-3
1.000000E+0	1.000000E+0	-26.452196E+0	490.176678E-3	11.889935E-3	12.225151E-3
1.100000E+0	1.000000E+0	-26.449016E+0	594.055653E-3	13.970137E-3	14.410019E-3
1.200000E+0	1.000000E+0	-26.447735E+0	641.191006E-3	14.749765E-3	15.243053E-3
1.300000E+0	1.000000E+0	-26.441610E+0	751.578808E-3	17.412424E-3	17.838955E-3
1.400000E+0	1.000000E+0	-26.440317E+0	737.857819E-3	17.176867E-3	17.871618E-3
1.500000E+0	1.000000E+0	-26.438615E+0	774.192810E-3	18.318653E-3	18.839121E-3
1.600000E+0	1.000000E+0	-26.435683E+0	826.632977E-3	19.350529E-3	19.942999E-3
1.700000E+0	1.000000E+0	-26.432303E+0	884.425640E-3	20.915031E-3	21.563768E-3
1.800000E+0	1.000000E+0	-26.428926E+0	955.557823E-3	22.441626E-3	23.193836E-3
1.900000E+0	1.000000E+0	-26.424432E+0	1.028264E+0	24.138927E-3	24.816513E-3
2.000000E+0	1.000000E+0	-26.423014E+0	1.080394E+0	25.152683E-3	25.879145E-3
2.100000E+0	1.000000E+0	-26.420045E+0	1.112008E+0	26.208878E-3	26.980639E-3
2.200000E+0	1.000000E+0	-26.416561E+0	1.180589E+0	27.595282E-3	28.349638E-3
2.300000E+0	1.000000E+0	-26.411665E+0	1.254916E+0	29.118299E-3	29.996634E-3
2.400000E+0	1.000000E+0	-26.411596E+0	1.256096E+0	29.447079E-3	30.200720E-3
2.500000E+0	1.000000E+0	-26.407460E+0	1.317477E+0	30.652523E-3	31.466007E-3
2.600000E+0	1.000000E+0	-26.404956E+0	1.392674E+0	32.419443E-3	33.419371E-3
2.700000E+0	1.000000E+0	-26.402852E+0	1.423061E+0	33.310413E-3	34.153223E-3
2.800000E+0	1.000000E+0	-26.399893E+0	1.477551E+0	34.484625E-3	35.469770E-3
2.900000E+0	1.000000E+0	-26.397375E+0	1.518798E+0	35.613060E-3	36.604643E-3
3.000000E+0	1.000000E+0	-26.394210E+0	1.553512E+0	36.304474E-3	37.352324E-3
3.100000E+0	1.000000E+0	-26.392880E+0	1.599598E+0	37.322044E-3	38.249969E-3
3.200000E+0	1.000000E+0	-26.386196E+0	1.702917E+0	39.883614E-3	40.923119E-3
3.300000E+0	1.000000E+0	-26.382971E+0	1.767159E+0	41.205645E-3	42.211533E-3
3.400000E+0	1.000000E+0	-26.381037E+0	1.810682E+0	42.324305E-3	43.399811E-3
3.500000E+0	1.000000E+0	-26.376930E+0	1.871336E+0	43.691874E-3	44.631004E-3
3.600000E+0	1.000000E+0	-26.373119E+0	1.934290E+0	45.165300E-3	46.077490E-3
3.700000E+0	1.000000E+0	-26.372072E+0	1.954317E+0	45.674801E-3	46.529770E-3
3.800000E+0	1.000000E+0	-26.368523E+0	2.020764E+0	47.494888E-3	48.300743E-3
3.900000E+0	1.000000E+0	-26.366341E+0	2.076387E+0	48.702955E-3	49.319983E-3
4.000000E+0	1.000000E+0	-26.361189E+0	2.134264E+0	49.871922E-3	50.524235E-3
4.100000E+0	1.000000E+0	-26.361052E+0	2.143562E+0	50.341129E-3	50.894976E-3
4.200000E+0	1.000000E+0	-26.355607E+0	2.218163E+0	51.690102E-3	52.190065E-3
4.300000E+0	1.000000E+0	-26.352403E+0	2.314579E+0	54.234743E-3	54.678440E-3
4.400000E+0	1.000000E+0	-26.350710E+0	2.335119E+0	54.578781E-3	54.823160E-3
4.500000E+0	1.000000E+0	-26.344332E+0	2.420771E+0	56.794405E-3	57.235718E-3
4.600000E+0	1.000000E+0	-26.347492E+0	2.377236E+0	55.881262E-3	56.241035E-3
4.700000E+0	1.000000E+0	-26.341486E+0	2.496612E+0	58.115244E-3	58.448553E-3
4.800000E+0	1.000000E+0	-26.337999E+0	2.536643E+0	59.390783E-3	59.668541E-3
4.900000E+0	1.000000E+0	-26.336679E+0	2.574313E+0	60.436964E-3	60.685873E-3
5.000000E+0	1.000000E+0	-26.332531E+0	2.615201E+0	61.511278E-3	61.595201E-3
5.100000E+0	1.000000E+0	-26.329771E+0	2.676904E+0	63.081503E-3	63.184261E-3
5.200000E+0	1.000000E+0	-26.324708E+0	2.774131E+0	65.075874E-3	65.219164E-3
5.300000E+0	1.000000E+0	-26.322827E+0	2.791095E+0	65.358877E-3	65.265656E-3
5.400000E+0	1.000000E+0	-26.319713E+0	2.858853E+0	66.785336E-3	66.758156E-3
5.500000E+0	1.000000E+0	-26.316819E+0	2.925229E+0	68.621159E-3	68.729401E-3
5.600000E+0	1.000000E+0	-26.314736E+0	2.941704E+0	69.101334E-3	69.007397E-3
5.700000E+0	1.000000E+0	-26.312146E+0	2.996016E+0	70.275784E-3	70.130587E-3
5.800000E+0	1.000000E+0	-26.310885E+0	3.026736E+0	71.119785E-3	71.022034E-3
5.900000E+0	1.000000E+0	-26.304070E+0	3.113389E+0	73.124409E-3	72.996616E-3
6.000000E+0	1.000000E+0	-26.301232E+0	3.181386E+0	74.517965E-3	74.393034E-3
6.100000E+0	1.000000E+0	-26.299340E+0	3.208065E+0	75.464249E-3	75.310707E-3
6.200000E+0	1.000000E+0	-26.295245E+0	3.270948E+0	76.615810E-3	76.422691E-3
6.300000E+0	1.000000E+0	-26.292098E+0	3.357303E+0	78.859568E-3	78.483343E-3
6.400000E+0	1.000000E+0	-26.289997E+0	3.365779E+0	79.159021E-3	78.727007E-3
6.500000E+0	1.000000E+0	-26.289097E+0	3.413284E+0	80.475092E-3	80.113173E-3
6.600000E+0	1.000000E+0	-26.284042E+0	3.494835E+0	81.977844E-3	81.520081E-3
6.700000E+0	1.000000E+0	-26.282329E+0	3.474712E+0	81.909180E-3	81.470251E-3
6.800000E+0	1.000000E+0	-26.281003E+0	3.514659E+0	83.097696E-3	82.492590E-3
6.900000E+0	1.000000E+0	-26.275808E+0	3.608751E+0	85.055828E-3	84.361553E-3
7.000000E+0	1.000000E+0	-26.270840E+0	3.667033E+0	86.428165E-3	85.831404E-3
7.100000E+0	1.000000E+0	-26.271636E+0	3.686380E+0	86.780310E-3	86.090326E-3
7.200000E+0	1.000000E+0	-26.265893E+0	3.791142E+0	89.216232E-3	88.540077E-3
7.300000E+0	1.000000E+0	-26.264525E+0	3.816628E+0	90.367556E-3	89.456797E-3
7.400000E+0	1.000000E+0	-26.259032E+0	3.884518E+0	91.531754E-3	90.760708E-3
7.500000E+0	1.000000E+0	-26.258254E+0	3.922522E+0	92.592478E-3	91.634035E-3
7.600000E+0	1.000000E+0	-26.253453E+0	3.983176E+0	93.630552E-3	92.613459E-3
7.700000E+0	1.000000E+0	-26.250083E+0	4.045928E+0	95.743895E-3	94.541073E-3
7.800000E+0	1.000000E+0	-26.248131E+0	4.102612E+0	96.772671E-3	95.580339E-3
7.900000E+0	1.000000E+0	-26.247672E+0	4.127884E+0	97.155571E-3	95.916271E-3
8.000000E+0	1.000000E+0	-26.242310E+0	4.181516E+0	98.629236E-3	97.428083E-3
8.100000E+0	1.000000E+0	-26.237890E+0	4.235864E+0	100.068808E-3	98.700285E-3
8.200000E+0	1.000000E+0	-26.234606E+0	4.300344E+0	101.575613E-3	100.205183E-3
8.300000E+0	1.000000E+0	-26.232103E+0	4.394329E+0	103.661060E-3	102.189541E-3
8.400000E+0	1.000000E+0	-26.229215E+0	4.423428E+0	104.299068E-3	102.912426E-3
8.500000E+0	1.000000E+0	-26.225740E+0	4.483640E+0	105.719805E-3	104.234219E-3
8.600000E+0	1.000000E+0	-26.221621E+0	4.494512E+0	106.411219E-3	104.878426E-3
8.700000E+0	1.000000E+0	-26.221511E+0	4.551649E+0	107.584476E-3	105.958939E-3
8.800000E+0	1.000000E+0	-26.219651E+0	4.580915E+0	107.982874E-3	106.349468E-3
8.900000E+0	1.000000E+0	-26.213476E+0	4.645336E+0	109.975815E-3	108.345747E-3
9.000000E+0	1.000000E+0	-26.210010E+0	4.717004E+0	111.607790E-3	109.893084E-3
9.100000E+0	1.000000E+0	-26.209247E+0	4.761434E+0	112.571716E-3	110.711336E-3
9.200000E+0	1.000000E+0	-26.208017E+0	4.780388E+0	113.019705E-3	111.214161E-3
9.300000E+0	1.000000E+0	-26.201526E+0	4.841948E+0	114.669800E-3	112.808943E-3
9.400000E+0	1.000000E+0	-26.198775E+0	4.917097E+0	116.243362E-3	114.402056E-3
9.500000E+0	1.000000E+0	-26.198313E+0	4.940426E+0	116.677284E-3	114.802599E-3
9.600000E+0	1.000000E+0	-26.194871E+0	4.993439E+0	118.399143E-3	116.375685E-3
9.700000E+0	1.000000E+0	-26.190937E+0	5.050206E+0	119.539738E-3	117.484570E-3
9.800000E+0	1.000000E+0	-26.186264E+0	5.124879E+0	121.272564E-3	119.187355E-3
9.900000E+0	1.000000E+0	-26.186628E+0	5.139959E+0	121.704340E-3	119.517565E-3
10.000000E+0	1.000000E+0	-26.182086E+0	5.193210E+0	123.358965E-3	121.119976E-3
10.100000E+0	1.000000E+0	-26.176018E+0	5.290008E+0	125.330210E-3	123.177767E-3
10.200000E+0	1.000000E+0	-26.176128E+0	5.298507E+0	125.482082E-3	123.303890E-3
10.300000E+0	1.000000E+0	-26.173768E+0	5.347490E+0	126.542330E-3	124.368906E-3
10.400000E+0	1.000000E+0	-26.173038E+0	5.353928E+0	126.960039E-3	124.762535E-3
10.500000E+0	1.000000E+0	-26.168260E+0	5.437040E+0	129.019499E-3	126.673222E-3
10.600000E+0	1.000000E+0	-26.164440E+0	5.503464E+0	130.516529E-3	128.346443E-3
10.700000E+0	1.000000E+0	-26.163274E+0	5.533683E+0	131.087303E-3	129.065990E-3
10.800000E+0	1.000000E+0	-26.159555E+0	5.580592E+0	132.560968E-3	130.472422E-3
10.900000E+0	1.000000E+0	-26.155308E+0	5.672479E+0	134.395361E-3	132.338047E-3
11.000000E+0	1.000000E+0	-26.153201E+0	5.700719E+0	135.201931E-3	133.225441E-3
11.100000E+0	1.000000E+0	-26.151908E+0	5.755365E+0	136.520147E-3	134.399652E-3
11.200000E+0	1.000000E+0	-26.145304E+0	5.823576E+0	138.159037E-3	136.313677E-3
11.300000E+0	1.000000E+0	-26.143778E+0	5.869114E+0	139.319181E-3	137.307405E-3
11.400000E+0	1.000000E+0	-26.140562E+0	5.920446E+0	140.486479E-3	138.509035E-3
11.500000E+0	1.000000E+0	-26.136455E+0	5.991507E+0	142.421246E-3	140.382290E-3
11.600000E+0	1.000000E+0	-26.133532E+0	6.019378E+0	142.936945E-3	141.075850E-3
11.700000E+0	1.000000E+0	-26.131952E+0	6.075668E+0	144.150972E-3	142.209291E-3
11.800000E+0	1.000000E+0	-26.129070E+0	6.109142E+0	145.416975E-3	143.374920E-3
11.900000E+0	1.000000E+0	-26.123414E+0	6.216192E+0	147.424698E-3	145.599365E-3
12.000000E+0	1.000000E+0	-26.123733E+0	6.213415E+0	147.397757E-3	145.625830E-3
12.100000E+0	1.000000E+0	-26.119286E+0	6.283975E+0	149.166107E-3	147.227049E-3
12.200000E+0	1.000000E+0	-26.116810E+0	6.351268E+0	150.946617E-3	149.109840E-3
12.300000E+0	1.000000E+0	-26.112071E+0	6.390071E+0	151.977301E-3	150.171757E-3
12.400000E+0	1.000000E+0	-26.109675E+0	6.433713E+0	153.094530E-3	151.306391E-3
12.500000E+0	1.000000E+0	-26.104686E+0	6.495929E+0	154.443741E-3	152.463913E-3
12.600000E+0	1.000000E+0	-26.104293E+0	6.504655E+0	154.865742E-3	152.907848E-3
12.700000E+0	1.000000E+0	-26.101312E+0	6.573308E+0	156.816959E-3	154.754877E-3
12.800000E+0	1.000000E+0	-26.099241E+0	6.600106E+0	157.209635E-3	155.214787E-3
12.900000E+0	1.000000E+0	-26.096881E+0	6.667626E+0	158.216953E-3	156.327724E-3
13.000000E+0	1.000000E+0	-26.094228E+0	6.691825E+0	159.291983E-3	157.361031E-3
13.100000E+0	1.000000E+0	-26.089907E+0	6.752670E+0	161.028862E-3	159.033775E-3
13.200000E+0	1.000000E+0	-26.086027E+0	6.830704E+0	162.483692E-3	160.620689E-3
13.300000E+0	1.000000E+0	-26.081282E+0	6.896615E+0	164.213896E-3	162.424088E-3
13.400000E+0	1.000000E+0	-26.078260E+0	6.953311E+0	165.639877E-3	163.624048E-3
13.500000E+0	1.000000E+0	-26.078874E+0	6.953537E+0	165.730238E-3	163.804293E-3
13.600000E+0	1.000000E+0	-26.075617E+0	7.014513E+0	167.228460E-3	165.354490E-3
13.700000E+0	1.000000E+0	-26.071531E+0	7.061267E+0	168.356895E-3	166.479111E-3
13.800000E+0	1.000000E+0	-26.069245E+0	7.098567E+0	169.307947E-3	167.602539E-3
13.900000E+0	1.000000E+0	-26.065448E+0	7.150865E+0	170.554638E-3	168.652534E-3
14.000000E+0	1.000000E+0	-26.064909E+0	7.166183E+0	171.214104E-3	169.413805E-3
14.100000E+0	1.000000E+0	-26.060453E+0	7.246065E+0	172.733068E-3	170.973063E-3
14.200000E+0	1.000000E+0	-26.057902E+0	7.290685E+0	173.902750E-3	172.240734E-3
14.300000E+0	1.000000E+0	-26.051471E+0	7.377112E+0	176.394701E-3	174.724579E-3
14.400000E+0	1.000000E+0	-26.052213E+0	7.407415E+0	176.546812E-3	174.759626E-3
14.500000E+0	1.000000E+0	-26.047638E+0	7.466149E+0	178.431988E-3	176.798820E-3
14.600000E+0	1.000000E+0	-26.044006E+0	7.534170E+0	180.004597E-3	178.214550E-3
14.700000E+0	1.000000E+0	-26.042062E+0	7.542729E+0	180.142879E-3	178.406000E-3
14.800000E+0	1.000000E+0	-26.039493E+0	7.608199E+0	181.788683E-3	180.198431E-3
14.900000E+0	1.000000E+0	-26.035446E+0	7.675028E+0	183.407068E-3	181.894302E-3
15.000000E+0	1.000000E+0	-26.032469E+0	7.725513E+0	184.653997E-3	183.002472E-3
15.100000E+0	1.000000E+0	-26.030371E+0	7.738531E+0	185.030460E-3	183.457375E-3
15.200000E+0	1.000000E+0	-26.023728E+0	7.849348E+0	187.544823E-3	186.004639E-3
15.300000E+0	1.000000E+0	-26.021254E+0	7.895732E+0	188.983917E-3	187.452316E-3
15.400000E+0	1.000000E+0	-26.021171E+0	7.911730E+0	189.222097E-3	187.589645E-3
15.500000E+0	1.000000E+0	-26.015807E+0	7.970119E+0	190.915585E-3	189.281940E-3
15.600000E+0	1.000000E+0	-26.015112E+0	7.994497E+0	191.165924E-3	189.654589E-3
15.700000E+0	1.000000E+0	-26.011899E+0	8.026052E+0	192.192316E-3	190.597057E-3
15.800000E+0	1.000000E+0	-26.008600E+0	8.106291E+0	194.195747E-3	192.525864E-3
15.900000E+0	1.000000E+0	-26.004389E+0	8.168530E+0	195.389032E-3	193.609476E-3
16.000000E+0	1.000000E+0	-26.003534E+0	8.212686E+0	196.458340E-3	194.730043E-3
16.100000E+0	1.000000E+0	-25.998456E+0	8.280051E+0	198.101282E-3	196.233034E-3
16.200000E+0	1.000000E+0	-25.996033E+0	8.295357E+0	198.668242E-3	196.833372E-3
16.300000E+0	1.000000E+0	-25.993735E+0	8.350611E+0	199.761868E-3	197.724342E-3
16.400000E+0	1.000000E+0	-25.989688E+0	8.434451E+0	201.646805E-3	199.604273E-3
16.500000E+0	1.000000E+0	-25.986544E+0	8.475351E+0	202.873468E-3	200.776815E-3
16.600000E+0	1.000000E+0	-25.983850E+0	8.532131E+0	204.274178E-3	202.109337E-3
16.700000E+0	1.000000E+0	-25.981817E+0	8.559060E+0	205.116272E-3	202.963591E-3
16.800000E+0	1.000000E+0	-25.979263E+0	8.607590E+0	206.022501E-3	203.915596E-3
16.900000E+0	1.000000E+0	-25.974250E+0	8.664346E+0	207.858562E-3	205.539465E-3
17.000000E+0	1.000000E+0	-25.973437E+0	8.711541E+0	208.843708E-3	206.657410E-3
17.100000E+0	1.000000E+0	-25.970009E+0	8.751035E+0	209.852934E-3	207.613707E-3
17.200000E+0	1.000000E+0	-25.966543E+0	8.787525E+0	210.906029E-3	208.519459E-3
17.300000E+0	1.000000E+0	-25.964150E+0	8.848155E+0	212.127686E-3	209.722519E-3
17.400000E+0	1.000000E+0	-25.961224E+0	8.887458E+0	213.267803E-3	210.673571E-3
17.500000E+0	1.000000E+0	-25.957156E+0	8.967996E+0	215.094566E-3	212.535381E-3
17.600000E+0	1.000000E+0	-25.952861E+0	9.038639E+0	216.428518E-3	213.947296E-3
17.700000E+0	1.000000E+0	-25.951639E+0	9.063637E+0	217.323780E-3	214.823961E-3
17.800000E+0	1.000000E+0	-25.949479E+0	9.091544E+0	218.259096E-3	215.746641E-3
17.900000E+0	1.000000E+0	-25.942922E+0	9.169471E+0	220.463753E-3	217.947006E-3
18.000000E+0	1.000000E+0	-25.942156E+0	9.192491E+0	220.587730E-3	218.281269E-3
18.100000E+0	1.000000E+0	-25.939018E+0	9.273589E+0	222.323418E-3	219.999313E-3
18.200000E+0	1.000000E+0	-25.937271E+0	9.296024E+0	223.125935E-3	220.742702E-3
18.300000E+0	1.000000E+0	-25.936419E+0	9.315729E+0	223.649263E-3	221.340895E-3
18.400000E+0	1.000000E+0	-25.930000E+0	9.411240E+0	226.027727E-3	223.700285E-3
18.500000E+0	1.000000E+0	-25.928367E+0	9.439433E+0	226.910591E-3	224.727154E-3
18.600000E+0	1.000000E+0	-25.924304E+0	9.473038E+0	227.663755E-3	225.499392E-3
18.700000E+0	1.000000E+0	-25.919873E+0	9.562087E+0	229.801893E-3	227.599859E-3
18.800000E+0	1.000000E+0	-25.919268E+0	9.592736E+0	230.662107E-3	228.548527E-3
18.900000E+0	1.000000E+0	-25.914035E+0	9.658289E+0	232.030869E-3	230.053186E-3
19.000000E+0	1.000000E+0	-25.913227E+0	9.679782E+0	232.616901E-3	230.733395E-3
19.100000E+0	1.000000E+0	-25.909180E+0	9.734654E+0	234.162331E-3	232.220650E-3
19.200000E+0	1.000000E+0	-25.907129E+0	9.776819E+0	234.961033E-3	232.992649E-3
19.300000E+0	1.000000E+0	-25.906286E+0	9.849846E+0	236.524820E-3	234.812260E-3
19.400000E+0	1.000000E+0	-25.899253E+0	9.907913E+0	238.149881E-3	236.519337E-3
19.500000E+0	1.000000E+0	-25.896705E+0	9.975505E+0	239.836454E-3	238.196135E-3
19.600000E+0	1.000000E+0	-25.894982E+0	9.990978E+0	240.407467E-3	238.756657E-3
19.700000E+0	1.000000E+0	-25.891495E+0	10.036361E+0	241.487980E-3	240.031242E-3
19.800000E+0	1.000000E+0	-25.889290E+0	10.082114E+0	242.574930E-3	241.093397E-3
19.900000E+0	1.000000E+0	-25.885457E+0	10.140431E+0	243.966818E-3	242.533445E-3
20.000000E+0	1.000000E+0	-25.885913E+0	10.153842E+0	244.336605E-3	243.013859E-3
20.100000E+0	1.000000E+0	-25.879273E+0	10.219944E+0	246.084690E-3	244.745493E-3
20.200000E+0	1.000000E+0	-25.874687E+0	10.294211E+0	247.857332E-3	246.692419E-3
20.300000E+0	1.000000E+0	-25.872654E+0	10.327554E+0	248.773575E-3	247.505426E-3
20.400000E+0	1.000000E+0	-25.869394E+0	10.396302E+0	250.262022E-3	249.258518E-3
20.500000E+0	1.000000E+0	-25.868461E+0	10.411298E+0	250.568151E-3	249.547243E-3
20.600000E+0	1.000000E+0	-25.866115E+0	10.452783E+0	251.298428E-3	250.277519E-3
20.700000E+0	1.000000E+0	-25.860605E+0	10.545921E+0	253.823519E-3	252.751112E-3
20.800000E+0	1.000000E+0	-25.858266E+0	10.573089E+0	254.828930E-3	253.774881E-3
20.900000E+0	1.000000E+0	-25.855595E+0	10.615647E+0	255.492449E-3	254.388571E-3
21.000000E+0	1.000000E+0	-25.851697E+0	10.683358E+0	257.280588E-3	256.230593E-3
21.100000E+0	1.000000E+0	-25.848452E+0	10.749185E+0	258.926392E-3	258.008480E-3
21.200000E+0	1.000000E+0	-25.846008E+0	10.779560E+0	259.811401E-3	258.874893E-3
21.300000E+0	1.000000E+0	-25.842083E+0	10.854745E+0	261.247873E-3	260.339022E-3
21.400000E+0	1.000000E+0	-25.837088E+0	10.898495E+0	262.728691E-3	261.982679E-3
21.500000E+0	1.000000E+0	-25.838665E+0	10.877168E+0	262.586355E-3	261.866570E-3
21.600000E+0	1.000000E+0	-25.836209E+0	10.936415E+0	263.782024E-3	263.117075E-3
21.700000E+0	1.000000E+0	-25.827518E+0	11.065900E+0	266.667366E-3	265.986443E-3
21.800000E+0	1.000000E+0	-25.827945E+0	11.055756E+0	266.672850E-3	266.161680E-3
21.900000E+0	1.000000E+0	-25.822664E+0	11.164546E+0	269.028664E-3	268.675327E-3
22.000000E+0	1.000000E+0	-25.822732E+0	11.149371E+0	268.931150E-3	268.583059E-3
22.100000E+0	1.000000E+0	-25.821188E+0	11.166382E+0	269.696712E-3	269.460201E-3
22.200000E+0	1.000000E+0	-25.814757E+0	11.274552E+0	271.923780E-3	271.817684E-3
22.300000E+0	1.000000E+0	-25.812909E+0	11.308801E+0	272.851467E-3	272.953033E-3
22.400000E+0	1.000000E+0	-25.810054E+0	11.346138E+0	273.857832E-3	273.853064E-3
22.500000E+0	1.000000E+0	-25.808302E+0	11.411095E+0	275.173187E-3	275.355577E-3
22.600000E+0	1.000000E+0	-25.803709E+0	11.458135E+0	276.579618E-3	276.910067E-3
22.700000E+0	1.000000E+0	-25.801993E+0	11.492050E+0	277.462721E-3	277.751207E-3
22.800000E+0	1.000000E+0	-25.798291E+0	11.549258E+0	279.063940E-3	279.347897E-3
22.900000E+0	1.000000E+0	-25.796155E+0	11.573148E+0	279.675484E-3	280.108929E-3
23.000000E+0	1.000000E+0	-25.792355E+0	11.657465E+0	281.607866E-3	281.970024E-3
23.100000E+0	1.000000E+0	-25.788862E+0	11.682916E+0	282.244921E-3	282.749891E-3
23.200000E+0	1.000000E+0	-25.788463E+0	11.728406E+0	283.368826E-3	283.748627E-3
23.300000E+0	1.000000E+0	-25.783402E+0	11.770988E+0	284.786224E-3	285.273790E-3
23.400000E+0	1.000000E+0	-25.782299E+0	11.808312E+0	285.669088E-3	286.322832E-3
23.500000E+0	1.000000E+0	-25.776548E+0	11.877966E+0	286.889553E-3	287.610054E-3
23.600000E+0	1.000000E+0	-25.775075E+0	11.938322E+0	288.527966E-3	289.308071E-3
23.700000E+0	1.000000E+0	-25.771943E+0	11.987495E+0	289.710522E-3	290.602922E-3
23.800000E+0	1.000000E+0	-25.765771E+0	12.091148E+0	292.217255E-3	293.046951E-3
23.900000E+0	1.000000E+0	-25.766009E+0	12.063015E+0	291.947126E-3	292.798758E-3
24.000000E+0	1.000000E+0	-25.761620E+0	12.128782E+0	293.158770E-3	294.272661E-3
24.100000E+0	1.000000E+0	-25.760195E+0	12.177205E+0	294.442892E-3	295.410156E-3
24.200000E+0	1.000000E+0	-25.756288E+0	12.221134E+0	295.307636E-3	296.492100E-3
24.300000E+0	1.000000E+0	-25.752700E+0	12.290990E+0	297.333479E-3	298.602343E-3
24.400000E+0	1.000000E+0	-25.748971E+0	12.337422E+0	298.372269E-3	299.613714E-3
24.500000E+0	1.000000E+0	-25.747809E+0	12.375808E+0	299.210787E-3	300.581932E-3
24.600000E+0	1.000000E+0	-25.743682E+0	12.427151E+0	300.645590E-3	302.016020E-3
24.700000E+0	1.000000E+0	-25.741306E+0	12.479055E+0	302.000761E-3	303.472042E-3
24.800000E+0	1.000000E+0	-25.737867E+0	12.524664E+0	302.817345E-3	304.427147E-3
24.900000E+0	1.000000E+0	-25.733990E+0	12.570584E+0	304.482698E-3	306.123972E-3
25.000000E+0	1.000000E+0	-25.731808E+0	12.620461E+0	305.225611E-3	307.007074E-3
25.100000E+0	1.000000E+0	-25.730724E+0	12.631857E+0	305.966377E-3	307.895184E-3
25.200000E+0	1.000000E+0	-25.727380E+0	12.700260E+0	307.509422E-3	309.432983E-3
25.300000E+0	1.000000E+0	-25.721661E+0	12.793863E+0	309.720993E-3	311.627388E-3
25.400000E+0	1.000000E+0	-25.721082E+0	12.797785E+0	309.723854E-3	311.868906E-3
25.500000E+0	1.000000E+0	-25.715310E+0	12.870681E+0	311.769485E-3	313.865423E-3
25.600000E+0	1.000000E+0	-25.715584E+0	12.873983E+0	311.661005E-3	314.015150E-3
25.700000E+0	1.000000E+0	-25.712997E+0	12.935758E+0	313.499928E-3	315.732002E-3
25.800000E+0	1.000000E+0	-25.706458E+0	13.023341E+0	315.797329E-3	318.086147E-3
25.900000E+0	1.000000E+0	-25.705964E+0	13.043606E+0	316.231728E-3	318.879843E-3
26.000000E+0	1.000000E+0	-25.702101E+0	13.103640E+0	317.595959E-3	320.246696E-3
26.100000E+0	1.000000E+0	-25.699401E+0	13.137960E+0	318.275928E-3	321.024656E-3
26.200000E+0	1.000000E+0	-25.694502E+0	13.230181E+0	320.719719E-3	323.482275E-3
26.300000E+0	1.000000E+0	-25.695420E+0	13.228869E+0	320.308208E-3	323.339939E-3
26.400000E+0	1.000000E+0	-25.688479E+0	13.308918E+0	322.871923E-3	325.909615E-3
26.500000E+0	1.000000E+0	-25.686771E+0	13.353777E+0	323.663473E-3	326.810122E-3
26.600000E+0	1.000000E+0	-25.682575E+0	13.397574E+0	324.945450E-3	328.370810E-3
26.700000E+0	1.000000E+0	-25.680668E+0	13.435018E+0	325.750589E-3	329.306602E-3
26.800000E+0	1.000000E+0	-25.681073E+0	13.443708E+0	326.154232E-3	329.927921E-3
26.900000E+0	1.000000E+0	-25.676433E+0	13.520753E+0	327.920675E-3	331.661224E-3
27.000000E+0	1.000000E+0	-25.673145E+0	13.561010E+0	329.191208E-3	333.035469E-3
27.100000E+0	1.000000E+0	-25.670132E+0	13.604712E+0	329.983950E-3	334.052324E-3
27.200000E+0	1.000000E+0	-25.667432E+0	13.681865E+0	331.843853E-3	335.850716E-3
27.300000E+0	1.000000E+0	-25.662119E+0	13.744760E+0	333.384991E-3	337.616682E-3
27.400000E+0	1.000000E+0	-25.661850E+0	13.757467E+0	333.933592E-3	338.293791E-3
27.500000E+0	1.000000E+0	-25.659222E+0	13.768387E+0	334.448099E-3	338.824749E-3
27.600000E+0	1.000000E+0	-25.654480E+0	13.857067E+0	336.416483E-3	340.848446E-3
27.700000E+0	1.000000E+0	-25.651583E+0	13.923943E+0	337.875366E-3	342.300892E-3
27.800000E+0	1.000000E+0	-25.648854E+0	13.958168E+0	338.955164E-3	343.498945E-3
27.900000E+0	1.000000E+0	-25.645745E+0	14.000964E+0	339.855433E-3	344.394207E-3
28.000000E+0	1.000000E+0	-25.643662E+0	14.053786E+0	341.002703E-3	345.658064E-3
28.100000E+0	1.000000E+0	-25.639665E+0	14.091921E+0	342.241764E-3	347.081184E-3
28.200000E+0	1.000000E+0	-25.635767E+0	14.171290E+0	344.166040E-3	349.161625E-3
28.300000E+0	1.000000E+0	-25.631589E+0	14.252698E+0	346.171379E-3	351.208925E-3
28.400000E+0	1.000000E+0	-25.629714E+0	14.270949E+0	346.554518E-3	351.527929E-3
28.500000E+0	1.000000E+0	-25.627143E+0	14.332461E+0	348.217010E-3	353.489876E-3
28.600000E+0	1.000000E+0	-25.623858E+0	14.357257E+0	348.815203E-3	354.040146E-3
28.700000E+0	1.000000E+0	-25.620014E+0	14.406276E+0	350.010872E-3	355.168104E-3
28.800000E+0	1.000000E+0	-25.617561E+0	14.449382E+0	350.952864E-3	356.435299E-3
28.900000E+0	1.000000E+0	-25.616902E+0	14.453840E+0	351.487875E-3	356.984377E-3
29.000000E+0	1.000000E+0	-25.611598E+0	14.535093E+0	353.452206E-3	358.903170E-3
29.100000E+0	1.000000E+0	-25.608793E+0	14.607275E+0	354.817867E-3	360.517263E-3
29.200000E+0	1.000000E+0	-25.607950E+0	14.591730E+0	354.948044E-3	360.624075E-3
29.300000E+0	1.000000E+0	-25.602985E+0	14.675343E+0	356.776953E-3	362.545967E-3
29.400000E+0	1.000000E+0	-25.600657E+0	14.729273E+0	357.845068E-3	363.795280E-3
29.500000E+0	1.000000E+0	-25.597966E+0	14.761734E+0	358.969688E-3	365.108490E-3
29.600000E+0	1.000000E+0	-25.593955E+0	14.856827E+0	361.020088E-3	367.200375E-3
29.700000E+0	1.000000E+0	-25.591782E+0	14.902031E+0	362.246275E-3	368.511915E-3
29.800000E+0	1.000000E+0	-25.587741E+0	14.929438E+0	363.174438E-3	369.651079E-3
29.900000E+0	1.000000E+0	-25.585437E+0	14.982247E+0	364.446640E-3	370.942831E-3
30.000000E+0	1.000000E+0	-25.580785E+0	15.020669E+0	365.526438E-3	372.091770E-3
30.100000E+0	1.000000E+0	-25.577793E+0	15.080822E+0	367.228985E-3	373.959064E-3
30.200000E+0	1.000000E+0	-25.577709E+0	15.070522E+0	366.946220E-3	373.913527E-3
30.300000E+0	1.000000E+0	-25.573340E+0	15.170598E+0	369.274139E-3	376.349926E-3
30.400000E+0	1.000000E+0	-25.571591E+0	15.196574E+0	369.905949E-3	377.153873E-3
30.500000E+0	1.000000E+0	-25.567937E+0	15.257847E+0	371.433020E-3	378.961802E-3
30.600000E+0	1.000000E+0	-25.564337E+0	15.308726E+0	372.778177E-3	380.414963E-3
30.700000E+0	1.000000E+0	-25.561324E+0	15.347588E+0	373.815775E-3	381.488800E-3
30.800000E+0	1.000000E+0	-25.557927E+0	15.419436E+0	375.364542E-3	383.199930E-3
30.900000E+0	1.000000E+0	-25.554288E+0	15.441048E+0	376.211882E-3	384.142160E-3
31.000000E+0	1.000000E+0	-25.554124E+0	15.460289E+0	376.582146E-3	384.667635E-3
31.100000E+0	1.000000E+0	-25.549394E+0	15.545857E+0	378.871441E-3	386.957645E-3
31.200000E+0	1.000000E+0	-25.546086E+0	15.604019E+0	379.707575E-3	388.287306E-3
31.300000E+0	1.000000E+0	-25.542331E+0	15.640628E+0	381.222486E-3	389.847279E-3
31.400000E+0	1.000000E+0	-25.540272E+0	15.677917E+0	382.067204E-3	390.796423E-3
31.500000E+0	1.000000E+0	-25.539443E+0	15.732241E+0	383.144617E-3	392.149925E-3
31.600000E+0	1.000000E+0	-25.535420E+0	15.786695E+0	384.700775E-3	393.924236E-3
31.700000E+0	1.000000E+0	-25.531599E+0	15.821064E+0	385.964155E-3	395.375729E-3
31.800000E+0	1.000000E+0	-25.530449E+0	15.871477E+0	386.988640E-3	396.507740E-3
31.900000E+0	1.000000E+0	-25.525588E+0	15.919662E+0	388.074875E-3	397.743225E-3
32.000000E+0	1.000000E+0	-25.523559E+0	15.954030E+0	388.922691E-3	398.655891E-3
32.100000E+0	1.000000E+0	-25.519672E+0	16.016066E+0	390.366793E-3	400.235653E-3
32.200000E+0	1.000000E+0	-25.516680E+0	16.066837E+0	391.527891E-3	401.568651E-3
32.300000E+0	1.000000E+0	-25.514871E+0	16.086948E+0	392.443180E-3	402.600765E-3
32.400000E+0	1.000000E+0	-25.509727E+0	16.148400E+0	394.005299E-3	404.197454E-3
32.500000E+0	1.000000E+0	-25.506053E+0	16.223025E+0	395.544291E-3	406.144381E-3
32.600000E+0	1.000000E+0	-25.505162E+0	16.238749E+0	395.914078E-3	406.591892E-3
32.700000E+0	1.000000E+0	-25.500372E+0	16.296053E+0	397.601128E-3	408.459663E-3
32.800000E+0	1.000000E+0	-25.496671E+0	16.379225E+0	399.555445E-3	410.775900E-3
32.900000E+0	1.000000E+0	-25.494489E+0	16.412449E+0	400.243759E-3	411.706686E-3
33.000000E+0	1.000000E+0	-25.493756E+0	16.391134E+0	400.403738E-3	412.089586E-3
33.100000E+0	1.000000E+0	-25.490409E+0	16.466343E+0	401.906013E-3	413.645983E-3
33.200000E+0	1.000000E+0	-25.487593E+0	16.513050E+0	403.072357E-3	415.032387E-3
33.300000E+0	1.000000E+0	-25.483618E+0	16.573668E+0	404.387712E-3	416.464090E-3
33.400000E+0	1.000000E+0	-25.481883E+0	16.621029E+0	405.714750E-3	418.224096E-3
33.500000E+0	1.000000E+0	-25.475261E+0	16.701424E+0	407.823563E-3	420.614481E-3
33.600000E+0	1.000000E+0	-25.475067E+0	16.708136E+0	408.065796E-3	420.890808E-3
33.700000E+0	1.000000E+0	-25.471384E+0	16.787243E+0	409.605742E-3	422.760487E-3
33.800000E+0	1.000000E+0	-25.467667E+0	16.844404E+0	411.130905E-3	424.485207E-3
33.900000E+0	1.000000E+0	-25.467071E+0	16.846704E+0	411.339760E-3	424.793482E-3
34.000000E+0	1.000000E+0	-25.462631E+0	16.906297E+0	412.858486E-3	426.373959E-3
34.100000E+0	1.000000E+0	-25.459981E+0	16.965127E+0	414.518118E-3	428.352833E-3
34.200000E+0	1.000000E+0	-25.455794E+0	17.014980E+0	415.739536E-3	429.958820E-3
34.300000E+0	1.000000E+0	-25.454110E+0	17.039061E+0	416.343451E-3	430.539608E-3
34.400000E+0	1.000000E+0	-25.449181E+0	17.105210E+0	417.881727E-3	432.183027E-3
34.500000E+0	1.000000E+0	-25.449211E+0	17.155743E+0	419.061184E-3	433.583736E-3
34.600000E+0	1.000000E+0	-25.446684E+0	17.191911E+0	420.175076E-3	434.860945E-3
34.700000E+0	1.000000E+0	-25.438381E+0	17.271721E+0	421.995640E-3	437.125206E-3
34.800000E+0	1.000000E+0	-25.438211E+0	17.260909E+0	422.140598E-3	437.308788E-3
34.900000E+0	1.000000E+0	-25.435365E+0	17.329395E+0	423.505783E-3	438.925028E-3
35.000000E+0	1.000000E+0	-25.431785E+0	17.388034E+0	425.065041E-3	440.629721E-3
35.100000E+0	1.000000E+0	-25.429008E+0	17.421651E+0	426.010370E-3	441.640854E-3
35.200000E+0	1.000000E+0	-25.426412E+0	17.473650E+0	426.980734E-3	442.980289E-3
35.300000E+0	1.000000E+0	-25.421983E+0	17.513049E+0	428.202152E-3	444.442987E-3
35.400000E+0	1.000000E+0	-25.420669E+0	17.573428E+0	429.704189E-3	445.942163E-3
35.500000E+0	1.000000E+0	-25.416279E+0	17.638946E+0	431.175947E-3	447.503805E-3
35.600000E+0	1.000000E+0	-25.414506E+0	17.670226E+0	432.395458E-3	448.835611E-3
35.700000E+0	1.000000E+0	-25.409034E+0	17.721379E+0	433.653831E-3	450.138807E-3
35.800000E+0	1.000000E+0	-25.408894E+0	17.737448E+0	434.067488E-3	450.692892E-3
35.900000E+0	1.000000E+0	-25.404376E+0	17.807686E+0	435.528040E-3	452.265978E-3
36.000000E+0	1.000000E+0	-25.403932E+0	17.846346E+0	436.527252E-3	453.277111E-3
36.100000E+0	1.000000E+0	-25.399638E+0	17.913330E+0	438.222170E-3	455.244780E-3
36.200000E+0	1.000000E+0	-25.399194E+0	17.916727E+0	438.405275E-3	455.444574E-3
36.300000E+0	1.000000E+0	-25.393820E+0	17.981124E+0	440.020084E-3	457.015514E-3
36.400000E+0	1.000000E+0	-25.391609E+0	17.993414E+0	440.515518E-3	457.637310E-3
36.500000E+0	1.000000E+0	-25.387586E+0	18.068838E+0	442.458868E-3	459.452868E-3
36.600000E+0	1.000000E+0	-25.385687E+0	18.106306E+0	443.527222E-3	460.581303E-3
36.700000E+0	1.000000E+0	-25.380662E+0	18.181562E+0	445.186615E-3	462.190390E-3
36.800000E+0	1.000000E+0	-25.379148E+0	18.220043E+0	445.886850E-3	463.053465E-3
36.900000E+0	1.000000E+0	-25.376764E+0	18.253028E+0	446.831465E-3	463.860750E-3
37.000000E+0	1.000000E+0	-25.373134E+0	18.305624E+0	448.358059E-3	465.568066E-3
37.100000E+0	1.000000E+0	-25.366935E+0	18.387520E+0	450.324059E-3	467.605829E-3
37.200000E+0	1.000000E+0	-25.366354E+0	18.410516E+0	451.034546E-3	468.224525E-3
37.300000E+0	1.000000E+0	-25.363714E+0	18.456841E+0	452.054024E-3	469.496489E-3
37.400000E+0	1.000000E+0	-25.358871E+0	18.515575E+0	453.824997E-3	470.937014E-3
37.500000E+0	1.000000E+0	-25.358409E+0	18.540454E+0	454.235077E-3	471.522331E-3
37.600000E+0	1.000000E+0	-25.353480E+0	18.609428E+0	455.955982E-3	473.140240E-3
37.700000E+0	1.000000E+0	-25.350309E+0	18.626761E+0	456.829548E-3	473.985910E-3
37.800000E+0	1.000000E+0	-25.347561E+0	18.736362E+0	459.099531E-3	476.325512E-3
37.900000E+0	1.000000E+0	-25.346038E+0	18.704975E+0	458.673000E-3	475.884199E-3
38.000000E+0	1.000000E+0	-25.342068E+0	18.787408E+0	460.590601E-3	477.812290E-3
38.100000E+0	1.000000E+0	-25.342211E+0	18.804848E+0	461.062193E-3	478.144169E-3
38.200000E+0	1.000000E+0	-25.334674E+0	18.904078E+0	463.429213E-3	480.484247E-3
38.300000E+0	1.000000E+0	-25.334090E+0	18.908846E+0	463.677168E-3	480.771542E-3
38.400000E+0	1.000000E+0	-25.329560E+0	18.979442E+0	465.153217E-3	482.135296E-3
38.500000E+0	1.000000E+0	-25.326303E+0	19.025981E+0	466.498375E-3	483.479261E-3
38.600000E+0	1.000000E+0	-25.324273E+0	19.046223E+0	467.227459E-3	484.165430E-3
38.700000E+0	1.000000E+0	-25.322402E+0	19.093823E+0	468.195200E-3	485.122919E-3
38.800000E+0	1.000000E+0	-25.317657E+0	19.166958E+0	470.247030E-3	487.024069E-3
38.900000E+0	1.000000E+0	-25.319004E+0	19.162023E+0	470.171213E-3	486.986637E-3
39.000000E+0	1.000000E+0	-25.310088E+0	19.269323E+0	472.567320E-3	489.403486E-3
39.100000E+0	1.000000E+0	-25.309524E+0	19.304574E+0	473.508835E-3	490.371943E-3
39.200000E+0	1.000000E+0	-25.307289E+0	19.337440E+0	474.326372E-3	491.168499E-3
39.300000E+0	1.000000E+0	-25.303427E+0	19.362235E+0	475.143671E-3	491.989613E-3
39.400000E+0	1.000000E+0	-25.302926E+0	19.405568E+0	476.393461E-3	493.325949E-3
39.500000E+0	1.000000E+0	-25.297037E+0	19.473052E+0	478.093863E-3	494.941711E-3
39.600000E+0	1.000000E+0	-25.295189E+0	19.483256E+0	478.688240E-3	495.520353E-3
39.700000E+0	1.000000E+0	-25.291178E+0	19.588327E+0	480.851412E-3	497.655869E-3
39.800000E+0	1.000000E+0	-25.290367E+0	19.601178E+0	481.383085E-3	498.217106E-3
39.900000E+0	1.000000E+0	-25.283623E+0	19.702315E+0	483.629704E-3	500.379801E-3
40.000000E+0	1.000000E+0	-25.285337E+0	19.691980E+0	483.832359E-3	500.479460E-3
40.100000E+0	1.000000E+0	-25.277934E+0	19.773376E+0	485.388279E-3	502.232552E-3
40.200000E+0	1.000000E+0	-25.275872E+0	19.792557E+0	486.175537E-3	502.995729E-3
40.300000E+0	1.000000E+0	-25.274834E+0	19.833767E+0	487.243176E-3	503.840923E-3
40.400000E+0	1.000000E+0	-25.271717E+0	19.862223E+0	487.950325E-3	504.711151E-3
40.500000E+0	1.000000E+0	-25.268162E+0	19.938982E+0	489.605904E-3	506.585121E-3
40.600000E+0	1.000000E+0	-25.261712E+0	20.017111E+0	492.034435E-3	508.829355E-3
40.700000E+0	1.000000E+0	-25.259880E+0	20.052361E+0	492.618322E-3	509.338856E-3
40.800000E+0	1.000000E+0	-25.257334E+0	20.080531E+0	493.353605E-3	510.300398E-3
40.900000E+0	1.000000E+0	-25.257051E+0	20.115924E+0	494.002581E-3	510.897398E-3
41.000000E+0	1.000000E+0	-25.253669E+0	20.154595E+0	495.237589E-3	512.222767E-3
41.100000E+0	1.000000E+0	-25.246349E+0	20.252562E+0	497.919321E-3	514.677525E-3
41.200000E+0	1.000000E+0	-25.245908E+0	20.271814E+0	498.434067E-3	515.221596E-3
41.300000E+0	1.000000E+0	-25.242588E+0	20.345509E+0	499.860048E-3	516.820908E-3
41.400000E+0	1.000000E+0	-25.241924E+0	20.330870E+0	499.917984E-3	516.725779E-3
41.500000E+0	1.000000E+0	-25.236595E+0	20.419610E+0	502.114773E-3	518.970251E-3
41.600000E+0	1.000000E+0	-25.234664E+0	20.445335E+0	502.685308E-3	519.687653E-3
41.700000E+0	1.000000E+0	-25.229577E+0	20.536840E+0	505.143642E-3	521.958828E-3
41.800000E+0	1.000000E+0	-25.229964E+0	20.529866E+0	505.241632E-3	522.054672E-3
41.900000E+0	1.000000E+0	-25.225595E+0	20.572233E+0	506.375790E-3	523.213387E-3
42.000000E+0	1.000000E+0	-25.220824E+0	20.669687E+0	508.381605E-3	525.298595E-3
42.100000E+0	1.000000E+0	-25.217140E+0	20.716178E+0	509.652853E-3	526.482344E-3
42.200000E+0	1.000000E+0	-25.216633E+0	20.731938E+0	510.069370E-3	526.890278E-3
42.300000E+0	1.000000E+0	-25.213141E+0	20.784807E+0	511.537552E-3	528.370380E-3
42.400000E+0	1.000000E+0	-25.211129E+0	20.827055E+0	512.521982E-3	529.420137E-3
42.500000E+0	1.000000E+0	-25.206405E+0	20.895731E+0	514.240265E-3	531.212568E-3
42.600000E+0	1.000000E+0	-25.201968E+0	20.955157E+0	515.388250E-3	532.394409E-3
42.700000E+0	1.000000E+0	-25.200868E+0	20.977867E+0	516.223192E-3	533.153534E-3
42.800000E+0	1.000000E+0	-25.200200E+0	20.986688E+0	516.426325E-3	533.428431E-3
42.900000E+0	1.000000E+0	-25.196657E+0	21.043324E+0	518.004656E-3	535.043955E-3
43.000000E+0	1.000000E+0	-25.192038E+0	21.109045E+0	519.457817E-3	536.630869E-3
43.100000E+0	1.000000E+0	-25.190583E+0	21.140814E+0	520.495653E-3	537.629843E-3
43.200000E+0	1.000000E+0	-25.186068E+0	21.192932E+0	521.876812E-3	539.109707E-3
43.300000E+0	1.000000E+0	-25.185529E+0	21.212184E+0	522.336483E-3	539.627790E-3
43.400000E+0	1.000000E+0	-25.178904E+0	21.291304E+0	524.746895E-3	542.193651E-3
43.500000E+0	1.000000E+0	-25.178022E+0	21.319234E+0	525.071621E-3	542.455196E-3
43.600000E+0	1.000000E+0	-25.174201E+0	21.362638E+0	526.476860E-3	543.776274E-3
43.700000E+0	1.000000E+0	-25.170851E+0	21.421432E+0	527.856350E-3	545.280457E-3
43.800000E+0	1.000000E+0	-25.169814E+0	21.432078E+0	528.019667E-3	545.618773E-3
43.900000E+0	1.000000E+0	-25.165660E+0	21.509385E+0	529.595613E-3	547.219038E-3
44.000000E+0	1.000000E+0	-25.163442E+0	21.536887E+0	530.775070E-3	548.299789E-3
44.100000E+0	1.000000E+0	-25.160274E+0	21.601510E+0	532.095671E-3	549.877405E-3
44.200000E+0	1.000000E+0	-25.157696E+0	21.636999E+0	533.209562E-3	551.083803E-3
44.300000E+0	1.000000E+0	-25.153786E+0	21.683919E+0	534.506798E-3	552.399635E-3
44.400000E+0	1.000000E+0	-25.149086E+0	21.784639E+0	536.555290E-3	554.525614E-3
44.500000E+0	1.000000E+0	-25.147522E+0	21.781874E+0	536.976814E-3	555.065155E-3
44.600000E+0	1.000000E+0	-25.144545E+0	21.822333E+0	538.157940E-3	556.243896E-3
44.700000E+0	1.000000E+0	-25.139815E+0	21.879911E+0	539.729834E-3	557.822704E-3
44.800000E+0	1.000000E+0	-25.140995E+0	21.876550E+0	539.663315E-3	557.774305E-3
44.900000E+0	1.000000E+0	-25.135005E+0	21.974123E+0	541.898727E-3	560.212612E-3
45.000000E+0	1.000000E+0	-25.133267E+0	22.010851E+0	542.815924E-3	561.144114E-3
45.100000E+0	1.000000E+0	-25.127593E+0	22.092199E+0	544.830799E-3	563.294172E-3
45.200000E+0	1.000000E+0	-25.125364E+0	22.118711E+0	545.658350E-3	564.208031E-3
45.300000E+0	1.000000E+0	-25.122807E+0	22.163928E+0	546.658278E-3	565.328360E-3
45.400000E+0	1.000000E+0	-25.119201E+0	22.223353E+0	548.266888E-3	567.073345E-3
45.500000E+0	1.000000E+0	-25.118238E+0	22.230279E+0	548.578024E-3	567.463636E-3
45.600000E+0	1.000000E+0	-25.114283E+0	22.302330E+0	550.239801E-3	569.181442E-3
45.700000E+0	1.000000E+0	-25.111643E+0	22.323334E+0	550.833225E-3	569.771290E-3
45.800000E+0	1.000000E+0	-25.107721E+0	22.370589E+0	552.212238E-3	571.240187E-3
45.900000E+0	1.000000E+0	-25.106949E+0	22.402072E+0	552.899837E-3	571.946383E-3
46.000000E+0	1.000000E+0	-25.103248E+0	22.464943E+0	554.332972E-3	573.619843E-3
46.100000E+0	1.000000E+0	-25.099799E+0	22.532558E+0	556.047440E-3	575.386286E-3
46.200000E+0	1.000000E+0	-25.096652E+0	22.547281E+0	556.518078E-3	575.956106E-3
46.300000E+0	1.000000E+0	-25.092686E+0	22.607911E+0	558.366299E-3	577.960968E-3
46.400000E+0	1.000000E+0	-25.089071E+0	22.658360E+0	559.391975E-3	579.008818E-3
46.500000E+0	1.000000E+0	-25.087053E+0	22.681630E+0	560.116768E-3	579.816341E-3
46.600000E+0	1.000000E+0	-25.084287E+0	22.755575E+0	561.937094E-3	581.633329E-3
46.700000E+0	1.000000E+0	-25.081653E+0	22.792149E+0	562.818289E-3	582.727671E-3
46.800000E+0	1.000000E+0	-25.080183E+0	22.786987E+0	563.086510E-3	582.973719E-3
46.900000E+0	1.000000E+0	-25.073836E+0	22.896278E+0	565.504313E-3	585.668087E-3
47.000000E+0	1.000000E+0	-25.073088E+0	22.925806E+0	566.377401E-3	586.661339E-3
47.100000E+0	1.000000E+0	-25.070021E+0	22.975600E+0	567.308187E-3	587.573767E-3
47.200000E+0	1.000000E+0	-25.065312E+0	23.021936E+0	568.916082E-3	589.356422E-3
47.300000E+0	1.000000E+0	-25.065017E+0	23.051548E+0	569.468975E-3	589.938402E-3
47.400000E+0	1.000000E+0	-25.059054E+0	23.102283E+0	570.955515E-3	591.386795E-3
47.500000E+0	1.000000E+0	-25.056696E+0	23.146331E+0	572.078228E-3	592.633724E-3
47.600000E+0	1.000000E+0	-25.053102E+0	23.198783E+0	573.557854E-3	594.257355E-3
47.700000E+0	1.000000E+0	-25.050307E+0	23.257005E+0	574.694872E-3	595.363617E-3
47.800000E+0	1.000000E+0	-25.049174E+0	23.302209E+0	575.956345E-3	596.871614E-3
47.900000E+0	1.000000E+0	-25.044504E+0	23.349321E+0	577.043533E-3	598.010063E-3
48.000000E+0	1.000000E+0	-25.042680E+0	23.374176E+0	578.074932E-3	599.027157E-3
48.100000E+0	1.000000E+0	-25.041113E+0	23.401821E+0	578.626156E-3	599.700928E-3
48.200000E+0	1.000000E+0	-25.035116E+0	23.484707E+0	580.828428E-3	601.962566E-3
48.300000E+0	1.000000E+0	-25.031588E+0	23.524547E+0	581.776142E-3	602.858782E-3
48.400000E+0	1.000000E+0	-25.029713E+0	23.563671E+0	582.743883E-3	603.997707E-3
48.500000E+0	1.000000E+0	-25.028387E+0	23.597538E+0	583.583355E-3	604.788780E-3
48.600000E+0	1.000000E+0	-25.025803E+0	23.638308E+0	584.584475E-3	606.043816E-3
48.700000E+0	1.000000E+0	-25.020895E+0	23.720658E+0	586.747408E-3	608.321667E-3
48.800000E+0	1.000000E+0	-25.019470E+0	23.746097E+0	587.339401E-3	608.833313E-3
48.900000E+0	1.000000E+0	-25.014669E+0	23.818517E+0	589.206934E-3	610.795975E-3
49.000000E+0	1.000000E+0	-25.014735E+0	23.807395E+0	589.322329E-3	610.874176E-3
49.100000E+0	1.000000E+0	-25.008795E+0	23.882246E+0	591.059208E-3	612.511635E-3
49.200000E+0	1.000000E+0	-25.003356E+0	23.947358E+0	592.681885E-3	614.396334E-3
49.300000E+0	1.000000E+0	-25.001577E+0	23.961890E+0	593.213081E-3	614.809036E-3
49.400000E+0	1.000000E+0	-25.000817E+0	24.005949E+0	594.433308E-3	616.175652E-3
49.500000E+0	1.000000E+0	-24.996221E+0	24.045146E+0	595.392704E-3	617.153883E-3
49.600000E+0	1.000000E+0	-24.991751E+0	24.142158E+0	597.696543E-3	619.555950E-3
49.700000E+0	1.000000E+0	-24.991879E+0	24.138498E+0	597.569704E-3	619.443178E-3
49.800000E+0	1.000000E+0	-24.986497E+0	24.220479E+0	599.668503E-3	621.583462E-3
49.900000E+0	1.000000E+0	-24.986315E+0	24.231374E+0	600.109577E-3	621.996880E-3
50.000000E+0	1.000000E+0	-24.983353E+0	24.278104E+0	601.079464E-3	623.055458E-3
50.100000E+0	1.000000E+0	-24.978066E+0	24.351859E+0	602.893591E-3	624.955654E-3
50.200000E+0	1.000000E+0	-24.975896E+0	24.360454E+0	603.277206E-3	625.394106E-3
50.300000E+0	1.000000E+0	-24.970529E+0	24.446702E+0	605.456114E-3	627.664804E-3
50.400000E+0	1.000000E+0	-24.970955E+0	24.438572E+0	605.622053E-3	628.014088E-3
50.500000E+0	1.000000E+0	-24.970362E+0	24.463415E+0	606.063366E-3	628.495216E-3
50.600000E+0	1.000000E+0	-24.962861E+0	24.571705E+0	608.825922E-3	631.347418E-3
50.700000E+0	1.000000E+0	-24.963019E+0	24.586582E+0	609.127045E-3	631.692886E-3
50.800000E+0	1.000000E+0	-24.957428E+0	24.637353E+0	610.489607E-3	633.113623E-3
50.900000E+0	1.000000E+0	-24.957097E+0	24.661911E+0	611.169338E-3	633.793592E-3
51.000000E+0	1.000000E+0	-24.954069E+0	24.703264E+0	612.222910E-3	634.857655E-3
51.100000E+0	1.000000E+0	-24.949125E+0	24.771929E+0	614.017248E-3	636.871338E-3
51.200000E+0	1.000000E+0	-24.946401E+0	24.838376E+0	615.671158E-3	638.533831E-3
51.300000E+0	1.000000E+0	-24.941767E+0	24.890065E+0	616.996288E-3	639.986515E-3
51.400000E+0	1.000000E+0	-24.942425E+0	24.906266E+0	617.631674E-3	640.634775E-3
51.500000E+0	1.000000E+0	-24.940366E+0	24.916351E+0	617.484331E-3	640.722990E-3
51.600000E+0	1.000000E+0	-24.935541E+0	24.962068E+0	618.938923E-3	642.172813E-3
51.700000E+0	1.000000E+0	-24.930820E+0	25.038612E+0	620.990515E-3	644.347191E-3
51.800000E+0	1.000000E+0	-24.927533E+0	25.103688E+0	622.496843E-3	645.993710E-3
51.900000E+0	1.000000E+0	-24.926299E+0	25.112903E+0	622.735739E-3	646.306038E-3
52.000000E+0	1.000000E+0	-24.924705E+0	25.136983E+0	623.517752E-3	647.280216E-3
52.100000E+0	1.000000E+0	-24.919376E+0	25.251079E+0	626.207352E-3	650.153637E-3
52.200000E+0	1.000000E+0	-24.918259E+0	25.248885E+0	626.300812E-3	650.315285E-3
52.300000E+0	1.000000E+0	-24.913851E+0	25.307965E+0	627.929926E-3	651.873350E-3
52.400000E+0	1.000000E+0	-24.911392E+0	25.350630E+0	628.787041E-3	652.886629E-3
52.500000E+0	1.000000E+0	-24.906060E+0	25.429237E+0	630.820751E-3	655.179977E-3
52.600000E+0	1.000000E+0	-24.903697E+0	25.463903E+0	631.933928E-3	656.324625E-3
52.700000E+0	1.000000E+0	-24.900821E+0	25.493407E+0	632.871389E-3	657.539606E-3
52.800000E+0	1.000000E+0	-24.899060E+0	25.529385E+0	633.611679E-3	658.081532E-3
52.900000E+0	1.000000E+0	-24.895436E+0	25.593770E+0	635.169744E-3	659.939528E-3
53.000000E+0	1.000000E+0	-24.892280E+0	25.621867E+0	636.230469E-3	661.063910E-3
53.100000E+0	1.000000E+0	-24.888677E+0	25.680482E+0	637.392759E-3	662.358522E-3
53.200000E+0	1.000000E+0	-24.887601E+0	25.715423E+0	638.226986E-3	663.293362E-3
53.300000E+0	1.000000E+0	-24.882359E+0	25.782418E+0	640.003443E-3	665.263414E-3
53.400000E+0	1.000000E+0	-24.879405E+0	25.815523E+0	640.857935E-3	666.110516E-3
53.500000E+0	1.000000E+0	-24.877262E+0	25.853360E+0	641.938925E-3	667.323112E-3
53.600000E+0	1.000000E+0	-24.875015E+0	25.897396E+0	642.702818E-3	668.318510E-3
53.700000E+0	1.000000E+0	-24.871597E+0	25.964367E+0	644.692183E-3	670.339823E-3
53.800000E+0	1.000000E+0	-24.866858E+0	26.004899E+0	645.898581E-3	671.703815E-3
53.900000E+0	1.000000E+0	-24.864492E+0	26.031137E+0	646.402359E-3	672.327518E-3
54.000000E+0	1.000000E+0	-24.864531E+0	26.049364E+0	647.026777E-3	672.991991E-3
54.100000E+0	1.000000E+0	-24.859682E+0	26.109636E+0	648.640156E-3	674.860477E-3
54.200000E+0	1.000000E+0	-24.856106E+0	26.163328E+0	649.852514E-3	676.055908E-3
54.300000E+0	1.000000E+0	-24.855742E+0	26.209712E+0	651.153088E-3	677.485228E-3
54.400000E+0	1.000000E+0	-24.851367E+0	26.232708E+0	651.617050E-3	678.068161E-3
54.500000E+0	1.000000E+0	-24.847597E+0	26.283598E+0	653.066635E-3	679.983377E-3
54.600000E+0	1.000000E+0	-24.847263E+0	26.293921E+0	653.508425E-3	680.422068E-3
54.700000E+0	1.000000E+0	-24.841661E+0	26.375115E+0	655.566216E-3	682.910442E-3
54.800000E+0	1.000000E+0	-24.838162E+0	26.417542E+0	656.563282E-3	684.119701E-3
54.900000E+0	1.000000E+0	-24.834386E+0	26.475644E+0	658.036232E-3	685.456514E-3
55.000000E+0	1.000000E+0	-24.832854E+0	26.518631E+0	658.817768E-3	686.660051E-3
55.100000E+0	1.000000E+0	-24.830902E+0	26.551843E+0	659.972906E-3	688.064098E-3
55.200000E+0	1.000000E+0	-24.826175E+0	26.605892E+0	661.493301E-3	689.771414E-3
55.300000E+0	1.000000E+0	-24.821845E+0	26.656151E+0	662.756205E-3	691.368341E-3
55.400000E+0	1.000000E+0	-24.820206E+0	26.690912E+0	663.680315E-3	692.522764E-3
55.500000E+0	1.000000E+0	-24.819848E+0	26.704216E+0	664.103508E-3	693.026066E-3
55.600000E+0	1.000000E+0	-24.814666E+0	26.802230E+0	666.288376E-3	695.716858E-3
55.700000E+0	1.000000E+0	-24.814162E+0	26.792681E+0	666.201591E-3	695.784569E-3
55.800000E+0	1.000000E+0	-24.809105E+0	26.866984E+0	668.267012E-3	698.062897E-3
55.900000E+0	1.000000E+0	-24.804652E+0	26.924336E+0	669.804811E-3	700.090408E-3
56.000000E+0	1.000000E+0	-24.804223E+0	26.922977E+0	669.875860E-3	700.265884E-3
56.100000E+0	1.000000E+0	-24.800307E+0	27.012861E+0	671.970367E-3	702.645540E-3
56.200000E+0	1.000000E+0	-24.796483E+0	27.044761E+0	672.718763E-3	703.851461E-3
56.300000E+0	1.000000E+0	-24.794126E+0	27.091813E+0	674.118996E-3	705.379248E-3
56.400000E+0	1.000000E+0	-24.788374E+0	27.148831E+0	675.583601E-3	707.259178E-3
56.500000E+0	1.000000E+0	-24.787560E+0	27.160203E+0	676.059723E-3	708.006859E-3
56.600000E+0	1.000000E+0	-24.786198E+0	27.216053E+0	677.244902E-3	709.302425E-3
56.700000E+0	1.000000E+0	-24.779836E+0	27.298927E+0	679.486752E-3	712.006330E-3
56.800000E+0	1.000000E+0	-24.778664E+0	27.322960E+0	679.999113E-3	712.795973E-3
56.900000E+0	1.000000E+0	-24.774668E+0	27.359819E+0	681.356192E-3	714.332342E-3
57.000000E+0	1.000000E+0	-24.772850E+0	27.395213E+0	682.295084E-3	715.588093E-3
57.100000E+0	1.000000E+0	-24.771965E+0	27.430212E+0	682.636976E-3	716.166735E-3
57.200000E+0	1.000000E+0	-24.767661E+0	27.473903E+0	683.832645E-3	717.502117E-3
57.300000E+0	1.000000E+0	-24.762637E+0	27.540028E+0	685.740471E-3	719.623804E-3
57.400000E+0	1.000000E+0	-24.761138E+0	27.562928E+0	686.168194E-3	720.281601E-3
57.500000E+0	1.000000E+0	-24.756813E+0	27.611065E+0	687.536478E-3	721.844196E-3
57.600000E+0	1.000000E+0	-24.754557E+0	27.666652E+0	689.274549E-3	723.860979E-3
57.700000E+0	1.000000E+0	-24.754149E+0	27.688646E+0	689.246178E-3	724.182606E-3
57.800000E+0	1.000000E+0	-24.749595E+0	27.750015E+0	691.116571E-3	726.244926E-3
57.900000E+0	1.000000E+0	-24.743161E+0	27.836907E+0	693.276167E-3	728.842735E-3
58.000000E+0	1.000000E+0	-24.742926E+0	27.850962E+0	693.829536E-3	729.331493E-3
58.100000E+0	1.000000E+0	-24.736762E+0	27.915144E+0	695.228100E-3	731.220245E-3
58.200000E+0	1.000000E+0	-24.737108E+0	27.888560E+0	695.286751E-3	731.470108E-3
58.300000E+0	1.000000E+0	-24.733487E+0	27.975774E+0	696.983576E-3	733.283043E-3
58.400000E+0	1.000000E+0	-24.731741E+0	28.012848E+0	697.705507E-3	734.164000E-3
58.500000E+0	1.000000E+0	-24.726415E+0	28.077757E+0	699.595451E-3	736.515284E-3
58.600000E+0	1.000000E+0	-24.725211E+0	28.095770E+0	700.088024E-3	737.158060E-3
58.700000E+0	1.000000E+0	-24.722132E+0	28.151667E+0	701.486349E-3	738.826752E-3
58.800000E+0	1.000000E+0	-24.720523E+0	28.158021E+0	701.818943E-3	739.563942E-3
58.900000E+0	1.000000E+0	-24.715546E+0	28.242064E+0	703.965187E-3	741.894960E-3
59.000000E+0	1.000000E+0	-24.710596E+0	28.303587E+0	705.489874E-3	743.806124E-3
59.100000E+0	1.000000E+0	-24.709657E+0	28.332925E+0	706.234217E-3	744.825840E-3
59.200000E+0	1.000000E+0	-24.707181E+0	28.365433E+0	707.190514E-3	745.821714E-3
59.300000E+0	1.000000E+0	-24.703744E+0	28.414452E+0	708.372593E-3	747.398853E-3
59.400000E+0	1.000000E+0	-24.701023E+0	28.474534E+0	709.929705E-3	749.208927E-3
59.500000E+0	1.000000E+0	-24.699065E+0	28.485453E+0	710.469246E-3	749.788284E-3
59.600000E+0	1.000000E+0	-24.693430E+0	28.553355E+0	711.919785E-3	751.674891E-3
59.700000E+0	1.000000E+0	-24.691031E+0	28.621924E+0	713.728428E-3	753.371000E-3
59.800000E+0	1.000000E+0	-24.687827E+0	28.661442E+0	714.701891E-3	754.424095E-3
59.900000E+0	1.000000E+0	-24.685508E+0	28.684366E+0	715.336561E-3	755.294800E-3
60.000000E+0	1.000000E+0	-24.685115E+0	28.738332E+0	716.465950E-3	756.567001E-3
60.100000E+0	1.000000E+0	-24.681211E+0	28.738630E+0	716.964483E-3	757.026911E-3
60.200000E+0	1.000000E+0	-24.674937E+0	28.826833E+0	719.142675E-3	759.299517E-3
60.300000E+0	1.000000E+0	-24.672830E+0	28.885508E+0	720.479965E-3	760.852098E-3
60.400000E+0	1.000000E+0	-24.671603E+0	28.879523E+0	720.741034E-3	760.975361E-3
60.500000E+0	1.000000E+0	-24.667374E+0	28.939199E+0	722.251892E-3	762.618780E-3
60.600000E+0	1.000000E+0	-24.664319E+0	28.994787E+0	723.558187E-3	764.080524E-3
60.700000E+0	1.000000E+0	-24.661115E+0	29.042792E+0	724.700689E-3	765.240431E-3
60.800000E+0	1.000000E+0	-24.660099E+0	29.041338E+0	724.863291E-3	765.445709E-3
60.900000E+0	1.000000E+0	-24.655363E+0	29.123151E+0	726.808310E-3	767.493248E-3
61.000000E+0	1.000000E+0	-24.651566E+0	29.174709E+0	728.277683E-3	769.009590E-3
61.100000E+0	1.000000E+0	-24.649737E+0	29.205906E+0	729.035378E-3	769.900799E-3
61.200000E+0	1.000000E+0	-24.646038E+0	29.251146E+0	730.229616E-3	771.127224E-3
61.300000E+0	1.000000E+0	-24.644730E+0	29.294014E+0	731.217623E-3	772.142172E-3
61.400000E+0	1.000000E+0	-24.640438E+0	29.331887E+0	732.255697E-3	773.170233E-3
61.500000E+0	1.000000E+0	-24.637661E+0	29.401481E+0	733.997822E-3	774.996281E-3
61.600000E+0	1.000000E+0	-24.634022E+0	29.434264E+0	735.097170E-3	776.151657E-3
61.700000E+0	1.000000E+0	-24.631748E+0	29.488409E+0	736.260414E-3	777.385473E-3
61.800000E+0	1.000000E+0	-24.627909E+0	29.514849E+0	736.918688E-3	778.125286E-3
61.900000E+0	1.000000E+0	-24.626270E+0	29.530859E+0	737.726450E-3	778.873444E-3
62.000000E+0	1.000000E+0	-24.621004E+0	29.586065E+0	739.041090E-3	780.207157E-3
62.100000E+0	1.000000E+0	-24.619502E+0	29.648697E+0	740.389585E-3	781.661987E-3
62.200000E+0	1.000000E+0	-24.615738E+0	29.701054E+0	742.092133E-3	783.367395E-3
62.300000E+0	1.000000E+0	-24.610362E+0	29.776740E+0	743.841887E-3	785.352945E-3
62.400000E+0	1.000000E+0	-24.610150E+0	29.787672E+0	744.348764E-3	785.906076E-3
62.500000E+0	1.000000E+0	-24.606774E+0	29.820061E+0	745.075464E-3	786.534309E-3
62.600000E+0	1.000000E+0	-24.605432E+0	29.849219E+0	746.063471E-3	787.533760E-3
62.700000E+0	1.000000E+0	-24.603171E+0	29.897749E+0	746.995687E-3	788.711786E-3
62.800000E+0	1.000000E+0	-24.597434E+0	29.977632E+0	749.352694E-3	791.095495E-3
62.900000E+0	1.000000E+0	-24.596951E+0	29.989684E+0	749.342680E-3	791.172504E-3
63.000000E+0	1.000000E+0	-24.591223E+0	30.056417E+0	751.008749E-3	792.828083E-3
63.100000E+0	1.000000E+0	-24.587530E+0	30.104530E+0	752.374172E-3	794.254303E-3
63.200000E+0	1.000000E+0	-24.587417E+0	30.116105E+0	752.905607E-3	794.695854E-3
63.300000E+0	1.000000E+0	-24.584550E+0	30.165744E+0	754.076958E-3	796.086788E-3
63.400000E+0	1.000000E+0	-24.580247E+0	30.233812E+0	755.522490E-3	797.673464E-3
63.500000E+0	1.000000E+0	-24.575377E+0	30.284429E+0	757.247448E-3	799.363613E-3
63.600000E+0	1.000000E+0	-24.573595E+0	30.297089E+0	757.891655E-3	800.055742E-3
63.700000E+0	1.000000E+0	-24.571556E+0	30.344117E+0	758.722305E-3	801.059246E-3
63.800000E+0	1.000000E+0	-24.568183E+0	30.368900E+0	759.816408E-3	802.146196E-3
63.900000E+0	1.000000E+0	-24.565289E+0	30.427504E+0	761.027575E-3	803.491116E-3
64.000000E+0	1.000000E+0	-24.562204E+0	30.484939E+0	762.431145E-3	805.011749E-3
64.100000E+0	1.000000E+0	-24.560643E+0	30.494654E+0	762.913227E-3	805.518627E-3
64.200000E+0	1.000000E+0	-24.555070E+0	30.584931E+0	764.868259E-3	807.550430E-3
64.300000E+0	1.000000E+0	-24.556011E+0	30.569959E+0	764.755487E-3	807.493210E-3
64.400000E+0	1.000000E+0	-24.551872E+0	30.640912E+0	766.411066E-3	809.304476E-3
64.500000E+0	1.000000E+0	-24.548188E+0	30.691075E+0	767.817497E-3	810.734272E-3
64.600000E+0	1.000000E+0	-24.544734E+0	30.716658E+0	768.532515E-3	811.575651E-3
64.700000E+0	1.000000E+0	-24.541596E+0	30.763233E+0	769.773245E-3	812.941790E-3
64.800000E+0	1.000000E+0	-24.537957E+0	30.827057E+0	771.262407E-3	814.383984E-3
64.900000E+0	1.000000E+0	-24.534947E+0	30.859768E+0	772.375107E-3	815.643311E-3
65.000000E+0	1.000000E+0	-24.532682E+0	30.908132E+0	773.494005E-3	816.867113E-3
65.100000E+0	1.000000E+0	-24.528906E+0	30.970955E+0	774.771690E-3	818.184853E-3
65.200000E+0	1.000000E+0	-24.525407E+0	31.013060E+0	776.319504E-3	819.946051E-3
65.300000E+0	1.000000E+0	-24.522913E+0	31.052125E+0	777.387381E-3	821.075439E-3
65.400000E+0	1.000000E+0	-24.519423E+0	31.111252E+0	778.673887E-3	822.681665E-3
65.500000E+0	1.000000E+0	-24.517143E+0	31.126928E+0	779.242516E-3	823.185205E-3
65.600000E+0	1.000000E+0	-24.515516E+0	31.139266E+0	779.728413E-3	823.943853E-3
65.700000E+0	1.000000E+0	-24.511412E+0	31.212544E+0	781.531811E-3	825.738192E-3
65.800000E+0	1.000000E+0	-24.507547E+0	31.251228E+0	782.549858E-3	826.899052E-3
65.900000E+0	1.000000E+0	-24.505976E+0	31.282842E+0	783.350468E-3	827.781677E-3
66.000000E+0	1.000000E+0	-24.500850E+0	31.356180E+0	784.972191E-3	829.652786E-3
66.100000E+0	1.000000E+0	-24.496925E+0	31.408262E+0	786.502600E-3	831.346512E-3
66.200000E+0	1.000000E+0	-24.497962E+0	31.401956E+0	786.516190E-3	831.101656E-3
66.300000E+0	1.000000E+0	-24.494562E+0	31.438529E+0	787.760735E-3	832.610369E-3
66.400000E+0	1.000000E+0	-24.490005E+0	31.546652E+0	790.256262E-3	835.276365E-3
66.500000E+0	1.000000E+0	-24.486685E+0	31.568158E+0	790.967941E-3	836.094618E-3
66.600000E+0	1.000000E+0	-24.482525E+0	31.638443E+0	792.299271E-3	837.642670E-3
66.700000E+0	1.000000E+0	-24.482254E+0	31.627357E+0	792.556763E-3	837.879896E-3
66.800000E+0	1.000000E+0	-24.478639E+0	31.687295E+0	793.895721E-3	839.422703E-3
66.900000E+0	1.000000E+0	-24.474550E+0	31.739020E+0	795.469999E-3	841.021061E-3
67.000000E+0	1.000000E+0	-24.472884E+0	31.783152E+0	796.346188E-3	842.035770E-3
67.100000E+0	1.000000E+0	-24.470452E+0	31.797540E+0	796.933889E-3	842.639685E-3
67.200000E+0	1.000000E+0	-24.466148E+0	31.867874E+0	798.676252E-3	844.442844E-3
67.300000E+0	1.000000E+0	-24.463141E+0	31.901240E+0	799.759150E-3	845.777035E-3
67.400000E+0	1.000000E+0	-24.460656E+0	31.933451E+0	800.495386E-3	846.655369E-3
67.500000E+0	1.000000E+0	-24.458596E+0	31.982458E+0	801.803350E-3	847.841978E-3
67.600000E+0	1.000000E+0	-24.454922E+0	32.031584E+0	803.028345E-3	849.271059E-3
67.700000E+0	1.000000E+0	-24.450529E+0	32.074106E+0	804.279804E-3	850.497246E-3
67.800000E+0	1.000000E+0	-24.448148E+0	32.113433E+0	805.294752E-3	851.735830E-3
67.900000E+0	1.000000E+0	-24.446357E+0	32.165289E+0	806.321144E-3	852.725506E-3
68.000000E+0	1.000000E+0	-24.440950E+0	32.227516E+0	808.124542E-3	854.745865E-3
68.100000E+0	1.000000E+0	-24.440354E+0	32.238793E+0	808.575630E-3	855.170488E-3
68.200000E+0	1.000000E+0	-24.437639E+0	32.260644E+0	809.055328E-3	855.814695E-3
68.300000E+0	1.000000E+0	-24.434063E+0	32.320368E+0	810.335398E-3	857.195854E-3
68.400000E+0	1.000000E+0	-24.429867E+0	32.379913E+0	812.017441E-3	858.832836E-3
68.500000E+0	1.000000E+0	-24.428076E+0	32.417130E+0	812.955856E-3	859.861374E-3
68.600000E+0	1.000000E+0	-24.423215E+0	32.487607E+0	814.853191E-3	861.764431E-3
68.700000E+0	1.000000E+0	-24.421376E+0	32.492650E+0	815.223455E-3	862.132072E-3
68.800000E+0	1.000000E+0	-24.417490E+0	32.567906E+0	816.668034E-3	863.601923E-3
68.900000E+0	1.000000E+0	-24.413714E+0	32.610965E+0	818.085194E-3	865.020037E-3
69.000000E+0	1.000000E+0	-24.412561E+0	32.610178E+0	818.004847E-3	865.007401E-3
69.100000E+0	1.000000E+0	-24.409637E+0	32.696915E+0	820.353746E-3	867.477894E-3
69.200000E+0	1.000000E+0	-24.406565E+0	32.718349E+0	821.025848E-3	868.011475E-3
69.300000E+0	1.000000E+0	-24.402830E+0	32.764840E+0	822.343349E-3	869.386673E-3
69.400000E+0	1.000000E+0	-24.401668E+0	32.791555E+0	823.004723E-3	870.082140E-3
69.500000E+0	1.000000E+0	-24.398473E+0	32.830822E+0	824.245453E-3	871.326208E-3
69.600000E+0	1.000000E+0	-24.393988E+0	32.905686E+0	825.891733E-3	872.844219E-3
69.700000E+0	1.000000E+0	-24.392087E+0	32.934558E+0	826.543808E-3	873.513699E-3
69.800000E+0	1.000000E+0	-24.389464E+0	32.946742E+0	827.146292E-3	874.169827E-3
69.900000E+0	1.000000E+0	-24.384728E+0	33.012271E+0	828.983545E-3	876.040459E-3
70.000000E+0	1.000000E+0	-24.383533E+0	33.068192E+0	830.045462E-3	877.088308E-3
70.100000E+0	1.000000E+0	-24.379737E+0	33.105052E+0	831.178427E-3	878.096342E-3
70.200000E+0	1.000000E+0	-24.376050E+0	33.163226E+0	832.822800E-3	879.781723E-3
70.300000E+0	1.000000E+0	-24.371431E+0	33.216405E+0	834.080696E-3	881.146908E-3
70.400000E+0	1.000000E+0	-24.372220E+0	33.231342E+0	834.533215E-3	881.348372E-3
70.500000E+0	1.000000E+0	-24.367193E+0	33.288455E+0	836.049080E-3	882.885695E-3
70.600000E+0	1.000000E+0	-24.365524E+0	33.313406E+0	836.812258E-3	883.697748E-3
70.700000E+0	1.000000E+0	-24.358461E+0	33.389568E+0	838.720322E-3	885.633469E-3
70.800000E+0	1.000000E+0	-24.359176E+0	33.401155E+0	839.142799E-3	886.022091E-3
70.900000E+0	1.000000E+0	-24.355615E+0	33.442926E+0	840.070009E-3	886.866570E-3
71.000000E+0	1.000000E+0	-24.353248E+0	33.468413E+0	840.951681E-3	887.849808E-3
71.100000E+0	1.000000E+0	-24.350077E+0	33.511829E+0	842.161179E-3	889.055729E-3
71.200000E+0	1.000000E+0	-24.347383E+0	33.572006E+0	843.459606E-3	890.325546E-3
71.300000E+0	1.000000E+0	-24.344060E+0	33.596313E+0	844.207764E-3	891.052246E-3
71.400000E+0	2.000000E+0	-24.343622E+0	33.612478E+0	844.840050E-3	891.731977E-3
71.500000E+0	2.000000E+0	-24.343282E+0	33.606076E+0	844.634295E-3	891.510963E-3
71.600000E+0	2.000000E+0	-24.342561E+0	33.625078E+0	845.017433E-3	891.927719E-3
71.700000E+0	2.000000E+0	-24.391407E+0	32.763183E+0	824.337959E-3	871.493101E-3
71.800000E+0	2.000000E+0	-24.430874E+0	32.098806E+0	807.950735E-3	855.072260E-3
71.900000E+0	2.000000E+0	-24.471456E+0	31.416702E+0	791.319132E-3	838.610411E-3
72.000000E+0	2.000000E+0	-24.511937E+0	30.735612E+0	774.958134E-3	822.365046E-3
72.100000E+0	2.000000E+0	-24.549383E+0	30.073404E+0	758.638382E-3	806.116819E-3
72.200000E+0	2.000000E+0	-24.591604E+0	29.411399E+0	742.392778E-3	789.993763E-3
72.300000E+0	2.000000E+0	-24.633086E+0	28.729713E+0	725.856304E-3	773.173094E-3
72.400000E+0	2.000000E+0	-24.672658E+0	28.061795E+0	709.367752E-3	756.638050E-3
72.500000E+0	2.000000E+0	-24.712122E+0	27.395308E+0	693.030834E-3	740.433693E-3
72.600000E+0	2.000000E+0	-24.752346E+0	26.719046E+0	676.396132E-3	723.775387E-3
72.700000E+0	2.000000E+0	-24.793485E+0	26.042521E+0	659.711838E-3	707.097530E-3
72.800000E+0	2.000000E+0	-24.833691E+0	25.393987E+0	643.437862E-3	690.642595E-3
72.900000E+0	2.000000E+0	-24.875689E+0	24.697614E+0	626.395941E-3	672.910452E-3
73.000000E+0	2.000000E+0	-24.916616E+0	24.046957E+0	610.453367E-3	656.173468E-3
73.100000E+0	2.000000E+0	-24.957857E+0	23.368454E+0	593.421459E-3	638.186693E-3
73.200000E+0	2.000000E+0	-24.996803E+0	22.699535E+0	577.255964E-3	621.116638E-3
73.300000E+0	2.000000E+0	-25.039924E+0	22.040677E+0	560.656786E-3	604.003906E-3
73.400000E+0	2.000000E+0	-25.079689E+0	21.374691E+0	544.100046E-3	587.071419E-3
73.500000E+0	2.000000E+0	-25.120974E+0	20.681155E+0	526.979685E-3	569.401503E-3
73.600000E+0	2.000000E+0	-25.160995E+0	20.028138E+0	510.722399E-3	551.961422E-3
73.700000E+0	2.000000E+0	-25.201232E+0	19.362414E+0	494.384527E-3	534.795761E-3
73.800000E+0	2.000000E+0	-25.242904E+0	18.688810E+0	477.806568E-3	517.981768E-3
73.900000E+0	2.000000E+0	-25.284922E+0	18.010688E+0	460.754633E-3	500.185013E-3
74.000000E+0	2.000000E+0	-25.322947E+0	17.374170E+0	444.985390E-3	483.369589E-3
74.100000E+0	2.000000E+0	-25.366506E+0	16.681576E+0	427.697897E-3	464.875221E-3
74.200000E+0	2.000000E+0	-25.408027E+0	16.004157E+0	410.924673E-3	448.081732E-3
74.300000E+0	2.000000E+0	-25.448841E+0	15.350235E+0	394.379616E-3	432.212830E-3
74.400000E+0	2.000000E+0	-25.489554E+0	14.672005E+0	377.796173E-3	416.388512E-3
74.500000E+0	2.000000E+0	-25.530470E+0	14.007163E+0	361.380100E-3	400.504827E-3
74.600000E+0	2.000000E+0	-25.573394E+0	13.353789E+0	345.016956E-3	384.606361E-3
74.700000E+0	2.000000E+0	-25.612647E+0	12.672567E+0	328.241348E-3	367.929935E-3
74.800000E+0	2.000000E+0	-25.654975E+0	12.009311E+0	311.389685E-3	351.506472E-3
74.900000E+0	2.000000E+0	-25.693739E+0	11.348772E+0	295.133352E-3	335.588217E-3
75.000000E+0	2.000000E+0	-25.737703E+0	10.657799E+0	278.177261E-3	319.102049E-3
75.100000E+0	2.000000E+0	-25.778470E+0	9.995747E+0	261.508465E-3	302.980185E-3
75.200000E+0	2.000000E+0	-25.818122E+0	9.358335E+0	245.537758E-3	287.441015E-3
75.300000E+0	2.000000E+0	-25.861401E+0	8.660126E+0	228.285074E-3	271.136045E-3
75.400000E+0	2.000000E+0	-25.902650E+0	8.005393E+0	212.151766E-3	256.258011E-3
75.500000E+0	2.000000E+0	-25.944496E+0	7.325006E+0	195.001364E-3	240.995646E-3
75.600000E+0	2.000000E+0	-25.984750E+0	6.656492E+0	178.465366E-3	226.141453E-3
75.700000E+0	2.000000E+0	-26.026199E+0	6.008267E+0	162.055731E-3	210.621834E-3
75.800000E+0	2.000000E+0	-26.067907E+0	5.338502E+0	145.756483E-3	194.923162E-3
75.900000E+0	2.000000E+0	-26.108545E+0	4.655135E+0	128.842831E-3	178.835869E-3
76.000000E+0	2.000000E+0	-26.150021E+0	4.005980E+0	112.509727E-3	162.904978E-3
76.100000E+0	2.000000E+0	-26.192573E+0	3.330588E+0	95.896482E-3	146.924973E-3
76.200000E+0	2.000000E+0	-26.236132E+0	2.668166E+0	78.980923E-3	130.355835E-3
76.300000E+0	2.000000E+0	-26.273513E+0	1.995456E+0	62.665939E-3	114.161491E-3
76.400000E+0	2.000000E+0	-26.317484E+0	1.310170E+0	45.759201E-3	96.585512E-3
76.500000E+0	2.000000E+0	-26.360235E+0	655.519962E-3	29.156923E-3	79.329491E-3
76.600000E+0	2.000000E+0	-26.394767E+0	79.572201E-3	15.043974E-3	64.616919E-3
76.700000E+0	2.000000E+0	-26.405895E+0	-53.626299E-3	11.321306E-3	60.565233E-3
76.800000E+0	2.000000E+0	-26.408691E+0	-46.777725E-3	10.604620E-3	59.739590E-3
76.900000E+0	2.000000E+0	-26.408095E+0	-58.370829E-3	10.725260E-3	59.476852E-3
77.000000E+0	2.000000E+0	-26.408974E+0	-39.303303E-3	10.830402E-3	59.557199E-3
77.100000E+0	2.000000E+0	-26.409302E+0	-42.289495E-3	10.543585E-3	59.233904E-3
77.200000E+0	2.000000E+0	-26.409230E+0	-34.189224E-3	10.789633E-3	59.273481E-3
77.300000E+0	2.000000E+0	-26.411000E+0	-51.343441E-3	10.072708E-3	58.607101E-3
77.400000E+0	2.000000E+0	-26.409498E+0	-29.247999E-3	10.461330E-3	58.829784E-3
77.500000E+0	2.000000E+0	-26.410777E+0	-39.988756E-3	10.286331E-3	58.559418E-3
77.600000E+0	2.000000E+0	-26.410345E+0	-26.750565E-3	10.456562E-3	58.636665E-3
77.700000E+0	2.000000E+0	-26.411346E+0	-28.300285E-3	10.113478E-3	58.161259E-3
77.800000E+0	2.000000E+0	-26.412395E+0	-21.338463E-3	10.302067E-3	58.408260E-3
77.900000E+0	2.000000E+0	-26.412768E+0	-34.648180E-3	9.948254E-3	58.089018E-3
78.000000E+0	2.000000E+0	-26.412970E+0	-38.701296E-3	10.078669E-3	58.220387E-3
78.100000E+0	2.000000E+0	-26.412166E+0	-7.796288E-3	10.260582E-3	58.296680E-3
78.200000E+0	2.000000E+0	-26.412917E+0	-39.047003E-3	9.951115E-3	57.945490E-3
78.300000E+0	2.000000E+0	-26.413048E+0	-23.984909E-3	9.820223E-3	57.920218E-3
78.400000E+0	2.000000E+0	-26.415298E+0	-31.834841E-3	9.808779E-3	57.697535E-3
78.500000E+0	2.000000E+0	-26.412404E+0	-27.507544E-3	9.892941E-3	57.740688E-3
78.600000E+0	2.000000E+0	-26.414654E+0	-33.396482E-3	9.811401E-3	57.674408E-3
78.700000E+0	2.000000E+0	-26.414520E+0	-21.505356E-3	9.797573E-3	57.648182E-3
78.800000E+0	2.000000E+0	-26.413617E+0	-18.388033E-3	9.625196E-3	57.437897E-3
78.900000E+0	2.000000E+0	-26.414562E+0	-9.059906E-3	10.042667E-3	57.713032E-3
79.000000E+0	2.000000E+0	-26.414797E+0	-15.091896E-3	9.872198E-3	57.590961E-3
79.100000E+0	2.000000E+0	-26.415834E+0	-32.377243E-3	9.360313E-3	57.166576E-3
79.200000E+0	2.000000E+0	-26.414773E+0	-24.104118E-3	9.490252E-3	57.283878E-3
79.300000E+0	2.000000E+0	-26.416600E+0	-9.822845E-3	9.538412E-3	57.360649E-3
79.400000E+0	2.000000E+0	-26.416374E+0	-18.584728E-3	9.452820E-3	57.178974E-3
79.500000E+0	2.000000E+0	-26.416305E+0	-28.580427E-3	9.600878E-3	57.147503E-3
79.600000E+0	2.000000E+0	-26.415238E+0	1.418591E-3	9.627581E-3	57.252645E-3
79.700000E+0	2.000000E+0	-26.415876E+0	-11.503696E-3	9.573698E-3	57.350159E-3
79.800000E+0	2.000000E+0	-26.416532E+0	-9.274483E-3	9.653807E-3	57.183504E-3
79.900000E+0	2.000000E+0	-26.414529E+0	-9.393692E-3	9.810925E-3	57.373524E-3
80.000000E+0	2.000000E+0	-26.416037E+0	-30.237436E-3	9.213686E-3	56.902170E-3
80.100000E+0	2.000000E+0	-26.416278E+0	-1.925230E-3	9.448528E-3	56.874752E-3
80.200000E+0	2.000000E+0	-26.416865E+0	-3.153086E-3	9.153843E-3	56.716204E-3
80.300000E+0	2.000000E+0	-26.416612E+0	-17.905235E-3	9.288073E-3	56.914330E-3
80.400000E+0	2.000000E+0	-26.416502E+0	-6.031990E-3	9.433746E-3	56.771755E-3
80.500000E+0	2.000000E+0	-26.416478E+0	548.362732E-6	9.185076E-3	56.746006E-3
80.600000E+0	2.000000E+0	-26.416245E+0	-3.993511E-3	9.373665E-3	56.751490E-3
80.700000E+0	2.000000E+0	-26.417622E+0	-23.710728E-3	9.013653E-3	56.437492E-3
80.800000E+0	2.000000E+0	-26.418421E+0	-38.546324E-3	8.636951E-3	55.935383E-3
80.900000E+0	2.000000E+0	-26.418957E+0	-62.489510E-3	8.043289E-3	55.385351E-3
81.000000E+0	2.000000E+0	-26.418892E+0	-37.378073E-3	8.521795E-3	55.956364E-3
81.100000E+0	2.000000E+0	-26.419589E+0	-59.539080E-3	8.124113E-3	55.458069E-3
81.200000E+0	3.000000E+0	-26.418120E+0	-35.285950E-3	8.534431E-3	55.909157E-3
81.300000E+0	3.000000E+0	-26.422981E+0	-98.890066E-3	7.359982E-3	54.615498E-3
81.400000E+0	3.000000E+0	-26.421598E+0	-93.322992E-3	7.261753E-3	54.581165E-3
81.500000E+0	3.000000E+0	-26.420996E+0	-82.027912E-3	7.303476E-3	54.582119E-3
81.600000E+0	3.000000E+0	-26.422808E+0	-93.430281E-3	7.284164E-3	54.422140E-3
81.700000E+0	3.000000E+0	-26.422438E+0	-113.868713E-3	6.897926E-3	54.114342E-3
81.800000E+0	3.000000E+0	-26.418901E+0	-27.418137E-3	8.526802E-3	55.834055E-3
81.900000E+0	3.000000E+0	-26.415930E+0	29.206276E-3	10.030746E-3	57.071209E-3
82.000000E+0	3.000000E+0	-26.413197E+0	104.403496E-3	11.727571E-3	59.046030E-3
82.100000E+0	3.000000E+0	-26.408691E+0	150.108337E-3	12.830973E-3	59.997320E-3
82.200000E+0	3.000000E+0	-26.407025E+0	186.264515E-3	13.795614E-3	60.883999E-3
82.300000E+0	3.000000E+0	-26.405234E+0	244.903564E-3	14.935970E-3	62.220812E-3
82.400000E+0	3.000000E+0	-26.401592E+0	314.509869E-3	16.634941E-3	63.745975E-3
82.500000E+0	3.000000E+0	-26.395193E+0	407.361984E-3	18.140078E-3	65.463066E-3
82.600000E+0	3.000000E+0	-26.392022E+0	441.050529E-3	19.392014E-3	66.718340E-3
82.700000E+0	3.000000E+0	-26.389483E+0	507.521629E-3	20.799398E-3	68.004370E-3
82.800000E+0	3.000000E+0	-26.388649E+0	528.287888E-3	21.800756E-3	69.127083E-3
82.900000E+0	3.000000E+0	-26.381830E+0	628.447533E-3	23.911715E-3	71.156263E-3
83.000000E+0	3.000000E+0	-26.380608E+0	673.890114E-3	25.036097E-3	72.418213E-3
83.100000E+0	3.000000E+0	-26.377857E+0	713.062286E-3	25.884628E-3	73.370218E-3
83.200000E+0	3.000000E+0	-26.374933E+0	763.690472E-3	27.153015E-3	74.754715E-3
83.300000E+0	3.000000E+0	-26.371792E+0	830.686092E-3	28.643131E-3	76.138735E-3
83.400000E+0	3.000000E+0	-26.366732E+0	903.904438E-3	30.513525E-3	77.908278E-3
83.500000E+0	3.000000E+0	-26.365146E+0	931.131840E-3	31.126261E-3	78.533411E-3
83.600000E+0	3.000000E+0	-26.361025E+0	987.029076E-3	32.429457E-3	79.929829E-3
83.700000E+0	3.000000E+0	-26.356402E+0	1.075649E+0	34.339905E-3	81.877947E-3
83.800000E+0	3.000000E+0	-26.354489E+0	1.136410E+0	35.459757E-3	83.060026E-3
83.900000E+0	3.000000E+0	-26.351190E+0	1.194179E+0	37.045479E-3	84.747791E-3
84.000000E+0	3.000000E+0	-26.348669E+0	1.237142E+0	37.981987E-3	85.658312E-3
84.100000E+0	3.000000E+0	-26.348350E+0	1.256633E+0	38.758278E-3	86.344481E-3
84.200000E+0	3.000000E+0	-26.343805E+0	1.334059E+0	40.448427E-3	88.086843E-3
84.300000E+0	3.000000E+0	-26.340044E+0	1.393878E+0	41.914940E-3	89.506149E-3
84.400000E+0	3.000000E+0	-26.336101E+0	1.467955E+0	43.383121E-3	91.002226E-3
84.500000E+0	3.000000E+0	-26.333633E+0	1.523542E+0	44.425011E-3	92.042923E-3
84.600000E+0	3.000000E+0	-26.328746E+0	1.557827E+0	46.010256E-3	93.613148E-3
84.700000E+0	3.000000E+0	-26.327065E+0	1.601756E+0	46.742678E-3	94.376802E-3
84.800000E+0	3.000000E+0	-26.325873E+0	1.620352E+0	47.327042E-3	95.051050E-3
84.900000E+0	3.000000E+0	-26.320690E+0	1.720273E+0	49.474716E-3	97.112894E-3
85.000000E+0	3.000000E+0	-26.318580E+0	1.743162E+0	50.491571E-3	98.110914E-3
85.100000E+0	3.000000E+0	-26.315025E+0	1.806843E+0	51.796436E-3	99.472523E-3
85.200000E+0	3.000000E+0	-26.313001E+0	1.851714E+0	52.970886E-3	100.610018E-3
85.300000E+0	3.000000E+0	-26.310972E+0	1.883268E+0	53.538799E-3	101.091385E-3
85.400000E+0	3.000000E+0	-26.307795E+0	1.941037E+0	54.785013E-3	102.418661E-3
85.500000E+0	3.000000E+0	-26.306251E+0	1.998627E+0	56.009054E-3	103.522539E-3
85.600000E+0	3.000000E+0	-26.304087E+0	2.030540E+0	56.824446E-3	104.221821E-3
85.700000E+0	3.000000E+0	-26.295984E+0	2.138174E+0	59.727669E-3	107.225657E-3
85.800000E+0	3.000000E+0	-26.296008E+0	2.145898E+0	59.883118E-3	107.406378E-3
85.900000E+0	3.000000E+0	-26.290584E+0	2.254522E+0	62.570333E-3	109.944105E-3
86.000000E+0	3.000000E+0	-26.287482E+0	2.293324E+0	63.349485E-3	110.671759E-3
86.100000E+0	3.000000E+0	-26.284129E+0	2.362776E+0	64.754963E-3	112.082243E-3
86.200000E+0	3.000000E+0	-26.280380E+0	2.428889E+0	66.455364E-3	113.627195E-3
86.300000E+0	3.000000E+0	-26.277221E+0	2.509487E+0	68.141937E-3	115.174770E-3
86.400000E+0	3.000000E+0	-26.276070E+0	2.513969E+0	68.395138E-3	115.591049E-3
86.500000E+0	3.000000E+0	-26.272920E+0	2.590418E+0	70.145130E-3	117.055178E-3
86.600000E+0	3.000000E+0	-26.270149E+0	2.617645E+0	71.074963E-3	117.926836E-3
86.700000E+0	3.000000E+0	-26.265195E+0	2.678216E+0	72.475195E-3	119.398117E-3
86.800000E+0	3.000000E+0	-26.262385E+0	2.724123E+0	73.531389E-3	120.266676E-3
86.900000E+0	3.000000E+0	-26.260028E+0	2.782583E+0	75.031281E-3	121.697664E-3
87.000000E+0	3.000000E+0	-26.256225E+0	2.848959E+0	76.395273E-3	122.984171E-3
87.100000E+0	3.000000E+0	-26.252997E+0	2.908301E+0	77.983141E-3	124.547958E-3
87.200000E+0	3.000000E+0	-26.251379E+0	2.928388E+0	78.366756E-3	124.791861E-3
87.300000E+0	3.000000E+0	-26.249552E+0	2.976191E+0	79.581738E-3	125.845432E-3
87.400000E+0	3.000000E+0	-26.245338E+0	3.048062E+0	81.264496E-3	127.512932E-3
87.500000E+0	3.000000E+0	-26.240677E+0	3.117466E+0	83.062172E-3	129.183769E-3
87.600000E+0	3.000000E+0	-26.239846E+0	3.167331E+0	83.750963E-3	129.937649E-3
87.700000E+0	3.000000E+0	-26.235357E+0	3.205466E+0	85.215330E-3	131.387949E-3
87.800000E+0	3.000000E+0	-26.231736E+0	3.258193E+0	86.360931E-3	132.293940E-3
87.900000E+0	3.000000E+0	-26.230538E+0	3.302824E+0	87.349892E-3	133.206367E-3
88.000000E+0	3.000000E+0	-26.228544E+0	3.340566E+0	88.438749E-3	134.310961E-3
88.100000E+0	3.000000E+0	-26.222524E+0	3.437722E+0	90.754509E-3	136.534214E-3
88.200000E+0	3.000000E+0	-26.221544E+0	3.442931E+0	90.913534E-3	136.780024E-3
88.300000E+0	3.000000E+0	-26.218522E+0	3.492212E+0	91.719866E-3	137.515306E-3
88.400000E+0	3.000000E+0	-26.216653E+0	3.558004E+0	93.364716E-3	138.952971E-3
88.500000E+0	3.000000E+0	-26.210621E+0	3.635561E+0	95.221043E-3	140.847921E-3
88.600000E+0	3.000000E+0	-26.211515E+0	3.632855E+0	95.369339E-3	141.079903E-3
88.700000E+0	3.000000E+0	-26.207757E+0	3.702760E+0	97.141027E-3	142.687559E-3
88.800000E+0	3.000000E+0	-26.204002E+0	3.762770E+0	98.515511E-3	144.061089E-3
88.900000E+0	3.000000E+0	-26.201654E+0	3.825951E+0	99.472046E-3	145.149231E-3
89.000000E+0	3.000000E+0	-26.196796E+0	3.881252E+0	101.120710E-3	146.635771E-3
89.100000E+0	3.000000E+0	-26.194179E+0	3.938103E+0	102.742195E-3	148.136854E-3
89.200000E+0	3.000000E+0	-26.192794E+0	3.959095E+0	103.325367E-3	148.715973E-3
89.300000E+0	3.000000E+0	-26.188243E+0	4.016805E+0	104.405880E-3	149.736404E-3
89.400000E+0	3.000000E+0	-26.184053E+0	4.102576E+0	106.596470E-3	151.813984E-3
89.500000E+0	3.000000E+0	-26.182545E+0	4.116917E+0	107.184649E-3	152.549744E-3
89.600000E+0	3.000000E+0	-26.181808E+0	4.136324E+0	107.436895E-3	152.705669E-3
89.700000E+0	3.000000E+0	-26.178107E+0	4.211640E+0	109.263897E-3	154.405832E-3
89.800000E+0	3.000000E+0	-26.174322E+0	4.281580E+0	110.397816E-3	155.469656E-3
89.900000E+0	3.000000E+0	-26.170338E+0	4.326320E+0	112.083673E-3	156.996012E-3
90.000000E+0	3.000000E+0	-26.165319E+0	4.404283E+0	114.035368E-3	159.037590E-3
90.100000E+0	3.000000E+0	-26.161853E+0	4.453099E+0	115.055561E-3	160.029173E-3
90.200000E+0	3.000000E+0	-26.161912E+0	4.452515E+0	115.158081E-3	160.116196E-3
90.300000E+0	3.000000E+0	-26.159513E+0	4.514575E+0	116.585016E-3	161.612511E-3
90.400000E+0	3.000000E+0	-26.156250E+0	4.599488E+0	118.390799E-3	163.329840E-3
90.500000E+0	3.000000E+0	-26.151771E+0	4.671192E+0	120.009661E-3	164.891958E-3
90.600000E+0	3.000000E+0	-26.149288E+0	4.703355E+0	121.371746E-3	166.107655E-3
90.700000E+0	3.000000E+0	-26.147348E+0	4.742801E+0	121.849298E-3	166.647911E-3
90.800000E+0	3.000000E+0	-26.142389E+0	4.811263E+0	123.635769E-3	168.390751E-3
90.900000E+0	3.000000E+0	-26.140142E+0	4.843223E+0	124.538183E-3	169.297218E-3
91.000000E+0	3.000000E+0	-26.138026E+0	4.898381E+0	125.796318E-3	170.572996E-3
91.100000E+0	3.000000E+0	-26.135180E+0	4.936194E+0	126.488209E-3	171.318054E-3
91.200000E+0	3.000000E+0	-26.131508E+0	4.997528E+0	128.085375E-3	172.776461E-3
91.300000E+0	3.000000E+0	-26.127985E+0	5.097663E+0	130.163670E-3	174.895287E-3
91.400000E+0	3.000000E+0	-26.124800E+0	5.103147E+0	130.638599E-3	175.331116E-3
91.500000E+0	3.000000E+0	-26.121337E+0	5.174839E+0	132.283449E-3	176.940203E-3
91.600000E+0	3.000000E+0	-26.120019E+0	5.200291E+0	133.088112E-3	177.686691E-3
91.700000E+0	3.000000E+0	-26.117969E+0	5.247605E+0	134.176731E-3	178.677797E-3
91.800000E+0	3.000000E+0	-26.112235E+0	5.343485E+0	136.147022E-3	180.772543E-3
91.900000E+0	3.000000E+0	-26.108900E+0	5.379999E+0	137.409925E-3	181.990862E-3
92.000000E+0	3.000000E+0	-26.106900E+0	5.415463E+0	137.980461E-3	182.548046E-3
92.100000E+0	3.000000E+0	-26.105482E+0	5.450392E+0	138.839245E-3	183.413267E-3
92.200000E+0	3.000000E+0	-26.099718E+0	5.527592E+0	141.174793E-3	185.958147E-3
92.300000E+0	3.000000E+0	-26.099286E+0	5.576432E+0	142.183304E-3	186.686754E-3
92.400000E+0	3.000000E+0	-26.096818E+0	5.600989E+0	142.816544E-3	187.361240E-3
92.500000E+0	3.000000E+0	-26.088956E+0	5.702507E+0	145.428419E-3	189.962626E-3
92.600000E+0	3.000000E+0	-26.088661E+0	5.717611E+0	145.803213E-3	190.268993E-3
92.700000E+0	3.000000E+0	-26.086054E+0	5.789495E+0	147.135019E-3	191.808939E-3
92.800000E+0	3.000000E+0	-26.081172E+0	5.855894E+0	148.883581E-3	193.518400E-3
92.900000E+0	3.000000E+0	-26.081223E+0	5.853558E+0	149.130583E-3	193.652153E-3
93.000000E+0	3.000000E+0	-26.078448E+0	5.897641E+0	150.254250E-3	194.846392E-3
93.100000E+0	3.000000E+0	-26.076088E+0	5.939925E+0	150.941372E-3	195.604563E-3
93.200000E+0	3.000000E+0	-26.072914E+0	5.992389E+0	152.328968E-3	196.885347E-3
93.300000E+0	3.000000E+0	-26.069427E+0	6.025290E+0	153.477669E-3	198.070288E-3
93.400000E+0	3.000000E+0	-26.065299E+0	6.114531E+0	155.501366E-3	200.100183E-3
93.500000E+0	3.000000E+0	-26.061365E+0	6.201279E+0	157.293558E-3	201.974869E-3
93.600000E+0	3.000000E+0	-26.058969E+0	6.225109E+0	157.981396E-3	202.542782E-3
93.700000E+0	3.000000E+0	-26.056305E+0	6.263697E+0	159.009457E-3	203.630686E-3
93.800000E+0	3.000000E+0	-26.053277E+0	6.309044E+0	160.191774E-3	204.865694E-3
93.900000E+0	3.000000E+0	-26.050559E+0	6.367016E+0	161.402225E-3	206.162930E-3
94.000000E+0	3.000000E+0	-26.048327E+0	6.413782E+0	162.440538E-3	207.094431E-3
94.100000E+0	3.000000E+0	-26.048512E+0	6.436718E+0	163.165092E-3	207.788944E-3
94.200000E+0	3.000000E+0	-26.041174E+0	6.536114E+0	165.534019E-3	210.221529E-3
94.300000E+0	3.000000E+0	-26.037550E+0	6.590664E+0	167.045116E-3	211.829662E-3
94.400000E+0	3.000000E+0	-26.038319E+0	6.589270E+0	166.852713E-3	211.657286E-3
94.500000E+0	3.000000E+0	-26.031995E+0	6.696415E+0	169.242859E-3	214.061975E-3
94.600000E+0	3.000000E+0	-26.030025E+0	6.712067E+0	169.598341E-3	214.478970E-3
94.700000E+0	3.000000E+0	-26.026833E+0	6.776166E+0	171.213150E-3	216.175079E-3
94.800000E+0	3.000000E+0	-26.022455E+0	6.842327E+0	173.089743E-3	218.050003E-3
94.900000E+0	3.000000E+0	-26.020363E+0	6.907141E+0	174.922466E-3	219.958305E-3
95.000000E+0	3.000000E+0	-26.019133E+0	6.914830E+0	174.778223E-3	219.781876E-3
95.100000E+0	3.000000E+0	-26.013759E+0	6.974804E+0	176.289082E-3	221.349955E-3
95.200000E+0	3.000000E+0	-26.012627E+0	7.011414E+0	177.163124E-3	222.048521E-3
95.300000E+0	3.000000E+0	-26.007072E+0	7.077110E+0	178.862095E-3	223.793268E-3
95.400000E+0	3.000000E+0	-26.006204E+0	7.111692E+0	179.542780E-3	224.545956E-3
95.500000E+0	3.000000E+0	-26.002685E+0	7.204068E+0	181.710720E-3	226.606131E-3
95.600000E+0	3.000000E+0	-25.999955E+0	7.235467E+0	182.693720E-3	227.579355E-3
95.700000E+0	3.000000E+0	-25.997380E+0	7.275558E+0	183.685064E-3	228.503227E-3
95.800000E+0	3.000000E+0	-25.993216E+0	7.331264E+0	185.148954E-3	229.982853E-3
95.900000E+0	3.000000E+0	-25.989682E+0	7.397306E+0	186.405659E-3	231.101274E-3
96.000000E+0	3.000000E+0	-25.988657E+0	7.447779E+0	187.666416E-3	232.336283E-3
96.100000E+0	3.000000E+0	-25.983924E+0	7.505524E+0	189.265251E-3	233.912945E-3
96.200000E+0	3.000000E+0	-25.982401E+0	7.529402E+0	189.625263E-3	234.429359E-3
96.300000E+0	3.000000E+0	-25.979782E+0	7.554805E+0	190.628052E-3	235.440493E-3
96.400000E+0	3.000000E+0	-25.976095E+0	7.647550E+0	192.654848E-3	237.281084E-3
96.500000E+0	3.000000E+0	-25.971684E+0	7.702982E+0	194.185257E-3	238.833427E-3
96.600000E+0	3.000000E+0	-25.967223E+0	7.765591E+0	195.721388E-3	240.366220E-3
96.700000E+0	3.000000E+0	-25.967747E+0	7.782209E+0	195.713997E-3	240.550280E-3
96.800000E+0	3.000000E+0	-25.965965E+0	7.813239E+0	196.591854E-3	241.426706E-3
96.900000E+0	3.000000E+0	-25.959346E+0	7.903218E+0	198.736191E-3	243.387938E-3
97.000000E+0	3.000000E+0	-25.958225E+0	7.929993E+0	199.671268E-3	244.417667E-3
97.100000E+0	3.000000E+0	-25.955335E+0	7.981503E+0	200.939417E-3	245.712996E-3
97.200000E+0	3.000000E+0	-25.951335E+0	8.027673E+0	202.389240E-3	247.056484E-3
97.300000E+0	3.000000E+0	-25.950283E+0	8.057213E+0	202.926636E-3	247.871876E-3
97.400000E+0	3.000000E+0	-25.944603E+0	8.152866E+0	205.006838E-3	250.015259E-3
97.500000E+0	3.000000E+0	-25.942353E+0	8.203208E+0	206.201792E-3	251.191139E-3
97.600000E+0	3.000000E+0	-25.937838E+0	8.262086E+0	207.731009E-3	252.707720E-3
97.700000E+0	3.000000E+0	-25.936854E+0	8.303142E+0	208.745241E-3	253.803730E-3
97.800000E+0	3.000000E+0	-25.934312E+0	8.342433E+0	209.790230E-3	254.965305E-3
97.900000E+0	3.000000E+0	-25.932441E+0	8.369589E+0	210.367680E-3	255.607128E-3
98.000000E+0	3.000000E+0	-25.928414E+0	8.421004E+0	211.580515E-3	256.837368E-3
98.100000E+0	3.000000E+0	-25.922847E+0	8.522534E+0	214.076996E-3	259.301901E-3
98.200000E+0	3.000000E+0	-25.921131E+0	8.548057E+0	215.102434E-3	260.227919E-3
98.300000E+0	3.000000E+0	-25.918925E+0	8.590841E+0	215.500593E-3	260.796070E-3
98.400000E+0	3.000000E+0	-25.917039E+0	8.615410E+0	216.774464E-3	262.122869E-3
98.500000E+0	3.000000E+0	-25.914583E+0	8.680987E+0	218.250036E-3	263.517141E-3
98.600000E+0	3.000000E+0	-25.908918E+0	8.768022E+0	220.087051E-3	265.487194E-3
98.700000E+0	3.000000E+0	-25.906179E+0	8.809912E+0	221.076488E-3	266.480207E-3
98.800000E+0	3.000000E+0	-25.904107E+0	8.843422E+0	222.031593E-3	267.435074E-3
98.900000E+0	3.000000E+0	-25.901538E+0	8.901560E+0	223.526239E-3	268.874645E-3
99.000000E+0	3.000000E+0	-25.897149E+0	8.969212E+0	225.157022E-3	270.635843E-3
99.100000E+0	3.000000E+0	-25.893852E+0	9.022582E+0	226.110697E-3	271.770000E-3
99.200000E+0	3.000000E+0	-25.891140E+0	9.058774E+0	227.187872E-3	272.847652E-3
99.300000E+0	3.000000E+0	-25.888136E+0	9.118581E+0	228.676796E-3	274.302244E-3
99.400000E+0	3.000000E+0	-25.886447E+0	9.145272E+0	229.625225E-3	275.221109E-3
99.500000E+0	3.000000E+0	-25.882981E+0	9.175301E+0	230.323792E-3	276.030540E-3
99.600000E+0	3.000000E+0	-25.878486E+0	9.252310E+0	232.133865E-3	277.748823E-3
99.700000E+0	3.000000E+0	-25.877187E+0	9.311175E+0	233.646870E-3	279.214621E-3
99.800000E+0	3.000000E+0	-25.875077E+0	9.311712E+0	233.753443E-3	279.180050E-3
99.900000E+0	3.000000E+0	-25.872118E+0	9.391117E+0	235.269070E-3	280.918121E-3
100.000000E+0	3.000000E+0	-25.867701E+0	9.457099E+0	237.004995E-3	282.688856E-3
100.100000E+0	3.000000E+0	-25.863609E+0	9.490633E+0	238.112211E-3	283.622503E-3
100.200000E+0	3.000000E+0	-25.862250E+0	9.530735E+0	239.165783E-3	284.668446E-3
100.300000E+0	3.000000E+0	-25.854716E+0	9.641194E+0	241.460800E-3	287.015676E-3
100.400000E+0	3.000000E+0	-25.856039E+0	9.635878E+0	241.811514E-3	287.224531E-3
100.500000E+0	3.000000E+0	-25.854499E+0	9.638715E+0	241.843939E-3	287.471533E-3
100.600000E+0	3.000000E+0	-25.848094E+0	9.742033E+0	244.448662E-3	289.984465E-3
100.700000E+0	3.000000E+0	-25.845555E+0	9.792233E+0	245.507717E-3	291.059971E-3
100.800000E+0	3.000000E+0	-25.844637E+0	9.840369E+0	246.616840E-3	292.140722E-3
100.900000E+0	3.000000E+0	-25.841815E+0	9.867394E+0	247.467756E-3	292.853832E-3
101.000000E+0	3.000000E+0	-25.838343E+0	9.924412E+0	248.597622E-3	293.919325E-3
101.100000E+0	3.000000E+0	-25.835228E+0	9.978223E+0	249.976158E-3	295.346260E-3
101.200000E+0	3.000000E+0	-25.830633E+0	10.046875E+0	251.946688E-3	297.310591E-3
101.300000E+0	3.000000E+0	-25.830579E+0	10.069871E+0	252.204418E-3	297.625303E-3
101.400000E+0	3.000000E+0	-25.827510E+0	10.089493E+0	252.761841E-3	298.141718E-3
101.500000E+0	3.000000E+0	-25.822294E+0	10.188627E+0	255.254507E-3	300.549984E-3
101.600000E+0	3.000000E+0	-25.820282E+0	10.230851E+0	256.405592E-3	301.700115E-3
101.700000E+0	3.000000E+0	-25.818277E+0	10.258245E+0	257.288218E-3	302.541733E-3
101.800000E+0	3.000000E+0	-25.813735E+0	10.319495E+0	258.524656E-3	303.773642E-3
101.900000E+0	3.000000E+0	-25.810671E+0	10.392976E+0	260.207653E-3	305.563688E-3
102.000000E+0	3.000000E+0	-25.806877E+0	10.434568E+0	261.698008E-3	306.984186E-3
102.100000E+0	3.000000E+0	-25.804443E+0	10.498285E+0	262.802601E-3	308.098078E-3
102.200000E+0	3.000000E+0	-25.799191E+0	10.583055E+0	264.718056E-3	309.901953E-3
102.300000E+0	3.000000E+0	-25.800071E+0	10.575259E+0	264.659405E-3	309.862614E-3
102.400000E+0	3.000000E+0	-25.796411E+0	10.629916E+0	266.011953E-3	311.151743E-3
102.500000E+0	3.000000E+0	-25.792265E+0	10.700810E+0	267.658472E-3	312.881470E-3
102.600000E+0	3.000000E+0	-25.788576E+0	10.755718E+0	269.118547E-3	314.310312E-3
102.700000E+0	3.000000E+0	-25.786525E+0	10.782504E+0	269.758463E-3	314.929962E-3
102.800000E+0	3.000000E+0	-25.783459E+0	10.839283E+0	271.414757E-3	316.625834E-3
102.900000E+0	3.000000E+0	-25.782335E+0	10.869551E+0	272.174120E-3	317.453146E-3
103.000000E+0	3.000000E+0	-25.778184E+0	10.927963E+0	273.696661E-3	318.970919E-3
103.100000E+0	3.000000E+0	-25.775740E+0	10.978031E+0	274.818897E-3	320.161581E-3
103.200000E+0	3.000000E+0	-25.772071E+0	11.040032E+0	276.314974E-3	321.511030E-3
103.300000E+0	3.000000E+0	-25.767592E+0	11.104441E+0	277.922630E-3	323.188066E-3
103.400000E+0	3.000000E+0	-25.765288E+0	11.134589E+0	278.777361E-3	324.201822E-3
103.500000E+0	3.000000E+0	-25.763324E+0	11.165214E+0	279.330254E-3	324.723244E-3
103.600000E+0	3.000000E+0	-25.759268E+0	11.245072E+0	281.038284E-3	326.427937E-3
103.700000E+0	3.000000E+0	-25.757894E+0	11.237884E+0	281.157970E-3	326.408386E-3
103.800000E+0	3.000000E+0	-25.753302E+0	11.316872E+0	283.104658E-3	328.355074E-3
103.900000E+0	3.000000E+0	-25.752241E+0	11.352944E+0	284.177065E-3	329.444408E-3
104.000000E+0	4.000000E+0	-25.747604E+0	11.438012E+0	286.033154E-3	331.408739E-3
104.100000E+0	4.000000E+0	-25.747538E+0	11.434650E+0	285.995007E-3	331.315994E-3
104.200000E+0	4.000000E+0	-25.747538E+0	11.439252E+0	286.178112E-3	331.629753E-3
104.300000E+0	4.000000E+0	-25.757867E+0	11.226690E+0	281.037569E-3	326.503992E-3
104.400000E+0	4.000000E+0	-25.772104E+0	10.970473E+0	275.281429E-3	320.849180E-3
104.500000E+0	4.000000E+0	-25.785917E+0	10.747302E+0	269.605398E-3	315.088034E-3
104.600000E+0	4.000000E+0	-25.799492E+0	10.514128E+0	264.102936E-3	309.687138E-3
104.700000E+0	4.000000E+0	-25.812498E+0	10.273755E+0	258.450747E-3	304.015398E-3
104.800000E+0	4.000000E+0	-25.825027E+0	10.054421E+0	253.232241E-3	298.774719E-3
104.900000E+0	4.000000E+0	-25.837478E+0	9.816003E+0	247.704506E-3	293.180466E-3
105.000000E+0	4.000000E+0	-25.850010E+0	9.595227E+0	242.093086E-3	287.468672E-3
105.100000E+0	4.000000E+0	-25.865126E+0	9.356868E+0	236.352444E-3	281.546354E-3
105.200000E+0	4.000000E+0	-25.877670E+0	9.140301E+0	231.144190E-3	276.289940E-3
105.300000E+0	4.000000E+0	-25.891623E+0	8.910978E+0	225.562334E-3	270.708561E-3
105.400000E+0	4.000000E+0	-25.904134E+0	8.681369E+0	220.113277E-3	264.943361E-3
105.500000E+0	4.000000E+0	-25.918013E+0	8.445013E+0	214.468718E-3	259.263754E-3
105.600000E+0	4.000000E+0	-25.932858E+0	8.185649E+0	208.804846E-3	253.334999E-3
105.700000E+0	4.000000E+0	-25.944582E+0	8.005440E+0	203.597069E-3	248.034239E-3
105.800000E+0	4.000000E+0	-25.956664E+0	7.753360E+0	198.047876E-3	242.322683E-3
105.900000E+0	4.000000E+0	-25.972700E+0	7.494164E+0	191.984892E-3	236.269712E-3
106.000000E+0	4.000000E+0	-25.985465E+0	7.280195E+0	186.398268E-3	230.503559E-3
106.100000E+0	4.000000E+0	-25.999752E+0	7.054794E+0	181.182623E-3	225.156784E-3
106.200000E+0	4.000000E+0	-26.010558E+0	6.853771E+0	176.118135E-3	219.852448E-3
106.300000E+0	4.000000E+0	-26.024551E+0	6.608999E+0	170.463324E-3	214.066029E-3
106.400000E+0	4.000000E+0	-26.038963E+0	6.374454E+0	164.458275E-3	208.074093E-3
106.500000E+0	4.000000E+0	-26.052016E+0	6.127822E+0	158.943415E-3	202.361584E-3
106.600000E+0	4.000000E+0	-26.063869E+0	5.920255E+0	153.711796E-3	197.129726E-3
106.700000E+0	4.000000E+0	-26.078514E+0	5.674767E+0	147.762537E-3	191.394567E-3
106.800000E+0	4.000000E+0	-26.091388E+0	5.468857E+0	142.831087E-3	186.325550E-3
106.900000E+0	4.000000E+0	-26.105890E+0	5.234969E+0	136.852264E-3	180.510283E-3
107.000000E+0	4.000000E+0	-26.119727E+0	4.997611E+0	131.235123E-3	175.122976E-3
107.100000E+0	4.000000E+0	-26.131416E+0	4.784024E+0	126.036644E-3	169.801950E-3
107.200000E+0	4.000000E+0	-26.145345E+0	4.524112E+0	120.209217E-3	164.147854E-3
107.300000E+0	4.000000E+0	-26.158700E+0	4.307401E+0	114.593267E-3	158.564091E-3
107.400000E+0	4.000000E+0	-26.172832E+0	4.099429E+0	109.215498E-3	153.337002E-3
107.500000E+0	4.000000E+0	-26.187057E+0	3.847122E+0	103.273869E-3	147.598743E-3
107.600000E+0	4.000000E+0	-26.199752E+0	3.642559E+0	98.618031E-3	142.992973E-3
107.700000E+0	4.000000E+0	-26.214043E+0	3.371179E+0	92.143774E-3	136.677742E-3
107.800000E+0	4.000000E+0	-26.226938E+0	3.186393E+0	87.038040E-3	131.657600E-3
107.900000E+0	4.000000E+0	-26.239238E+0	2.942407E+0	81.589699E-3	126.099110E-3
108.000000E+0	4.000000E+0	-26.254550E+0	2.715755E+0	75.957060E-3	120.297194E-3
108.100000E+0	4.000000E+0	-26.266510E+0	2.484357E+0	70.411205E-3	114.402533E-3
108.200000E+0	4.000000E+0	-26.280296E+0	2.260125E+0	64.911604E-3	108.774424E-3
108.300000E+0	4.000000E+0	-26.293195E+0	2.039957E+0	59.658051E-3	102.972269E-3
108.400000E+0	4.000000E+0	-26.307682E+0	1.795685E+0	53.960085E-3	97.213268E-3
108.500000E+0	4.000000E+0	-26.321057E+0	1.567090E+0	48.247337E-3	91.198683E-3
108.600000E+0	4.000000E+0	-26.333544E+0	1.344264E+0	42.820454E-3	85.632801E-3
108.700000E+0	4.000000E+0	-26.348940E+0	1.108801E+0	37.339211E-3	80.404758E-3
108.800000E+0	4.000000E+0	-26.361403E+0	908.970833E-3	32.306194E-3	75.303316E-3
108.900000E+0	4.000000E+0	-26.372031E+0	707.817078E-3	27.566195E-3	70.510864E-3
109.000000E+0	4.000000E+0	-26.385394E+0	504.851341E-3	22.504091E-3	65.521479E-3
109.100000E+0	4.000000E+0	-26.399055E+0	263.285637E-3	17.063618E-3	60.039043E-3
109.200000E+0	4.000000E+0	-26.411373E+0	53.584576E-3	11.802912E-3	54.734707E-3
109.300000E+0	4.000000E+0	-26.415676E+0	31.721592E-3	10.759354E-3	53.911448E-3
109.400000E+0	4.000000E+0	-26.416108E+0	25.844574E-3	10.506868E-3	53.700209E-3
109.500000E+0	4.000000E+0	-26.416731E+0	-6.967783E-3	10.127068E-3	53.264380E-3
109.600000E+0	4.000000E+0	-26.416561E+0	10.538101E-3	10.186195E-3	53.295374E-3
109.700000E+0	4.000000E+0	-26.417542E+0	-14.084578E-3	9.933233E-3	53.064585E-3
109.800000E+0	4.000000E+0	-26.416731E+0	1.013279E-3	9.852648E-3	53.139925E-3
109.900000E+0	4.000000E+0	-26.418266E+0	-10.758638E-3	9.762764E-3	53.052187E-3
110.000000E+0	4.000000E+0	-26.420284E+0	-30.648708E-3	8.670092E-3	51.893473E-3
110.100000E+0	4.000000E+0	-26.420263E+0	-53.119659E-3	8.692741E-3	51.769972E-3
110.200000E+0	4.000000E+0	-26.419804E+0	-30.422211E-3	8.930445E-3	52.144051E-3
110.300000E+0	4.000000E+0	-26.420403E+0	-27.668476E-3	9.063721E-3	52.149773E-3
110.400000E+0	4.000000E+0	-26.419914E+0	-15.431643E-3	9.096861E-3	52.076578E-3
110.500000E+0	4.000000E+0	-26.419577E+0	-22.524595E-3	8.907557E-3	52.078724E-3
110.600000E+0	4.000000E+0	-26.420394E+0	-40.280819E-3	8.719683E-3	51.865816E-3
110.700000E+0	4.000000E+0	-26.419911E+0	-24.497509E-3	8.975983E-3	51.832914E-3
110.800000E+0	4.000000E+0	-26.420504E+0	-41.109324E-3	8.878946E-3	51.923513E-3
110.900000E+0	4.000000E+0	-26.420826E+0	-26.118755E-3	8.940697E-3	51.890135E-3
111.000000E+0	4.000000E+0	-26.421416E+0	-22.542477E-3	8.878469E-3	51.843643E-3
111.100000E+0	4.000000E+0	-26.420868E+0	-33.092499E-3	8.922577E-3	52.025795E-3
111.200000E+0	4.000000E+0	-26.420707E+0	-34.141541E-3	8.907557E-3	51.795006E-3
111.300000E+0	4.000000E+0	-26.422114E+0	-32.883883E-3	8.860588E-3	51.844835E-3
111.400000E+0	4.000000E+0	-26.418910E+0	-14.460087E-3	8.964062E-3	52.059174E-3
111.500000E+0	4.000000E+0	-26.419276E+0	-10.168552E-3	9.001493E-3	52.044153E-3
111.600000E+0	4.000000E+0	-26.421404E+0	-24.008751E-3	8.747339E-3	51.772833E-3
111.700000E+0	4.000000E+0	-26.421073E+0	-19.419193E-3	8.736610E-3	51.828861E-3
111.800000E+0	4.000000E+0	-26.421300E+0	-11.628866E-3	8.844614E-3	51.949263E-3
111.900000E+0	4.000000E+0	-26.420421E+0	-13.035536E-3	8.936405E-3	52.064419E-3
112.000000E+0	4.000000E+0	-26.421067E+0	-18.727779E-3	8.827209E-3	51.993370E-3
112.100000E+0	4.000000E+0	-26.420200E+0	-9.483099E-3	8.970737E-3	51.837206E-3
112.200000E+0	4.000000E+0	-26.421339E+0	-22.059679E-3	9.070158E-3	51.941633E-3
112.300000E+0	4.000000E+0	-26.420501E+0	-16.564131E-3	9.045362E-3	52.156210E-3
112.400000E+0	4.000000E+0	-26.420263E+0	-10.472536E-3	9.008408E-3	52.128553E-3
112.500000E+0	4.000000E+0	-26.421830E+0	-30.899048E-3	8.702517E-3	51.817179E-3
112.600000E+0	4.000000E+0	-26.421097E+0	-20.754337E-3	8.852482E-3	51.894903E-3
112.700000E+0	4.000000E+0	-26.420218E+0	-14.436245E-3	8.964300E-3	51.942348E-3
112.800000E+0	4.000000E+0	-26.421669E+0	-12.862682E-3	8.963823E-3	52.154541E-3
112.900000E+0	4.000000E+0	-26.422593E+0	-15.074015E-3	8.806467E-3	51.878691E-3
113.000000E+0	4.000000E+0	-26.422355E+0	-18.823147E-3	8.936405E-3	51.977873E-3
113.100000E+0	4.000000E+0	-26.420901E+0	-13.285875E-3	9.013653E-3	52.088499E-3
113.200000E+0	4.000000E+0	-26.420802E+0	1.537800E-3	8.986473E-3	52.120924E-3
113.300000E+0	4.000000E+0	-26.422096E+0	-12.230873E-3	8.960485E-3	52.022696E-3
113.400000E+0	4.000000E+0	-26.421592E+0	-23.156404E-3	8.857965E-3	51.942110E-3
113.500000E+0	4.000000E+0	-26.420603E+0	-4.738569E-3	8.993626E-3	52.171230E-3
113.600000E+0	4.000000E+0	-26.420004E+0	1.037121E-3	9.036779E-3	52.100897E-3
113.700000E+0	4.000000E+0	-26.420412E+0	-11.104345E-3	8.635521E-3	51.832676E-3
