Program version:	Fatigue ver. 4.0
Date and time:	03-08-2015 15:30:45
Operator:	sras
Project ID:	44055 I-1
Sample ID:	EQA02-09
	
Mode of operation:	Ten-ten
Low load setpoint [kN]:	0.000000
Displacement rate [mm/s]:	0.030000
Sample rate [Hz]:	10.000000
Procentage of E-max [%]:	90.000000
Sample width [mm]:	25.250000
Sample thickness [mm]:	4.270000
Strain sensor:	Extensometer
Number of strain sensors:	2
Channel configuration:	0 6 1,1,0,0,0,0 1,4,1,2,3,4
	
Machine SN:	88R1342
Load cell SN:	UK 054
Load cell [kN]:	100.000000
Extensometer 1 SN:	2026
Gauge length 1 [mm]:	50.000000
Full scale 1 [%]:	2.000000
Extensometer 2 SN:	2084
Gauge length 2 [mm]:	50.000000
Full scale 2 [%]:	2.000000
	
Modulus estimate from [%]:	0.050000
Modulus estimate to [%]:	0.250000
Strain correction a1 [%]:	-0.003923
Strain correction a2 [%]:	0.000620
Strain correction b1 [%]:	0.009639
Strain correction b2 [%]:	0.013024
Modulus a [GPa]:	37.930918
Modulus b [GPa]:	38.360015
Difference [%]:	1.118605
Modulus a1 [GPa]:	37.881086
Modulus b1 [GPa]:	38.350091
Modulus a2 [GPa]:	37.980213
Modulus b2 [GPa]:	38.369246
Max strain [%]:	0.630851
Max stress [MPa]:	239.288732
	
	
Time [ms]	State	Position [mm]	Load [kN]	Strain1 [%]	Strain2 [%]
0.000000E+0	1.000000E+0	-33.842987E+0	6.544590E-3	216.960907E-6	231.504440E-6
100.000000E-3	1.000000E+0	-33.842710E+0	3.135204E-3	407.695770E-6	346.422195E-6
200.000000E-3	1.000000E+0	-33.841470E+0	29.313564E-3	714.302063E-6	1.049042E-3
300.000000E-3	1.000000E+0	-33.838398E+0	78.082085E-3	1.875877E-3	2.053022E-3
400.000000E-3	1.000000E+0	-33.832857E+0	173.270702E-3	3.986597E-3	4.467964E-3
500.000000E-3	1.000000E+0	-33.832258E+0	202.643871E-3	4.753113E-3	5.355835E-3
600.000000E-3	1.000000E+0	-33.827347E+0	279.998779E-3	6.246805E-3	6.924152E-3
700.000000E-3	1.000000E+0	-33.826083E+0	312.423706E-3	6.990433E-3	7.920980E-3
800.000000E-3	1.000000E+0	-33.822531E+0	375.247002E-3	8.706808E-3	9.402990E-3
900.000000E-3	1.000000E+0	-33.818630E+0	411.188602E-3	9.467840E-3	10.545254E-3
1.000000E+0	1.000000E+0	-33.815057E+0	480.508804E-3	10.943651E-3	12.039423E-3
1.100000E+0	1.000000E+0	-33.812038E+0	548.052788E-3	12.412548E-3	13.653278E-3
1.200000E+0	1.000000E+0	-33.809996E+0	585.150719E-3	13.354301E-3	14.642477E-3
1.300000E+0	1.000000E+0	-33.804721E+0	657.522678E-3	14.972210E-3	16.558886E-3
1.400000E+0	1.000000E+0	-33.806867E+0	652.503967E-3	15.068769E-3	16.504288E-3
1.500000E+0	1.000000E+0	-33.800337E+0	734.937191E-3	16.654491E-3	18.261194E-3
1.600000E+0	1.000000E+0	-33.798448E+0	764.429569E-3	17.540216E-3	19.213438E-3
1.700000E+0	1.000000E+0	-33.796543E+0	820.839405E-3	18.721581E-3	20.460606E-3
1.800000E+0	1.000000E+0	-33.788580E+0	952.291489E-3	21.615028E-3	23.743153E-3
1.900000E+0	1.000000E+0	-33.786795E+0	953.614712E-3	21.680832E-3	23.784876E-3
2.000000E+0	1.000000E+0	-33.786494E+0	991.070271E-3	22.809029E-3	24.888992E-3
2.100000E+0	1.000000E+0	-33.783263E+0	1.019585E+0	23.289680E-3	25.592327E-3
2.200000E+0	1.000000E+0	-33.779869E+0	1.072681E+0	24.333000E-3	26.705503E-3
2.300000E+0	1.000000E+0	-33.777127E+0	1.129818E+0	26.069164E-3	28.581142E-3
2.400000E+0	1.000000E+0	-33.773906E+0	1.171362E+0	27.004242E-3	29.677629E-3
2.500000E+0	1.000000E+0	-33.773199E+0	1.227176E+0	27.950287E-3	30.531883E-3
2.600000E+0	1.000000E+0	-33.768782E+0	1.264191E+0	29.279232E-3	32.137156E-3
2.700000E+0	1.000000E+0	-33.764092E+0	1.349401E+0	31.306267E-3	34.066200E-3
2.800000E+0	1.000000E+0	-33.760450E+0	1.387906E+0	31.816959E-3	34.584522E-3
2.900000E+0	1.000000E+0	-33.759425E+0	1.432872E+0	33.002853E-3	36.095381E-3
3.000000E+0	1.000000E+0	-33.754668E+0	1.513171E+0	34.659386E-3	37.471771E-3
3.100000E+0	1.000000E+0	-33.753133E+0	1.536417E+0	35.112619E-3	38.117170E-3
3.200000E+0	1.000000E+0	-33.749825E+0	1.587737E+0	36.035299E-3	38.991451E-3
3.300000E+0	1.000000E+0	-33.750314E+0	1.609933E+0	36.935806E-3	40.124416E-3
3.400000E+0	1.000000E+0	-33.744780E+0	1.671243E+0	38.236618E-3	41.518211E-3
3.500000E+0	1.000000E+0	-33.742956E+0	1.718426E+0	39.225578E-3	42.543650E-3
3.600000E+0	1.000000E+0	-33.741367E+0	1.743543E+0	39.964437E-3	43.405533E-3
3.700000E+0	1.000000E+0	-33.733204E+0	1.863086E+0	42.807817E-3	46.174288E-3
3.800000E+0	1.000000E+0	-33.733327E+0	1.876473E+0	43.453455E-3	46.807528E-3
3.900000E+0	1.000000E+0	-33.731044E+0	1.905107E+0	44.138908E-3	47.580957E-3
4.000000E+0	1.000000E+0	-33.722210E+0	2.052987E+0	47.542334E-3	50.999880E-3
4.100000E+0	1.000000E+0	-33.719272E+0	2.105629E+0	48.577547E-3	52.131176E-3
4.200000E+0	1.000000E+0	-33.717683E+0	2.150035E+0	49.509764E-3	52.995920E-3
4.300000E+0	1.000000E+0	-33.712173E+0	2.215028E+0	51.338911E-3	54.957151E-3
4.400000E+0	1.000000E+0	-33.710537E+0	2.247941E+0	51.816463E-3	55.518150E-3
4.500000E+0	1.000000E+0	-33.707402E+0	2.297306E+0	53.018808E-3	56.739092E-3
4.600000E+0	1.000000E+0	-33.702815E+0	2.363276E+0	54.744720E-3	58.435917E-3
4.700000E+0	1.000000E+0	-33.703655E+0	2.387893E+0	54.962397E-3	58.706284E-3
4.800000E+0	1.000000E+0	-33.700544E+0	2.410066E+0	55.758715E-3	59.583664E-3
4.900000E+0	1.000000E+0	-33.699027E+0	2.453434E+0	56.871414E-3	60.750723E-3
5.000000E+0	1.000000E+0	-33.693630E+0	2.543890E+0	59.005260E-3	62.938452E-3
5.100000E+0	1.000000E+0	-33.690373E+0	2.581048E+0	60.150385E-3	63.908100E-3
5.200000E+0	1.000000E+0	-33.684943E+0	2.677715E+0	61.952114E-3	65.964937E-3
5.300000E+0	1.000000E+0	-33.687011E+0	2.637339E+0	61.332226E-3	65.264940E-3
5.400000E+0	1.000000E+0	-33.683706E+0	2.704298E+0	62.908411E-3	66.945076E-3
5.500000E+0	1.000000E+0	-33.679432E+0	2.771056E+0	64.095020E-3	68.216562E-3
5.600000E+0	1.000000E+0	-33.675981E+0	2.833641E+0	65.814972E-3	69.858551E-3
5.700000E+0	1.000000E+0	-33.673370E+0	2.882302E+0	67.004204E-3	71.046114E-3
5.800000E+0	1.000000E+0	-33.669585E+0	2.930641E+0	68.072319E-3	72.172165E-3
5.900000E+0	1.000000E+0	-33.665303E+0	2.993762E+0	69.591522E-3	73.737383E-3
6.000000E+0	1.000000E+0	-33.663255E+0	3.029454E+0	70.727825E-3	74.784756E-3
6.100000E+0	1.000000E+0	-33.661548E+0	3.066802E+0	71.533918E-3	75.747252E-3
6.200000E+0	1.000000E+0	-33.658743E+0	3.137648E+0	72.868347E-3	77.068567E-3
6.300000E+0	1.000000E+0	-33.653540E+0	3.191841E+0	74.266195E-3	78.413486E-3
6.400000E+0	1.000000E+0	-33.651472E+0	3.217864E+0	74.991941E-3	79.152822E-3
6.500000E+0	1.000000E+0	-33.649624E+0	3.265166E+0	76.235294E-3	80.420971E-3
6.600000E+0	1.000000E+0	-33.647472E+0	3.302968E+0	76.869249E-3	81.071854E-3
6.700000E+0	1.000000E+0	-33.644754E+0	3.351164E+0	78.274965E-3	82.492352E-3
6.800000E+0	1.000000E+0	-33.640665E+0	3.409636E+0	79.673767E-3	83.942413E-3
6.900000E+0	1.000000E+0	-33.638034E+0	3.464711E+0	80.986977E-3	85.311413E-3
7.000000E+0	1.000000E+0	-33.634365E+0	3.507531E+0	82.088947E-3	86.315155E-3
7.100000E+0	1.000000E+0	-33.630208E+0	3.578126E+0	83.706141E-3	88.105917E-3
7.200000E+0	1.000000E+0	-33.627201E+0	3.613722E+0	84.804535E-3	89.124680E-3
7.300000E+0	1.000000E+0	-33.624235E+0	3.680909E+0	86.295605E-3	90.640306E-3
7.400000E+0	1.000000E+0	-33.621294E+0	3.725815E+0	87.469816E-3	91.739416E-3
7.500000E+0	1.000000E+0	-33.616460E+0	3.791142E+0	88.952541E-3	93.261242E-3
7.600000E+0	1.000000E+0	-33.613706E+0	3.841078E+0	89.947701E-3	94.387770E-3
7.700000E+0	1.000000E+0	-33.614114E+0	3.845274E+0	89.962721E-3	94.419956E-3
7.800000E+0	1.000000E+0	-33.608893E+0	3.932726E+0	92.214346E-3	96.710920E-3
7.900000E+0	1.000000E+0	-33.606601E+0	3.959477E+0	93.126535E-3	97.438812E-3
8.000000E+0	1.000000E+0	-33.603889E+0	4.002607E+0	94.103098E-3	98.477602E-3
8.100000E+0	1.000000E+0	-33.600024E+0	4.090512E+0	96.077204E-3	100.471735E-3
8.200000E+0	1.000000E+0	-33.597178E+0	4.124022E+0	96.687317E-3	101.366282E-3
8.300000E+0	1.000000E+0	-33.592463E+0	4.205811E+0	98.781824E-3	103.221416E-3
8.400000E+0	1.000000E+0	-33.588845E+0	4.246044E+0	99.690914E-3	104.114294E-3
8.500000E+0	1.000000E+0	-33.588443E+0	4.260945E+0	100.454330E-3	104.849100E-3
8.600000E+0	1.000000E+0	-33.585001E+0	4.307544E+0	101.500273E-3	106.016636E-3
8.700000E+0	1.000000E+0	-33.582485E+0	4.365301E+0	102.807999E-3	107.153654E-3
8.800000E+0	1.000000E+0	-33.580235E+0	4.404378E+0	103.519917E-3	107.991219E-3
8.900000E+0	1.000000E+0	-33.577168E+0	4.460454E+0	105.032444E-3	109.554529E-3
9.000000E+0	1.000000E+0	-33.573196E+0	4.515338E+0	106.330872E-3	110.702991E-3
9.100000E+0	1.000000E+0	-33.573661E+0	4.529917E+0	106.209278E-3	110.708952E-3
9.200000E+0	1.000000E+0	-33.567295E+0	4.605544E+0	108.558655E-3	113.095999E-3
9.300000E+0	1.000000E+0	-33.563811E+0	4.667771E+0	109.830856E-3	114.475012E-3
9.400000E+0	1.000000E+0	-33.559075E+0	4.745221E+0	111.852169E-3	116.418362E-3
9.500000E+0	1.000000E+0	-33.555842E+0	4.766786E+0	112.618208E-3	117.130995E-3
9.600000E+0	1.000000E+0	-33.556551E+0	4.799330E+0	113.044739E-3	117.688894E-3
9.700000E+0	1.000000E+0	-33.551932E+0	4.871249E+0	114.983082E-3	119.519234E-3
9.800000E+0	1.000000E+0	-33.549053E+0	4.909599E+0	115.814209E-3	120.351553E-3
9.900000E+0	1.000000E+0	-33.545626E+0	4.946375E+0	117.061138E-3	121.739388E-3
10.000000E+0	1.000000E+0	-33.542455E+0	5.016172E+0	118.301392E-3	122.814417E-3
10.100000E+0	1.000000E+0	-33.537880E+0	5.077815E+0	119.834900E-3	124.489307E-3
10.200000E+0	1.000000E+0	-33.537865E+0	5.098259E+0	120.179176E-3	124.726295E-3
10.300000E+0	1.000000E+0	-33.535046E+0	5.139232E+0	121.572256E-3	126.094818E-3
10.400000E+0	1.000000E+0	-33.530602E+0	5.195415E+0	122.740746E-3	127.322674E-3
10.500000E+0	1.000000E+0	-33.528269E+0	5.252457E+0	124.206543E-3	128.716946E-3
10.600000E+0	1.000000E+0	-33.526019E+0	5.292666E+0	125.411272E-3	129.901409E-3
10.700000E+0	1.000000E+0	-33.520139E+0	5.357707E+0	127.016544E-3	131.555319E-3
10.800000E+0	1.000000E+0	-33.520514E+0	5.370367E+0	127.133608E-3	131.683826E-3
10.900000E+0	1.000000E+0	-33.515823E+0	5.425847E+0	128.624916E-3	133.092880E-3
11.000000E+0	1.000000E+0	-33.512754E+0	5.511045E+0	130.508900E-3	134.997845E-3
11.100000E+0	1.000000E+0	-33.510304E+0	5.533957E+0	131.119728E-3	135.624170E-3
11.200000E+0	1.000000E+0	-33.510042E+0	5.578184E+0	132.349253E-3	136.781216E-3
11.300000E+0	1.000000E+0	-33.504698E+0	5.619216E+0	133.069515E-3	137.622595E-3
11.400000E+0	1.000000E+0	-33.500690E+0	5.684948E+0	134.974957E-3	139.410019E-3
11.500000E+0	1.000000E+0	-33.497859E+0	5.763125E+0	136.650562E-3	141.181707E-3
11.600000E+0	1.000000E+0	-33.495293E+0	5.793762E+0	137.437582E-3	142.035723E-3
11.700000E+0	1.000000E+0	-33.494983E+0	5.793905E+0	137.516499E-3	142.072439E-3
11.800000E+0	1.000000E+0	-33.491076E+0	5.862069E+0	139.404774E-3	143.839121E-3
11.900000E+0	1.000000E+0	-33.485556E+0	5.939376E+0	141.047716E-3	145.552635E-3
12.000000E+0	1.000000E+0	-33.481047E+0	6.021070E+0	143.016100E-3	147.543669E-3
12.100000E+0	1.000000E+0	-33.480534E+0	6.023836E+0	143.259525E-3	147.724628E-3
12.200000E+0	1.000000E+0	-33.477906E+0	6.085098E+0	144.676685E-3	149.101019E-3
12.300000E+0	1.000000E+0	-33.472091E+0	6.150162E+0	146.159887E-3	150.614262E-3
12.400000E+0	1.000000E+0	-33.470873E+0	6.177819E+0	147.065163E-3	151.583195E-3
12.500000E+0	1.000000E+0	-33.465079E+0	6.263816E+0	149.011374E-3	153.508902E-3
12.600000E+0	1.000000E+0	-33.460939E+0	6.300151E+0	150.023460E-3	154.620886E-3
12.700000E+0	1.000000E+0	-33.460173E+0	6.341970E+0	150.975943E-3	155.454159E-3
12.800000E+0	1.000000E+0	-33.458600E+0	6.356585E+0	151.350975E-3	155.973196E-3
12.900000E+0	1.000000E+0	-33.454222E+0	6.412351E+0	152.773619E-3	157.249212E-3
13.000000E+0	1.000000E+0	-33.450947E+0	6.482160E+0	154.250145E-3	158.671379E-3
13.100000E+0	1.000000E+0	-33.449027E+0	6.499469E+0	155.010939E-3	159.423351E-3
13.200000E+0	1.000000E+0	-33.445934E+0	6.564438E+0	156.269789E-3	160.619974E-3
13.300000E+0	1.000000E+0	-33.442128E+0	6.623971E+0	157.669306E-3	162.242174E-3
13.400000E+0	1.000000E+0	-33.441154E+0	6.634474E+0	157.961607E-3	162.438869E-3
13.500000E+0	1.000000E+0	-33.437485E+0	6.685400E+0	159.465790E-3	163.769007E-3
13.600000E+0	1.000000E+0	-33.433626E+0	6.750965E+0	161.085606E-3	165.546417E-3
13.700000E+0	1.000000E+0	-33.430917E+0	6.813979E+0	162.441969E-3	166.922808E-3
13.800000E+0	1.000000E+0	-33.428953E+0	6.847930E+0	163.166523E-3	167.666912E-3
13.900000E+0	1.000000E+0	-33.425495E+0	6.888402E+0	164.166927E-3	168.641329E-3
14.000000E+0	1.000000E+0	-33.423147E+0	6.936073E+0	165.578842E-3	169.860125E-3
14.100000E+0	1.000000E+0	-33.419857E+0	6.971562E+0	166.626453E-3	170.855522E-3
14.200000E+0	1.000000E+0	-33.415759E+0	7.024765E+0	168.018579E-3	172.380686E-3
14.300000E+0	1.000000E+0	-33.412838E+0	7.093680E+0	169.345617E-3	173.686504E-3
14.400000E+0	1.000000E+0	-33.412180E+0	7.126379E+0	170.163155E-3	174.485207E-3
14.500000E+0	1.000000E+0	-33.408696E+0	7.150376E+0	171.095848E-3	175.473213E-3
14.600000E+0	1.000000E+0	-33.404699E+0	7.227337E+0	172.825813E-3	177.131653E-3
14.700000E+0	1.000000E+0	-33.403892E+0	7.239985E+0	173.187733E-3	177.620173E-3
14.800000E+0	1.000000E+0	-33.397648E+0	7.322085E+0	175.166368E-3	179.533958E-3
14.900000E+0	1.000000E+0	-33.395157E+0	7.374346E+0	176.445961E-3	180.597782E-3
15.000000E+0	1.000000E+0	-33.393395E+0	7.406926E+0	177.218676E-3	181.543589E-3
15.100000E+0	1.000000E+0	-33.391202E+0	7.444644E+0	178.247690E-3	182.564735E-3
15.200000E+0	1.000000E+0	-33.387405E+0	7.494891E+0	179.406166E-3	183.805704E-3
15.300000E+0	1.000000E+0	-33.384344E+0	7.552135E+0	180.724382E-3	185.119390E-3
15.400000E+0	1.000000E+0	-33.382759E+0	7.594430E+0	181.936502E-3	186.128855E-3
15.500000E+0	1.000000E+0	-33.377746E+0	7.676065E+0	183.440924E-3	187.666178E-3
15.600000E+0	1.000000E+0	-33.373082E+0	7.729125E+0	184.994698E-3	189.167738E-3
15.700000E+0	1.000000E+0	-33.372766E+0	7.738209E+0	185.366392E-3	189.548492E-3
15.800000E+0	1.000000E+0	-33.370233E+0	7.788563E+0	186.732292E-3	190.853834E-3
15.900000E+0	1.000000E+0	-33.365822E+0	7.829487E+0	187.758207E-3	192.030907E-3
16.000000E+0	1.000000E+0	-33.363078E+0	7.900572E+0	189.280272E-3	193.474293E-3
16.100000E+0	1.000000E+0	-33.360702E+0	7.924187E+0	190.028667E-3	194.230795E-3
16.200000E+0	1.000000E+0	-33.356852E+0	8.008182E+0	191.879511E-3	196.100235E-3
16.300000E+0	1.000000E+0	-33.352983E+0	8.063006E+0	193.342209E-3	197.523594E-3
16.400000E+0	1.000000E+0	-33.350063E+0	8.090854E+0	194.352865E-3	198.468924E-3
16.500000E+0	1.000000E+0	-33.346561E+0	8.158803E+0	195.538044E-3	199.608326E-3
16.600000E+0	1.000000E+0	-33.347518E+0	8.134317E+0	195.392847E-3	199.530602E-3
16.700000E+0	1.000000E+0	-33.343614E+0	8.205497E+0	196.817636E-3	201.128244E-3
16.800000E+0	1.000000E+0	-33.339954E+0	8.289099E+0	198.858738E-3	202.941179E-3
16.900000E+0	1.000000E+0	-33.336363E+0	8.325839E+0	200.053453E-3	204.247475E-3
17.000000E+0	1.000000E+0	-33.332810E+0	8.376098E+0	201.177597E-3	205.258369E-3
17.100000E+0	1.000000E+0	-33.329908E+0	8.405066E+0	202.032089E-3	206.027031E-3
17.200000E+0	1.000000E+0	-33.326251E+0	8.473682E+0	203.604698E-3	207.623482E-3
17.300000E+0	1.000000E+0	-33.322302E+0	8.519781E+0	204.529047E-3	208.723545E-3
17.400000E+0	1.000000E+0	-33.319530E+0	8.591056E+0	206.411362E-3	210.417509E-3
17.500000E+0	1.000000E+0	-33.319226E+0	8.607864E+0	206.628084E-3	210.755825E-3
17.600000E+0	1.000000E+0	-33.314273E+0	8.672607E+0	208.589554E-3	212.576628E-3
17.700000E+0	1.000000E+0	-33.311967E+0	8.705425E+0	209.531546E-3	213.552952E-3
17.800000E+0	1.000000E+0	-33.309624E+0	8.736157E+0	210.158110E-3	214.223385E-3
17.900000E+0	1.000000E+0	-33.308894E+0	8.788812E+0	211.232662E-3	215.187311E-3
18.000000E+0	1.000000E+0	-33.303443E+0	8.836734E+0	212.620974E-3	216.560125E-3
18.100000E+0	1.000000E+0	-33.301703E+0	8.866668E+0	213.392258E-3	217.199564E-3
18.200000E+0	1.000000E+0	-33.298308E+0	8.901072E+0	214.160204E-3	217.919350E-3
18.300000E+0	1.000000E+0	-33.294824E+0	8.980429E+0	216.416121E-3	220.049143E-3
18.400000E+0	1.000000E+0	-33.290324E+0	9.033000E+0	217.257738E-3	221.028566E-3
18.500000E+0	1.000000E+0	-33.287251E+0	9.100008E+0	218.910217E-3	222.575665E-3
18.600000E+0	1.000000E+0	-33.282862E+0	9.147465E+0	220.325708E-3	223.919392E-3
18.700000E+0	1.000000E+0	-33.281827E+0	9.186471E+0	221.076488E-3	224.655628E-3
18.800000E+0	1.000000E+0	-33.278168E+0	9.227669E+0	222.296476E-3	225.821018E-3
18.900000E+0	1.000000E+0	-33.277008E+0	9.270728E+0	223.575354E-3	226.998091E-3
19.000000E+0	1.000000E+0	-33.274761E+0	9.294379E+0	223.896503E-3	227.459908E-3
19.100000E+0	1.000000E+0	-33.270196E+0	9.371138E+0	226.022005E-3	229.485989E-3
19.200000E+0	1.000000E+0	-33.266825E+0	9.424865E+0	226.874590E-3	230.378389E-3
19.300000E+0	1.000000E+0	-33.263594E+0	9.465384E+0	228.083134E-3	231.621981E-3
19.400000E+0	1.000000E+0	-33.261794E+0	9.481823E+0	228.655815E-3	232.154608E-3
19.500000E+0	1.000000E+0	-33.260042E+0	9.540009E+0	229.953289E-3	233.536005E-3
19.600000E+0	1.000000E+0	-33.257115E+0	9.583628E+0	231.365681E-3	234.758139E-3
19.700000E+0	1.000000E+0	-33.255679E+0	9.610522E+0	231.750965E-3	235.266924E-3
19.800000E+0	1.000000E+0	-33.251459E+0	9.663403E+0	233.184099E-3	236.530066E-3
19.900000E+0	1.000000E+0	-33.246232E+0	9.749222E+0	235.303640E-3	238.724232E-3
20.000000E+0	1.000000E+0	-33.244953E+0	9.767509E+0	235.596895E-3	239.050627E-3
20.100000E+0	1.000000E+0	-33.237878E+0	9.860122E+0	237.976789E-3	241.444826E-3
20.200000E+0	1.000000E+0	-33.235464E+0	9.895384E+0	238.638639E-3	242.225409E-3
20.300000E+0	1.000000E+0	-33.234752E+0	9.909773E+0	239.134789E-3	242.578983E-3
20.400000E+0	1.000000E+0	-33.230752E+0	9.983957E+0	241.152287E-3	244.714975E-3
20.500000E+0	1.000000E+0	-33.229715E+0	10.001147E+0	241.875887E-3	245.267153E-3
20.600000E+0	1.000000E+0	-33.223334E+0	10.095036E+0	244.040489E-3	247.423410E-3
20.700000E+0	1.000000E+0	-33.221865E+0	10.117614E+0	244.459629E-3	247.776508E-3
20.800000E+0	1.000000E+0	-33.220742E+0	10.131681E+0	244.914055E-3	248.396397E-3
20.900000E+0	1.000000E+0	-33.218104E+0	10.176992E+0	246.059418E-3	249.439240E-3
21.000000E+0	1.000000E+0	-33.211545E+0	10.268176E+0	248.522043E-3	251.933575E-3
21.100000E+0	1.000000E+0	-33.210093E+0	10.287499E+0	249.122620E-3	252.402067E-3
21.200000E+0	1.000000E+0	-33.209733E+0	10.316479E+0	249.379396E-3	252.726793E-3
21.300000E+0	1.000000E+0	-33.204255E+0	10.379696E+0	251.242876E-3	254.542828E-3
21.400000E+0	1.000000E+0	-33.203540E+0	10.413504E+0	252.077341E-3	255.489588E-3
21.500000E+0	1.000000E+0	-33.198429E+0	10.469866E+0	253.396511E-3	256.780148E-3
21.600000E+0	1.000000E+0	-33.195821E+0	10.522819E+0	254.498482E-3	257.769823E-3
21.700000E+0	1.000000E+0	-33.192572E+0	10.588789E+0	256.303549E-3	259.730577E-3
21.800000E+0	1.000000E+0	-33.190933E+0	10.626721E+0	257.237196E-3	260.501623E-3
21.900000E+0	1.000000E+0	-33.185912E+0	10.663986E+0	258.261442E-3	261.472225E-3
22.000000E+0	1.000000E+0	-33.182520E+0	10.740352E+0	259.810448E-3	263.062000E-3
22.100000E+0	1.000000E+0	-33.178452E+0	10.784507E+0	261.283636E-3	264.581442E-3
22.200000E+0	1.000000E+0	-33.179257E+0	10.783410E+0	261.152506E-3	264.349222E-3
22.300000E+0	1.000000E+0	-33.174387E+0	10.856271E+0	263.032675E-3	266.318560E-3
22.400000E+0	1.000000E+0	-33.172405E+0	10.903525E+0	264.048815E-3	267.276049E-3
22.500000E+0	1.000000E+0	-33.168319E+0	10.955071E+0	265.363216E-3	268.453360E-3
22.600000E+0	1.000000E+0	-33.166978E+0	11.011159E+0	266.788483E-3	269.917488E-3
22.700000E+0	1.000000E+0	-33.163888E+0	11.048341E+0	267.744303E-3	270.916700E-3
22.800000E+0	1.000000E+0	-33.159605E+0	11.090112E+0	268.871546E-3	272.072315E-3
22.900000E+0	1.000000E+0	-33.157453E+0	11.112511E+0	269.632816E-3	272.615194E-3
23.000000E+0	1.000000E+0	-33.153397E+0	11.187649E+0	271.545887E-3	274.558067E-3
23.100000E+0	1.000000E+0	-33.149365E+0	11.255240E+0	273.074150E-3	276.129484E-3
23.200000E+0	1.000000E+0	-33.146859E+0	11.297727E+0	274.171114E-3	277.121782E-3
23.300000E+0	1.000000E+0	-33.144689E+0	11.346519E+0	274.971724E-3	277.899742E-3
23.400000E+0	1.000000E+0	-33.138910E+0	11.395800E+0	276.536226E-3	279.450655E-3
23.500000E+0	1.000000E+0	-33.138356E+0	11.393154E+0	276.538134E-3	279.552221E-3
23.600000E+0	1.000000E+0	-33.135480E+0	11.480951E+0	278.715611E-3	281.556368E-3
23.700000E+0	1.000000E+0	-33.131519E+0	11.532319E+0	279.929161E-3	282.706738E-3
23.800000E+0	1.000000E+0	-33.127898E+0	11.594927E+0	281.143665E-3	284.107685E-3
23.900000E+0	1.000000E+0	-33.128664E+0	11.571681E+0	280.945539E-3	283.810854E-3
24.000000E+0	1.000000E+0	-33.122939E+0	11.648357E+0	282.754898E-3	285.508394E-3
24.100000E+0	1.000000E+0	-33.118955E+0	11.707413E+0	284.468174E-3	287.150145E-3
24.200000E+0	1.000000E+0	-33.117417E+0	11.742651E+0	285.387278E-3	288.133383E-3
24.300000E+0	1.000000E+0	-33.114124E+0	11.798108E+0	286.624193E-3	289.283991E-3
24.400000E+0	1.000000E+0	-33.110312E+0	11.840832E+0	287.771225E-3	290.466070E-3
24.500000E+0	1.000000E+0	-33.110929E+0	11.846256E+0	287.808180E-3	290.539980E-3
24.600000E+0	1.000000E+0	-33.105132E+0	11.943555E+0	290.122271E-3	292.780876E-3
24.700000E+0	1.000000E+0	-33.101446E+0	11.998081E+0	291.158199E-3	293.795824E-3
24.800000E+0	1.000000E+0	-33.099539E+0	12.032092E+0	292.427778E-3	295.094967E-3
24.900000E+0	1.000000E+0	-33.097744E+0	12.080979E+0	293.608904E-3	296.077967E-3
25.000000E+0	1.000000E+0	-33.094085E+0	12.122512E+0	294.788122E-3	297.418594E-3
25.100000E+0	1.000000E+0	-33.091990E+0	12.163091E+0	295.915365E-3	298.523188E-3
25.200000E+0	1.000000E+0	-33.086887E+0	12.228358E+0	297.248602E-3	299.804687E-3
25.300000E+0	1.000000E+0	-33.083326E+0	12.270033E+0	298.402071E-3	300.764084E-3
25.400000E+0	1.000000E+0	-33.081678E+0	12.310684E+0	299.551249E-3	302.057743E-3
25.500000E+0	1.000000E+0	-33.078844E+0	12.317753E+0	299.739599E-3	302.152157E-3
25.600000E+0	1.000000E+0	-33.075816E+0	12.384629E+0	301.334620E-3	303.743362E-3
25.700000E+0	1.000000E+0	-33.073679E+0	12.438786E+0	302.563190E-3	305.043936E-3
25.800000E+0	1.000000E+0	-33.069513E+0	12.486374E+0	303.813934E-3	306.253433E-3
25.900000E+0	1.000000E+0	-33.065498E+0	12.545955E+0	305.411339E-3	307.605743E-3
26.000000E+0	1.000000E+0	-33.062801E+0	12.580919E+0	306.200981E-3	308.531046E-3
26.100000E+0	1.000000E+0	-33.059833E+0	12.656295E+0	307.998896E-3	310.268402E-3
26.200000E+0	1.000000E+0	-33.055047E+0	12.721395E+0	309.750557E-3	312.034845E-3
26.300000E+0	1.000000E+0	-33.053810E+0	12.733757E+0	310.149193E-3	312.381744E-3
26.400000E+0	1.000000E+0	-33.051536E+0	12.760198E+0	310.726404E-3	313.008308E-3
26.500000E+0	1.000000E+0	-33.049468E+0	12.782311E+0	311.496019E-3	313.719988E-3
26.600000E+0	1.000000E+0	-33.046711E+0	12.848973E+0	313.076019E-3	315.225363E-3
26.700000E+0	1.000000E+0	-33.042527E+0	12.924802E+0	314.777613E-3	316.960573E-3
26.800000E+0	1.000000E+0	-33.038769E+0	12.964928E+0	315.936327E-3	318.073750E-3
26.900000E+0	1.000000E+0	-33.034516E+0	13.020182E+0	317.268848E-3	319.365501E-3
27.000000E+0	1.000000E+0	-33.033997E+0	13.042438E+0	318.027735E-3	320.048571E-3
27.100000E+0	1.000000E+0	-33.029372E+0	13.084507E+0	319.221258E-3	321.279764E-3
27.200000E+0	1.000000E+0	-33.028114E+0	13.130689E+0	320.100307E-3	322.160244E-3
27.300000E+0	1.000000E+0	-33.026427E+0	13.151944E+0	320.443153E-3	322.578907E-3
27.400000E+0	1.000000E+0	-33.022413E+0	13.181341E+0	321.716547E-3	323.591709E-3
27.500000E+0	1.000000E+0	-33.019132E+0	13.269937E+0	323.550940E-3	325.498581E-3
27.600000E+0	1.000000E+0	-33.014706E+0	13.337851E+0	325.190306E-3	327.121496E-3
27.700000E+0	1.000000E+0	-33.012653E+0	13.366187E+0	325.969696E-3	327.830076E-3
27.800000E+0	1.000000E+0	-33.010516E+0	13.403869E+0	326.918602E-3	328.839779E-3
27.900000E+0	1.000000E+0	-33.007220E+0	13.434887E+0	327.894449E-3	329.666615E-3
28.000000E+0	1.000000E+0	-33.001623E+0	13.547575E+0	330.440283E-3	332.327843E-3
28.100000E+0	1.000000E+0	-33.000160E+0	13.574028E+0	331.230402E-3	333.059549E-3
28.200000E+0	1.000000E+0	-32.995821E+0	13.621294E+0	332.530499E-3	334.319830E-3
28.300000E+0	1.000000E+0	-32.993323E+0	13.646686E+0	333.122969E-3	334.924936E-3
28.400000E+0	1.000000E+0	-32.992766E+0	13.689363E+0	334.009171E-3	335.702658E-3
28.500000E+0	1.000000E+0	-32.989103E+0	13.724804E+0	335.055828E-3	336.856842E-3
28.600000E+0	1.000000E+0	-32.985986E+0	13.779390E+0	336.555719E-3	338.262558E-3
28.700000E+0	1.000000E+0	-32.981682E+0	13.848495E+0	337.938547E-3	339.704752E-3
28.800000E+0	1.000000E+0	-32.978234E+0	13.889956E+0	339.155436E-3	340.905666E-3
28.900000E+0	1.000000E+0	-32.977882E+0	13.881981E+0	339.206457E-3	340.875864E-3
29.000000E+0	1.000000E+0	-32.974470E+0	13.964641E+0	340.890169E-3	342.520237E-3
29.100000E+0	1.000000E+0	-32.970998E+0	13.996243E+0	342.220306E-3	343.816280E-3
29.200000E+0	1.000000E+0	-32.967785E+0	14.040804E+0	343.118191E-3	344.772339E-3
29.300000E+0	1.000000E+0	-32.961467E+0	14.136446E+0	345.443964E-3	347.169161E-3
29.400000E+0	1.000000E+0	-32.963711E+0	14.112437E+0	344.891071E-3	346.440315E-3
29.500000E+0	1.000000E+0	-32.957331E+0	14.200032E+0	346.998453E-3	348.569870E-3
29.600000E+0	1.000000E+0	-32.953912E+0	14.221883E+0	347.961426E-3	349.440098E-3
29.700000E+0	1.000000E+0	-32.949487E+0	14.313066E+0	349.921465E-3	351.262569E-3
29.800000E+0	1.000000E+0	-32.948208E+0	14.340425E+0	350.602150E-3	352.199554E-3
29.900000E+0	1.000000E+0	-32.947621E+0	14.337778E+0	350.505590E-3	352.072716E-3
30.000000E+0	1.000000E+0	-32.944093E+0	14.404738E+0	352.156878E-3	353.666306E-3
30.100000E+0	1.000000E+0	-32.938871E+0	14.481401E+0	354.398727E-3	355.723143E-3
30.200000E+0	1.000000E+0	-32.936478E+0	14.527476E+0	355.379105E-3	356.673002E-3
30.300000E+0	1.000000E+0	-32.931692E+0	14.593863E+0	357.069731E-3	358.321428E-3
30.400000E+0	1.000000E+0	-32.932777E+0	14.583969E+0	356.973648E-3	358.362198E-3
30.500000E+0	1.000000E+0	-32.927403E+0	14.655089E+0	358.609200E-3	359.963179E-3
30.600000E+0	1.000000E+0	-32.925645E+0	14.682508E+0	359.374285E-3	360.693216E-3
30.700000E+0	1.000000E+0	-32.923475E+0	14.725506E+0	360.532522E-3	361.694813E-3
30.800000E+0	1.000000E+0	-32.919351E+0	14.795995E+0	362.242699E-3	363.540173E-3
30.900000E+0	1.000000E+0	-32.917595E+0	14.809060E+0	362.492085E-3	363.794327E-3
31.000000E+0	1.000000E+0	-32.912985E+0	14.885736E+0	364.522934E-3	365.710497E-3
31.100000E+0	1.000000E+0	-32.909164E+0	14.934778E+0	365.748405E-3	366.947889E-3
31.200000E+0	1.000000E+0	-32.905686E+0	14.992929E+0	366.954803E-3	368.364334E-3
31.300000E+0	1.000000E+0	-32.904074E+0	14.996612E+0	367.422104E-3	368.500710E-3
31.400000E+0	1.000000E+0	-32.899067E+0	15.072334E+0	369.231939E-3	370.338917E-3
31.500000E+0	1.000000E+0	-32.898188E+0	15.114999E+0	370.219231E-3	371.400356E-3
31.600000E+0	1.000000E+0	-32.896483E+0	15.130019E+0	370.529890E-3	371.613026E-3
31.700000E+0	1.000000E+0	-32.892421E+0	15.198398E+0	372.169733E-3	373.182297E-3
31.800000E+0	1.000000E+0	-32.889200E+0	15.248036E+0	373.806238E-3	374.777794E-3
31.900000E+0	1.000000E+0	-32.887459E+0	15.226686E+0	373.251677E-3	374.100924E-3
32.000000E+0	1.000000E+0	-32.882119E+0	15.338850E+0	376.273155E-3	377.146482E-3
32.100000E+0	1.000000E+0	-32.882765E+0	15.367711E+0	376.559734E-3	377.424002E-3
32.200000E+0	1.000000E+0	-32.879919E+0	15.402198E+0	377.474546E-3	378.514051E-3
32.300000E+0	1.000000E+0	-32.874734E+0	15.443385E+0	378.555775E-3	379.540920E-3
32.400000E+0	1.000000E+0	-32.870943E+0	15.519071E+0	380.510330E-3	381.317139E-3
32.500000E+0	1.000000E+0	-32.869953E+0	15.527368E+0	380.662918E-3	381.647825E-3
32.600000E+0	1.000000E+0	-32.866559E+0	15.584028E+0	382.283211E-3	383.077383E-3
32.700000E+0	1.000000E+0	-32.860977E+0	15.656340E+0	383.956432E-3	384.695292E-3
32.800000E+0	1.000000E+0	-32.858992E+0	15.658247E+0	384.254456E-3	384.980679E-3
32.900000E+0	1.000000E+0	-32.858518E+0	15.728080E+0	385.844707E-3	386.702776E-3
33.000000E+0	1.000000E+0	-32.852877E+0	15.790379E+0	387.414932E-3	388.240099E-3
33.100000E+0	1.000000E+0	-32.848940E+0	15.850437E+0	388.777494E-3	389.644623E-3
33.200000E+0	1.000000E+0	-32.846424E+0	15.864038E+0	389.190435E-3	389.977217E-3
33.300000E+0	1.000000E+0	-32.844919E+0	15.908253E+0	390.445948E-3	390.989065E-3
33.400000E+0	1.000000E+0	-32.842052E+0	15.937710E+0	391.070843E-3	391.767263E-3
33.500000E+0	1.000000E+0	-32.835725E+0	16.010070E+0	393.171549E-3	393.715620E-3
33.600000E+0	1.000000E+0	-32.836298E+0	16.028714E+0	393.471956E-3	394.120693E-3
33.700000E+0	1.000000E+0	-32.832873E+0	16.090310E+0	394.979954E-3	395.593882E-3
33.800000E+0	1.000000E+0	-32.828972E+0	16.162252E+0	396.806002E-3	397.306919E-3
33.900000E+0	1.000000E+0	-32.826984E+0	16.170084E+0	397.071123E-3	397.561789E-3
34.000000E+0	1.000000E+0	-32.823584E+0	16.240394E+0	398.633480E-3	399.137259E-3
34.100000E+0	1.000000E+0	-32.819710E+0	16.262937E+0	399.722338E-3	400.021076E-3
34.200000E+0	1.000000E+0	-32.817227E+0	16.315258E+0	400.870800E-3	401.426554E-3
34.300000E+0	1.000000E+0	-32.813824E+0	16.359890E+0	401.824713E-3	402.140617E-3
34.400000E+0	1.000000E+0	-32.810459E+0	16.399240E+0	403.126955E-3	403.531075E-3
34.500000E+0	1.000000E+0	-32.809756E+0	16.444576E+0	404.125214E-3	404.550791E-3
34.600000E+0	1.000000E+0	-32.803783E+0	16.506171E+0	405.665398E-3	406.067848E-3
34.700000E+0	1.000000E+0	-32.802847E+0	16.534054E+0	406.301498E-3	406.609058E-3
34.800000E+0	1.000000E+0	-32.800162E+0	16.608703E+0	408.011198E-3	408.292532E-3
34.900000E+0	1.000000E+0	-32.795385E+0	16.641116E+0	409.140587E-3	409.460068E-3
35.000000E+0	1.000000E+0	-32.794750E+0	16.657770E+0	409.499884E-3	409.893274E-3
35.100000E+0	1.000000E+0	-32.791579E+0	16.716397E+0	410.892248E-3	411.088467E-3
35.200000E+0	1.000000E+0	-32.786850E+0	16.788101E+0	412.849665E-3	413.032770E-3
35.300000E+0	1.000000E+0	-32.783348E+0	16.818774E+0	413.603067E-3	413.747072E-3
35.400000E+0	1.000000E+0	-32.781163E+0	16.843057E+0	414.545774E-3	414.613485E-3
35.500000E+0	1.000000E+0	-32.778371E+0	16.897297E+0	415.752649E-3	415.873051E-3
35.600000E+0	1.000000E+0	-32.775036E+0	16.957390E+0	417.132616E-3	417.272568E-3
35.700000E+0	1.000000E+0	-32.772053E+0	17.015421E+0	418.339491E-3	418.459892E-3
35.800000E+0	1.000000E+0	-32.770384E+0	17.019248E+0	418.872833E-3	418.939114E-3
35.900000E+0	1.000000E+0	-32.766125E+0	17.073584E+0	419.902563E-3	420.040846E-3
36.000000E+0	1.000000E+0	-32.762787E+0	17.152083E+0	421.954870E-3	422.089815E-3
36.100000E+0	1.000000E+0	-32.762689E+0	17.145896E+0	421.793222E-3	421.939135E-3
36.200000E+0	1.000000E+0	-32.758961E+0	17.192209E+0	422.868490E-3	422.830820E-3
36.300000E+0	1.000000E+0	-32.752103E+0	17.301154E+0	425.642490E-3	425.642729E-3
36.400000E+0	1.000000E+0	-32.751015E+0	17.334640E+0	426.423311E-3	426.433802E-3
36.500000E+0	1.000000E+0	-32.749466E+0	17.341995E+0	427.174568E-3	427.156925E-3
36.600000E+0	1.000000E+0	-32.746643E+0	17.375278E+0	427.843332E-3	427.771091E-3
36.700000E+0	1.000000E+0	-32.741940E+0	17.437577E+0	429.267883E-3	429.134369E-3
36.800000E+0	1.000000E+0	-32.740254E+0	17.464995E+0	430.070400E-3	430.033922E-3
36.900000E+0	1.000000E+0	-32.736764E+0	17.515171E+0	431.465626E-3	431.222439E-3
37.000000E+0	1.000000E+0	-32.733301E+0	17.567503E+0	432.717800E-3	432.621956E-3
37.100000E+0	1.000000E+0	-32.730630E+0	17.607951E+0	433.405876E-3	433.368921E-3
37.200000E+0	1.000000E+0	-32.728929E+0	17.635155E+0	434.519291E-3	434.398651E-3
37.300000E+0	1.000000E+0	-32.722348E+0	17.729568E+0	436.683893E-3	436.427116E-3
37.400000E+0	1.000000E+0	-32.722369E+0	17.735958E+0	436.976910E-3	436.768055E-3
37.500000E+0	1.000000E+0	-32.719541E+0	17.776048E+0	438.066959E-3	437.840462E-3
37.600000E+0	1.000000E+0	-32.714659E+0	17.866313E+0	440.194845E-3	439.876556E-3
37.700000E+0	1.000000E+0	-32.711733E+0	17.872906E+0	440.690041E-3	440.416336E-3
37.800000E+0	1.000000E+0	-32.710323E+0	17.915070E+0	441.660643E-3	441.443682E-3
37.900000E+0	1.000000E+0	-32.704950E+0	17.988634E+0	443.647861E-3	443.294525E-3
38.000000E+0	1.000000E+0	-32.704819E+0	18.001831E+0	443.738699E-3	443.381548E-3
38.100000E+0	1.000000E+0	-32.703618E+0	18.024719E+0	444.445372E-3	444.047451E-3
38.200000E+0	1.000000E+0	-32.698212E+0	18.097746E+0	446.020842E-3	445.647717E-3
38.300000E+0	1.000000E+0	-32.694415E+0	18.158078E+0	447.457075E-3	447.132349E-3
38.400000E+0	1.000000E+0	-32.691095E+0	18.208754E+0	449.112177E-3	448.528290E-3
38.500000E+0	1.000000E+0	-32.689140E+0	18.236339E+0	449.738979E-3	449.333429E-3
38.600000E+0	1.000000E+0	-32.683003E+0	18.303263E+0	451.311111E-3	450.785875E-3
38.700000E+0	1.000000E+0	-32.682923E+0	18.338537E+0	452.330351E-3	451.842308E-3
38.800000E+0	1.000000E+0	-32.675443E+0	18.433404E+0	454.582930E-3	454.148769E-3
38.900000E+0	1.000000E+0	-32.675755E+0	18.447602E+0	455.035686E-3	454.391956E-3
39.000000E+0	1.000000E+0	-32.671553E+0	18.501520E+0	456.280470E-3	455.648661E-3
39.100000E+0	1.000000E+0	-32.669414E+0	18.529022E+0	456.981659E-3	456.414223E-3
39.200000E+0	1.000000E+0	-32.667104E+0	18.573797E+0	458.281755E-3	457.667589E-3
39.300000E+0	1.000000E+0	-32.663161E+0	18.617344E+0	459.564686E-3	458.872080E-3
39.400000E+0	1.000000E+0	-32.659880E+0	18.654799E+0	460.544348E-3	459.797382E-3
39.500000E+0	1.000000E+0	-32.656518E+0	18.712032E+0	461.843014E-3	461.030483E-3
39.600000E+0	1.000000E+0	-32.654441E+0	18.722582E+0	462.241173E-3	461.545706E-3
39.700000E+0	1.000000E+0	-32.652662E+0	18.750155E+0	462.811708E-3	462.178707E-3
39.800000E+0	1.000000E+0	-32.648683E+0	18.810511E+0	464.522362E-3	463.789701E-3
39.900000E+0	1.000000E+0	-32.645751E+0	18.860269E+0	465.664148E-3	465.144634E-3
40.000000E+0	1.000000E+0	-32.644749E+0	18.900776E+0	466.762304E-3	465.962648E-3
40.100000E+0	1.000000E+0	-32.639230E+0	18.964267E+0	468.440056E-3	467.691898E-3
40.200000E+0	1.000000E+0	-32.638389E+0	19.007730E+0	469.393253E-3	468.584299E-3
40.300000E+0	1.000000E+0	-32.632643E+0	19.058442E+0	470.560312E-3	469.849110E-3
40.400000E+0	1.000000E+0	-32.631788E+0	19.076419E+0	471.231222E-3	470.436096E-3
40.500000E+0	1.000000E+0	-32.629830E+0	19.134510E+0	472.421885E-3	471.634150E-3
40.600000E+0	1.000000E+0	-32.624284E+0	19.183707E+0	473.931074E-3	473.034143E-3
40.700000E+0	1.000000E+0	-32.623342E+0	19.188547E+0	474.340200E-3	473.563433E-3
40.800000E+0	1.000000E+0	-32.618866E+0	19.249511E+0	475.597620E-3	474.822283E-3
40.900000E+0	1.000000E+0	-32.617438E+0	19.297481E+0	476.838589E-3	475.969315E-3
41.000000E+0	1.000000E+0	-32.613981E+0	19.345236E+0	478.068113E-3	477.184296E-3
41.100000E+0	1.000000E+0	-32.609743E+0	19.394982E+0	479.166031E-3	478.367329E-3
41.200000E+0	1.000000E+0	-32.607824E+0	19.414246E+0	479.990959E-3	479.161024E-3
41.300000E+0	1.000000E+0	-32.605428E+0	19.475222E+0	481.485367E-3	480.588198E-3
41.400000E+0	1.000000E+0	-32.600657E+0	19.547939E+0	483.050585E-3	482.184410E-3
41.500000E+0	1.000000E+0	-32.597319E+0	19.576812E+0	484.088659E-3	483.191729E-3
41.600000E+0	1.000000E+0	-32.593829E+0	19.608510E+0	485.118628E-3	484.206915E-3
41.700000E+0	1.000000E+0	-32.593173E+0	19.648230E+0	485.861778E-3	484.984159E-3
41.800000E+0	1.000000E+0	-32.587937E+0	19.716156E+0	487.873316E-3	486.906528E-3
41.900000E+0	1.000000E+0	-32.584605E+0	19.775748E+0	488.947630E-3	488.032818E-3
42.000000E+0	1.000000E+0	-32.582394E+0	19.790030E+0	489.418268E-3	488.332272E-3
42.100000E+0	1.000000E+0	-32.580516E+0	19.825709E+0	490.555048E-3	489.495754E-3
42.200000E+0	1.000000E+0	-32.577384E+0	19.868410E+0	491.625309E-3	490.648270E-3
42.300000E+0	1.000000E+0	-32.576696E+0	19.900000E+0	492.219925E-3	491.175175E-3
42.400000E+0	1.000000E+0	-32.573182E+0	19.946718E+0	493.666410E-3	492.578983E-3
42.500000E+0	1.000000E+0	-32.568464E+0	20.001984E+0	494.726896E-3	493.662357E-3
42.600000E+0	1.000000E+0	-32.566324E+0	20.048296E+0	496.112108E-3	495.081663E-3
42.700000E+0	1.000000E+0	-32.560733E+0	20.114052E+0	497.859478E-3	496.826887E-3
42.800000E+0	1.000000E+0	-32.559026E+0	20.135796E+0	498.585701E-3	497.395039E-3
42.900000E+0	1.000000E+0	-32.555306E+0	20.200717E+0	500.103235E-3	498.995304E-3
43.000000E+0	1.000000E+0	-32.554731E+0	20.204866E+0	500.159740E-3	499.004126E-3
43.100000E+0	1.000000E+0	-32.549164E+0	20.296383E+0	502.447844E-3	501.394033E-3
43.200000E+0	1.000000E+0	-32.547868E+0	20.298660E+0	502.761841E-3	501.523972E-3
43.300000E+0	1.000000E+0	-32.543266E+0	20.376158E+0	504.647970E-3	503.426790E-3
43.400000E+0	1.000000E+0	-32.541213E+0	20.404267E+0	505.611658E-3	504.398823E-3
43.500000E+0	1.000000E+0	-32.538948E+0	20.442736E+0	506.259918E-3	505.069971E-3
43.600000E+0	1.000000E+0	-32.535178E+0	20.489812E+0	507.486582E-3	506.337643E-3
43.700000E+0	1.000000E+0	-32.532296E+0	20.535934E+0	508.749962E-3	507.483959E-3
43.800000E+0	1.000000E+0	-32.529605E+0	20.567024E+0	509.421587E-3	508.101940E-3
43.900000E+0	1.000000E+0	-32.526854E+0	20.617592E+0	510.852814E-3	509.603977E-3
44.000000E+0	1.000000E+0	-32.523200E+0	20.666420E+0	511.854649E-3	510.643005E-3
44.100000E+0	1.000000E+0	-32.519389E+0	20.728827E+0	513.352633E-3	512.187719E-3
44.200000E+0	1.000000E+0	-32.514304E+0	20.788693E+0	515.012741E-3	513.610125E-3
44.300000E+0	1.000000E+0	-32.515839E+0	20.772684E+0	514.683008E-3	513.364792E-3
44.400000E+0	1.000000E+0	-32.511509E+0	20.837164E+0	516.668558E-3	515.119553E-3
44.500000E+0	1.000000E+0	-32.508964E+0	20.869100E+0	517.362356E-3	516.018152E-3
44.600000E+0	1.000000E+0	-32.506338E+0	20.940614E+0	518.586397E-3	517.313957E-3
44.700000E+0	1.000000E+0	-32.501203E+0	20.968640E+0	520.030975E-3	518.608570E-3
44.800000E+0	1.000000E+0	-32.498995E+0	21.014380E+0	521.138191E-3	519.618750E-3
44.900000E+0	1.000000E+0	-32.498342E+0	21.026492E+0	521.146059E-3	519.656420E-3
45.000000E+0	1.000000E+0	-32.494548E+0	21.107721E+0	523.222685E-3	521.888256E-3
45.100000E+0	1.000000E+0	-32.490162E+0	21.141970E+0	523.977518E-3	522.325039E-3
45.200000E+0	1.000000E+0	-32.484758E+0	21.229529E+0	526.562214E-3	524.983644E-3
45.300000E+0	1.000000E+0	-32.484830E+0	21.227026E+0	526.218653E-3	524.575233E-3
45.400000E+0	1.000000E+0	-32.482490E+0	21.276331E+0	527.904987E-3	526.319981E-3
45.500000E+0	1.000000E+0	-32.479361E+0	21.322548E+0	529.179573E-3	527.426720E-3
45.600000E+0	1.000000E+0	-32.475090E+0	21.355772E+0	529.982090E-3	528.398752E-3
45.700000E+0	1.000000E+0	-32.472900E+0	21.410131E+0	531.344414E-3	529.740334E-3
45.800000E+0	1.000000E+0	-32.469029E+0	21.449912E+0	532.315969E-3	530.681372E-3
45.900000E+0	1.000000E+0	-32.464397E+0	21.532416E+0	534.289598E-3	532.566547E-3
46.000000E+0	1.000000E+0	-32.467789E+0	21.497428E+0	533.605576E-3	531.931639E-3
46.100000E+0	1.000000E+0	-32.460893E+0	21.570587E+0	535.221577E-3	533.554316E-3
46.200000E+0	1.000000E+0	-32.459140E+0	21.612692E+0	536.329269E-3	534.595490E-3
46.300000E+0	1.000000E+0	-32.454741E+0	21.677542E+0	538.159370E-3	536.273956E-3
46.400000E+0	1.000000E+0	-32.451824E+0	21.714902E+0	538.890123E-3	537.162781E-3
46.500000E+0	1.000000E+0	-32.449553E+0	21.751642E+0	540.069818E-3	538.270712E-3
46.600000E+0	1.000000E+0	-32.443619E+0	21.834421E+0	542.045116E-3	540.258408E-3
46.700000E+0	1.000000E+0	-32.442257E+0	21.839643E+0	542.186737E-3	540.445805E-3
46.800000E+0	1.000000E+0	-32.440702E+0	21.877050E+0	543.250561E-3	541.335821E-3
46.900000E+0	1.000000E+0	-32.438699E+0	21.901524E+0	543.938637E-3	542.223454E-3
47.000000E+0	1.000000E+0	-32.432905E+0	21.978724E+0	545.672655E-3	543.819189E-3
47.100000E+0	1.000000E+0	-32.433099E+0	21.992207E+0	546.161413E-3	544.141054E-3
47.200000E+0	1.000000E+0	-32.426143E+0	22.092414E+0	548.633099E-3	546.603680E-3
47.300000E+0	1.000000E+0	-32.425184E+0	22.108805E+0	549.073458E-3	547.141552E-3
47.400000E+0	1.000000E+0	-32.422734E+0	22.136819E+0	549.856663E-3	547.930002E-3
47.500000E+0	1.000000E+0	-32.416684E+0	22.236514E+0	552.022219E-3	550.061703E-3
47.600000E+0	1.000000E+0	-32.415644E+0	22.221959E+0	552.242517E-3	550.205231E-3
47.700000E+0	1.000000E+0	-32.413394E+0	22.273684E+0	553.373337E-3	551.219463E-3
47.800000E+0	1.000000E+0	-32.409004E+0	22.334599E+0	554.883003E-3	553.012848E-3
47.900000E+0	1.000000E+0	-32.409791E+0	22.320199E+0	554.706097E-3	552.639008E-3
48.000000E+0	1.000000E+0	-32.402662E+0	22.422552E+0	557.418346E-3	555.246115E-3
48.100000E+0	1.000000E+0	-32.399643E+0	22.452927E+0	558.191299E-3	556.141138E-3
48.200000E+0	1.000000E+0	-32.396734E+0	22.522926E+0	559.715986E-3	557.613134E-3
48.300000E+0	1.000000E+0	-32.395012E+0	22.537160E+0	560.355186E-3	558.137178E-3
48.400000E+0	1.000000E+0	-32.392213E+0	22.578800E+0	561.247349E-3	559.047937E-3
48.500000E+0	1.000000E+0	-32.388506E+0	22.630799E+0	562.463045E-3	560.305595E-3
48.600000E+0	1.000000E+0	-32.386592E+0	22.655964E+0	563.142300E-3	560.982227E-3
48.700000E+0	1.000000E+0	-32.380671E+0	22.739983E+0	565.482378E-3	563.356161E-3
48.800000E+0	1.000000E+0	-32.379067E+0	22.751093E+0	565.883875E-3	563.681364E-3
48.900000E+0	1.000000E+0	-32.375408E+0	22.806561E+0	567.008972E-3	564.683914E-3
49.000000E+0	1.000000E+0	-32.373786E+0	22.837126E+0	568.203211E-3	566.051722E-3
49.100000E+0	1.000000E+0	-32.372818E+0	22.867203E+0	568.677187E-3	566.417694E-3
49.200000E+0	1.000000E+0	-32.367313E+0	22.916603E+0	570.186138E-3	567.899466E-3
49.300000E+0	1.000000E+0	-32.363269E+0	23.006821E+0	572.077513E-3	569.689989E-3
49.400000E+0	1.000000E+0	-32.362369E+0	22.997558E+0	572.282314E-3	569.894075E-3
49.500000E+0	1.000000E+0	-32.360557E+0	23.038900E+0	573.126793E-3	570.720196E-3
49.600000E+0	1.000000E+0	-32.353533E+0	23.113286E+0	575.135946E-3	572.832823E-3
49.700000E+0	1.000000E+0	-32.352376E+0	23.146319E+0	575.917244E-3	573.561430E-3
49.800000E+0	1.000000E+0	-32.349328E+0	23.198056E+0	577.246904E-3	574.977160E-3
49.900000E+0	1.000000E+0	-32.348082E+0	23.230827E+0	578.311682E-3	575.803041E-3
50.000000E+0	1.000000E+0	-32.343302E+0	23.299789E+0	579.838037E-3	577.516556E-3
50.100000E+0	1.000000E+0	-32.340098E+0	23.332489E+0	580.783129E-3	578.295708E-3
50.200000E+0	1.000000E+0	-32.333687E+0	23.384845E+0	582.401037E-3	579.879761E-3
50.300000E+0	1.000000E+0	-32.335982E+0	23.387074E+0	582.230330E-3	579.836845E-3
50.400000E+0	1.000000E+0	-32.331947E+0	23.448122E+0	583.734512E-3	581.176758E-3
50.500000E+0	1.000000E+0	-32.327611E+0	23.484027E+0	584.740639E-3	582.365513E-3
50.600000E+0	1.000000E+0	-32.323713E+0	23.557556E+0	586.440802E-3	583.931684E-3
50.700000E+0	1.000000E+0	-32.323117E+0	23.568225E+0	586.889505E-3	584.383726E-3
50.800000E+0	1.000000E+0	-32.319981E+0	23.626626E+0	588.515759E-3	586.070299E-3
50.900000E+0	1.000000E+0	-32.315729E+0	23.696899E+0	589.975119E-3	587.548018E-3
51.000000E+0	1.000000E+0	-32.314045E+0	23.708892E+0	590.368748E-3	587.923765E-3
51.100000E+0	1.000000E+0	-32.312310E+0	23.726356E+0	591.145039E-3	588.473558E-3
51.200000E+0	1.000000E+0	-32.309494E+0	23.779714E+0	592.148066E-3	589.600801E-3
51.300000E+0	1.000000E+0	-32.305328E+0	23.819268E+0	593.553543E-3	591.000557E-3
51.400000E+0	1.000000E+0	-32.300640E+0	23.876143E+0	594.905376E-3	592.401505E-3
51.500000E+0	1.000000E+0	-32.299433E+0	23.892486E+0	595.330477E-3	592.671394E-3
51.600000E+0	1.000000E+0	-32.296733E+0	23.968291E+0	597.358465E-3	594.709635E-3
51.700000E+0	1.000000E+0	-32.292653E+0	23.977065E+0	597.651720E-3	595.136642E-3
51.800000E+0	1.000000E+0	-32.292322E+0	24.017572E+0	598.824263E-3	596.076250E-3
51.900000E+0	1.000000E+0	-32.285747E+0	24.099422E+0	600.580931E-3	597.949505E-3
52.000000E+0	1.000000E+0	-32.283104E+0	24.131048E+0	601.487160E-3	598.834515E-3
52.100000E+0	1.000000E+0	-32.280690E+0	24.150336E+0	602.084160E-3	599.458694E-3
52.200000E+0	1.000000E+0	-32.276601E+0	24.218988E+0	603.929043E-3	601.235867E-3
52.300000E+0	1.000000E+0	-32.276237E+0	24.255157E+0	604.649305E-3	601.954699E-3
52.400000E+0	1.000000E+0	-32.273007E+0	24.266040E+0	605.160952E-3	602.457047E-3
52.500000E+0	1.000000E+0	-32.266251E+0	24.380255E+0	607.945442E-3	605.384827E-3
52.600000E+0	1.000000E+0	-32.265634E+0	24.390280E+0	608.301401E-3	605.527163E-3
52.700000E+0	1.000000E+0	-32.263309E+0	24.423563E+0	609.208822E-3	606.499434E-3
52.800000E+0	1.000000E+0	-32.258022E+0	24.481976E+0	610.394478E-3	607.746601E-3
52.900000E+0	1.000000E+0	-32.258234E+0	24.499667E+0	611.030817E-3	608.205795E-3
53.000000E+0	1.000000E+0	-32.251460E+0	24.583673E+0	613.423347E-3	610.536814E-3
53.100000E+0	1.000000E+0	-32.250742E+0	24.600399E+0	613.727808E-3	611.009359E-3
53.200000E+0	1.000000E+0	-32.248372E+0	24.647653E+0	615.143776E-3	612.400055E-3
53.300000E+0	1.000000E+0	-32.244227E+0	24.691069E+0	615.731955E-3	613.136292E-3
53.400000E+0	1.000000E+0	-32.240874E+0	24.730468E+0	616.889954E-3	614.149570E-3
53.500000E+0	1.000000E+0	-32.238871E+0	24.764812E+0	618.079424E-3	615.296125E-3
53.600000E+0	1.000000E+0	-32.233629E+0	24.844515E+0	619.930983E-3	617.206097E-3
53.700000E+0	1.000000E+0	-32.230866E+0	24.876368E+0	620.761156E-3	617.989779E-3
53.800000E+0	1.000000E+0	-32.229615E+0	24.888492E+0	621.356010E-3	618.334532E-3
53.900000E+0	1.000000E+0	-32.226074E+0	24.949825E+0	622.746229E-3	619.953156E-3
54.000000E+0	1.000000E+0	-32.222492E+0	25.007892E+0	624.089479E-3	621.282101E-3
54.100000E+0	1.000000E+0	-32.220939E+0	25.012982E+0	624.500751E-3	621.628523E-3
54.200000E+0	1.000000E+0	-32.219345E+0	25.049376E+0	625.235319E-3	622.551441E-3
54.300000E+0	1.000000E+0	-32.216326E+0	25.075972E+0	626.217127E-3	623.326302E-3
54.400000E+0	1.000000E+0	-32.210511E+0	25.172794E+0	628.500462E-3	625.735521E-3
54.500000E+0	1.000000E+0	-32.208083E+0	25.172186E+0	628.727198E-3	625.915051E-3
54.600000E+0	1.000000E+0	-32.205415E+0	25.221896E+0	630.013466E-3	627.066374E-3
54.700000E+0	1.000000E+0	-32.202065E+0	25.280356E+0	631.441355E-3	628.608227E-3
54.800000E+0	1.000000E+0	-32.198132E+0	25.353670E+0	633.156061E-3	630.363703E-3
54.900000E+0	1.000000E+0	-32.196641E+0	25.373125E+0	633.677721E-3	630.810976E-3
55.000000E+0	1.000000E+0	-32.193706E+0	25.400174E+0	634.466410E-3	631.589651E-3
55.100000E+0	1.000000E+0	-32.190440E+0	25.441241E+0	635.587454E-3	632.853270E-3
55.200000E+0	1.000000E+0	-32.187394E+0	25.492990E+0	637.039661E-3	633.985519E-3
55.300000E+0	1.000000E+0	-32.180158E+0	25.579262E+0	639.219284E-3	636.392593E-3
55.400000E+0	1.000000E+0	-32.181636E+0	25.553548E+0	638.610363E-3	635.807991E-3
55.500000E+0	1.000000E+0	-32.178727E+0	25.607479E+0	640.035629E-3	637.124777E-3
55.600000E+0	1.000000E+0	-32.176668E+0	25.653219E+0	640.864372E-3	638.024330E-3
55.700000E+0	1.000000E+0	-32.173008E+0	25.695944E+0	642.213345E-3	639.356375E-3
55.800000E+0	1.000000E+0	-32.169119E+0	25.752223E+0	643.477678E-3	640.602589E-3
55.900000E+0	1.000000E+0	-32.165161E+0	25.799513E+0	645.025015E-3	642.084837E-3
56.000000E+0	2.000000E+0	-32.164652E+0	25.816250E+0	645.102262E-3	642.223597E-3
56.100000E+0	2.000000E+0	-32.165993E+0	25.797391E+0	644.791842E-3	641.946554E-3
56.200000E+0	2.000000E+0	-32.195899E+0	25.268090E+0	632.294893E-3	629.500151E-3
56.300000E+0	2.000000E+0	-32.226593E+0	24.764538E+0	620.352268E-3	617.422581E-3
56.400000E+0	2.000000E+0	-32.258723E+0	24.243081E+0	607.800722E-3	605.107069E-3
56.500000E+0	2.000000E+0	-32.292030E+0	23.691547E+0	594.583750E-3	591.975212E-3
56.600000E+0	2.000000E+0	-32.323480E+0	23.199284E+0	582.477570E-3	579.919815E-3
56.700000E+0	2.000000E+0	-32.355348E+0	22.676921E+0	569.946527E-3	567.626715E-3
56.800000E+0	2.000000E+0	-32.388804E+0	22.155333E+0	556.970835E-3	554.579258E-3
56.900000E+0	2.000000E+0	-32.420290E+0	21.623111E+0	544.484854E-3	542.156219E-3
57.000000E+0	2.000000E+0	-32.450402E+0	21.141493E+0	532.384872E-3	530.118227E-3
57.100000E+0	2.000000E+0	-32.483581E+0	20.611668E+0	519.919872E-3	517.731190E-3
57.200000E+0	2.000000E+0	-32.514903E+0	20.098615E+0	507.453203E-3	505.283356E-3
57.300000E+0	2.000000E+0	-32.549659E+0	19.550633E+0	493.602276E-3	491.387606E-3
57.400000E+0	2.000000E+0	-32.580907E+0	19.053292E+0	482.060671E-3	479.777336E-3
57.500000E+0	2.000000E+0	-32.614145E+0	18.519890E+0	469.094753E-3	466.800451E-3
57.600000E+0	2.000000E+0	-32.646010E+0	18.022633E+0	456.797123E-3	454.477072E-3
57.700000E+0	2.000000E+0	-32.681945E+0	17.455089E+0	442.767859E-3	440.651417E-3
57.800000E+0	2.000000E+0	-32.711637E+0	16.972923E+0	430.948973E-3	428.641796E-3
57.900000E+0	2.000000E+0	-32.743747E+0	16.465187E+0	418.661833E-3	416.508913E-3
58.000000E+0	2.000000E+0	-32.776437E+0	15.932882E+0	405.737877E-3	403.578520E-3
58.100000E+0	2.000000E+0	-32.810021E+0	15.408385E+0	393.075228E-3	390.966654E-3
58.200000E+0	2.000000E+0	-32.842499E+0	14.891410E+0	380.021095E-3	378.068447E-3
58.300000E+0	2.000000E+0	-32.874161E+0	14.401293E+0	368.022442E-3	366.216183E-3
58.400000E+0	2.000000E+0	-32.906849E+0	13.877225E+0	355.023861E-3	353.354216E-3
58.500000E+0	2.000000E+0	-32.939995E+0	13.328362E+0	341.829777E-3	340.173721E-3
58.600000E+0	2.000000E+0	-32.972071E+0	12.830913E+0	329.617262E-3	328.065395E-3
58.700000E+0	2.000000E+0	-33.004731E+0	12.329400E+0	317.200184E-3	315.703392E-3
58.800000E+0	2.000000E+0	-33.037496E+0	11.808836E+0	304.487467E-3	303.223610E-3
58.900000E+0	2.000000E+0	-33.071030E+0	11.276472E+0	291.345596E-3	290.333986E-3
59.000000E+0	2.000000E+0	-33.102429E+0	10.795450E+0	279.262304E-3	278.480768E-3
59.100000E+0	2.000000E+0	-33.134917E+0	10.263705E+0	266.273260E-3	265.608311E-3
59.200000E+0	2.000000E+0	-33.169955E+0	9.722221E+0	252.911329E-3	252.564430E-3
59.300000E+0	2.000000E+0	-33.200142E+0	9.234107E+0	240.809441E-3	240.617752E-3
59.400000E+0	2.000000E+0	-33.233527E+0	8.706272E+0	228.140593E-3	228.140116E-3
59.500000E+0	2.000000E+0	-33.270115E+0	8.171213E+0	214.508772E-3	214.708567E-3
59.600000E+0	2.000000E+0	-33.299360E+0	7.668912E+0	202.800512E-3	203.013897E-3
59.700000E+0	2.000000E+0	-33.332107E+0	7.142186E+0	189.846992E-3	190.342426E-3
59.800000E+0	2.000000E+0	-33.364100E+0	6.655478E+0	177.567959E-3	178.112268E-3
59.900000E+0	2.000000E+0	-33.396149E+0	6.150663E+0	165.152788E-3	165.687084E-3
60.000000E+0	2.000000E+0	-33.430148E+0	5.597425E+0	151.849747E-3	152.425528E-3
60.100000E+0	2.000000E+0	-33.463854E+0	5.085778E+0	139.174461E-3	139.734745E-3
60.200000E+0	2.000000E+0	-33.495203E+0	4.573536E+0	126.601458E-3	127.168417E-3
60.300000E+0	2.000000E+0	-33.528111E+0	4.044902E+0	113.775492E-3	114.523172E-3
60.400000E+0	2.000000E+0	-33.561525E+0	3.519332E+0	101.040602E-3	101.764917E-3
60.500000E+0	2.000000E+0	-33.595035E+0	3.028738E+0	88.891745E-3	89.432240E-3
60.600000E+0	2.000000E+0	-33.627505E+0	2.493429E+0	76.326132E-3	76.847553E-3
60.700000E+0	2.000000E+0	-33.659885E+0	1.989675E+0	63.738108E-3	64.035654E-3
60.800000E+0	2.000000E+0	-33.690975E+0	1.493084E+0	51.669598E-3	51.642418E-3
60.900000E+0	2.000000E+0	-33.723507E+0	976.371765E-3	39.813519E-3	39.290428E-3
61.000000E+0	2.000000E+0	-33.755717E+0	467.634201E-3	27.244568E-3	26.335955E-3
61.100000E+0	2.000000E+0	-33.784086E+0	42.736530E-3	17.445564E-3	15.762568E-3
61.200000E+0	2.000000E+0	-33.789516E+0	-19.937754E-3	15.465736E-3	13.592958E-3
61.300000E+0	2.000000E+0	-33.789534E+0	-5.924702E-3	15.460491E-3	13.736963E-3
61.400000E+0	2.000000E+0	-33.789364E+0	-2.795458E-3	15.513659E-3	13.906240E-3
61.500000E+0	2.000000E+0	-33.791259E+0	1.645088E-3	15.235901E-3	13.558149E-3
61.600000E+0	2.000000E+0	-33.792451E+0	-3.010035E-3	15.131712E-3	13.576269E-3
61.700000E+0	2.000000E+0	-33.791796E+0	9.155273E-3	15.068531E-3	13.593912E-3
61.800000E+0	2.000000E+0	-33.793167E+0	1.549721E-3	15.117407E-3	13.428450E-3
61.900000E+0	2.000000E+0	-33.793369E+0	-423.192978E-6	14.866352E-3	13.420582E-3
62.000000E+0	2.000000E+0	-33.792028E+0	12.063980E-3	14.907598E-3	13.314247E-3
62.100000E+0	2.000000E+0	-33.792228E+0	-5.030632E-3	14.871597E-3	13.369799E-3
62.200000E+0	2.000000E+0	-33.793709E+0	-3.474951E-3	14.775991E-3	13.133049E-3
62.300000E+0	2.000000E+0	-33.794022E+0	-1.412630E-3	14.715195E-3	13.210297E-3
62.400000E+0	2.000000E+0	-33.795226E+0	-2.110004E-3	14.497519E-3	12.922049E-3
62.500000E+0	2.000000E+0	-33.794886E+0	-14.406443E-3	14.312506E-3	12.632608E-3
62.600000E+0	2.000000E+0	-33.796126E+0	9.310246E-3	14.374971E-3	13.024807E-3
62.700000E+0	2.000000E+0	-33.794719E+0	7.259846E-3	14.639854E-3	13.073683E-3
62.800000E+0	2.000000E+0	-33.794913E+0	2.157688E-3	14.528275E-3	13.155460E-3
62.900000E+0	2.000000E+0	-33.794374E+0	28.645992E-3	14.652967E-3	13.171673E-3
63.000000E+0	2.000000E+0	-33.795348E+0	-5.990267E-3	14.437914E-3	12.750864E-3
63.100000E+0	2.000000E+0	-33.794719E+0	-4.595518E-3	14.288902E-3	12.953758E-3
63.200000E+0	2.000000E+0	-33.795503E+0	-8.779764E-3	14.253855E-3	12.542009E-3
63.300000E+0	2.000000E+0	-33.795590E+0	-4.070997E-3	14.209747E-3	12.727261E-3
63.400000E+0	2.000000E+0	-33.796618E+0	3.588200E-3	14.070749E-3	12.759209E-3
63.500000E+0	2.000000E+0	-33.795485E+0	7.283688E-3	14.325380E-3	12.930393E-3
63.600000E+0	2.000000E+0	-33.795637E+0	14.543533E-3	14.453173E-3	13.250113E-3
63.700000E+0	2.000000E+0	-33.796138E+0	1.466274E-3	14.152050E-3	12.778282E-3
63.800000E+0	2.000000E+0	-33.796344E+0	12.207031E-3	14.186621E-3	12.962580E-3
63.900000E+0	2.000000E+0	-33.796344E+0	3.325939E-3	14.044046E-3	12.729168E-3
64.000000E+0	2.000000E+0	-33.795694E+0	-2.533197E-3	14.136553E-3	12.738466E-3
64.100000E+0	2.000000E+0	-33.796069E+0	12.934208E-3	13.917446E-3	12.713671E-3
64.200000E+0	2.000000E+0	-33.797557E+0	190.734863E-6	13.982534E-3	12.455702E-3
64.300000E+0	2.000000E+0	-33.797098E+0	4.875660E-3	13.846397E-3	12.575388E-3
64.400000E+0	2.000000E+0	-33.796329E+0	13.005733E-3	14.033794E-3	12.676001E-3
64.500000E+0	2.000000E+0	-33.797157E+0	7.116795E-3	14.048100E-3	12.761354E-3
64.600000E+0	2.000000E+0	-33.796898E+0	8.201599E-3	13.634205E-3	12.636900E-3
64.700000E+0	2.000000E+0	-33.796752E+0	762.939453E-6	13.995886E-3	12.498379E-3
64.800000E+0	2.000000E+0	-33.797533E+0	-1.233816E-3	13.760567E-3	12.551785E-3
64.900000E+0	2.000000E+0	-33.797411E+0	-1.990795E-3	13.865948E-3	12.477636E-3
65.000000E+0	2.000000E+0	-33.798603E+0	-12.880564E-3	13.601303E-3	12.302637E-3
65.100000E+0	2.000000E+0	-33.798111E+0	-2.032518E-3	13.811350E-3	12.514591E-3
65.200000E+0	2.000000E+0	-33.798638E+0	-10.144711E-3	13.610840E-3	12.339592E-3
65.300000E+0	2.000000E+0	-33.799309E+0	6.926060E-3	13.654709E-3	12.566328E-3
65.400000E+0	2.000000E+0	-33.799106E+0	4.601479E-3	13.702631E-3	12.336493E-3
65.500000E+0	2.000000E+0	-33.798483E+0	2.884865E-3	13.554096E-3	12.355566E-3
65.600000E+0	2.000000E+0	-33.797870E+0	-9.620190E-3	13.392448E-3	12.024164E-3
65.700000E+0	2.000000E+0	-33.799565E+0	-4.231930E-3	13.293743E-3	12.003660E-3
65.800000E+0	3.000000E+0	-33.799249E+0	-10.120869E-3	13.439178E-3	12.241602E-3
65.900000E+0	3.000000E+0	-33.800018E+0	-16.683340E-3	13.384819E-3	11.810780E-3
66.000000E+0	3.000000E+0	-33.800853E+0	-10.883808E-3	13.012409E-3	11.841297E-3
66.100000E+0	3.000000E+0	-33.799878E+0	-13.786554E-3	13.161898E-3	11.586428E-3
66.200000E+0	3.000000E+0	-33.800820E+0	-16.200542E-3	13.156652E-3	11.958122E-3
66.300000E+0	3.000000E+0	-33.798638E+0	9.739399E-3	13.896942E-3	12.496233E-3
66.400000E+0	3.000000E+0	-33.793822E+0	102.889538E-3	15.571117E-3	14.410734E-3
66.500000E+0	3.000000E+0	-33.791668E+0	143.563747E-3	16.579628E-3	15.689373E-3
66.600000E+0	3.000000E+0	-33.788598E+0	167.667866E-3	17.365694E-3	16.307354E-3
66.700000E+0	3.000000E+0	-33.788100E+0	211.596489E-3	17.967463E-3	17.357826E-3
66.800000E+0	3.000000E+0	-33.783094E+0	277.400017E-3	19.895077E-3	19.183636E-3
66.900000E+0	3.000000E+0	-33.781314E+0	320.625305E-3	20.568609E-3	20.101786E-3
67.000000E+0	3.000000E+0	-33.775893E+0	402.283669E-3	22.683620E-3	22.262335E-3
67.100000E+0	3.000000E+0	-33.772657E+0	441.265106E-3	23.644686E-3	23.306608E-3
67.200000E+0	3.000000E+0	-33.772311E+0	480.711460E-3	24.144650E-3	24.093390E-3
67.300000E+0	3.000000E+0	-33.768300E+0	522.184372E-3	25.209188E-3	25.240421E-3
67.400000E+0	3.000000E+0	-33.765036E+0	593.113899E-3	26.769638E-3	27.168989E-3
67.500000E+0	3.000000E+0	-33.762247E+0	642.442703E-3	27.733803E-3	27.914524E-3
67.600000E+0	3.000000E+0	-33.758852E+0	694.322586E-3	28.956413E-3	29.422045E-3
67.700000E+0	3.000000E+0	-33.755446E+0	755.476952E-3	30.364752E-3	30.723572E-3
67.800000E+0	3.000000E+0	-33.753226E+0	795.686245E-3	31.362057E-3	32.036304E-3
67.900000E+0	3.000000E+0	-33.748293E+0	879.979134E-3	33.390045E-3	34.128904E-3
68.000000E+0	3.000000E+0	-33.745808E+0	895.547867E-3	33.535957E-3	34.217119E-3
68.100000E+0	3.000000E+0	-33.742190E+0	983.405113E-3	35.420895E-3	36.361933E-3
68.200000E+0	3.000000E+0	-33.740166E+0	1.001966E+0	35.869598E-3	36.867857E-3
68.300000E+0	3.000000E+0	-33.736974E+0	1.077402E+0	37.770033E-3	39.017677E-3
68.400000E+0	3.000000E+0	-33.732951E+0	1.126873E+0	38.877249E-3	40.143013E-3
68.500000E+0	3.000000E+0	-33.729387E+0	1.187146E+0	40.106297E-3	41.386366E-3
68.600000E+0	3.000000E+0	-33.727032E+0	1.236475E+0	41.131020E-3	42.488813E-3
68.700000E+0	3.000000E+0	-33.726213E+0	1.264477E+0	42.015553E-3	43.376923E-3
68.800000E+0	3.000000E+0	-33.721057E+0	1.348138E+0	43.706894E-3	45.281887E-3
68.900000E+0	3.000000E+0	-33.716536E+0	1.393831E+0	44.928074E-3	46.514988E-3
69.000000E+0	3.000000E+0	-33.713779E+0	1.446891E+0	46.167850E-3	47.765970E-3
69.100000E+0	3.000000E+0	-33.711380E+0	1.532233E+0	48.179150E-3	50.073862E-3
69.200000E+0	3.000000E+0	-33.709598E+0	1.536965E+0	47.950983E-3	49.877167E-3
69.300000E+0	3.000000E+0	-33.706528E+0	1.584041E+0	49.349546E-3	51.282644E-3
69.400000E+0	3.000000E+0	-33.703509E+0	1.641774E+0	50.627232E-3	52.660942E-3
69.500000E+0	3.000000E+0	-33.700151E+0	1.691580E+0	51.876783E-3	53.881407E-3
69.600000E+0	3.000000E+0	-33.697311E+0	1.764452E+0	53.348303E-3	55.556774E-3
69.700000E+0	3.000000E+0	-33.693630E+0	1.808512E+0	54.624557E-3	56.782722E-3
69.800000E+0	3.000000E+0	-33.691633E+0	1.848543E+0	55.466890E-3	57.805061E-3
69.900000E+0	3.000000E+0	-33.686591E+0	1.915205E+0	56.899548E-3	59.241295E-3
70.000000E+0	3.000000E+0	-33.685974E+0	1.948655E+0	57.634830E-3	59.947491E-3
70.100000E+0	3.000000E+0	-33.680296E+0	2.009463E+0	59.401512E-3	61.753035E-3
70.200000E+0	3.000000E+0	-33.679256E+0	2.051497E+0	60.338974E-3	62.825680E-3
70.300000E+0	3.000000E+0	-33.678154E+0	2.068901E+0	60.731173E-3	63.261509E-3
70.400000E+0	3.000000E+0	-33.673990E+0	2.131832E+0	62.238693E-3	64.591885E-3
70.500000E+0	3.000000E+0	-33.669824E+0	2.169955E+0	63.140392E-3	65.661907E-3
70.600000E+0	3.000000E+0	-33.669049E+0	2.245128E+0	64.799547E-3	67.419767E-3
70.700000E+0	3.000000E+0	-33.666495E+0	2.260149E+0	65.204859E-3	67.947865E-3
70.800000E+0	3.000000E+0	-33.662990E+0	2.322543E+0	66.724062E-3	69.411039E-3
70.900000E+0	3.000000E+0	-33.658800E+0	2.418423E+0	68.665266E-3	71.325064E-3
71.000000E+0	3.000000E+0	-33.655730E+0	2.467465E+0	69.940090E-3	72.607040E-3
71.100000E+0	3.000000E+0	-33.648417E+0	2.618575E+0	73.381901E-3	76.055765E-3
71.200000E+0	3.000000E+0	-33.641440E+0	2.663231E+0	74.562311E-3	77.463150E-3
71.300000E+0	3.000000E+0	-33.639050E+0	2.732158E+0	76.254845E-3	78.945875E-3
71.400000E+0	3.000000E+0	-33.636484E+0	2.750111E+0	76.735020E-3	79.533815E-3
71.500000E+0	3.000000E+0	-33.634404E+0	2.791679E+0	77.800751E-3	80.741405E-3
71.600000E+0	3.000000E+0	-33.631078E+0	2.857935E+0	79.067945E-3	82.023382E-3
71.700000E+0	3.000000E+0	-33.629761E+0	2.891028E+0	79.877853E-3	82.904816E-3
71.800000E+0	3.000000E+0	-33.626578E+0	2.945292E+0	81.272364E-3	84.160328E-3
71.900000E+0	3.000000E+0	-33.622605E+0	3.008294E+0	82.695007E-3	85.767269E-3
72.000000E+0	3.000000E+0	-33.621940E+0	3.031397E+0	83.374739E-3	86.475372E-3
72.100000E+0	3.000000E+0	-33.619807E+0	3.055513E+0	83.831310E-3	87.013483E-3
72.200000E+0	3.000000E+0	-33.615065E+0	3.131545E+0	85.264683E-3	88.340759E-3
72.300000E+0	3.000000E+0	-33.611894E+0	3.172672E+0	86.415291E-3	89.609861E-3
72.400000E+0	3.000000E+0	-33.607692E+0	3.240049E+0	88.199854E-3	91.323614E-3
72.500000E+0	3.000000E+0	-33.606560E+0	3.288388E+0	89.390755E-3	92.551947E-3
72.600000E+0	3.000000E+0	-33.604417E+0	3.311884E+0	90.056658E-3	93.333483E-3
72.700000E+0	3.000000E+0	-33.599568E+0	3.374279E+0	91.469765E-3	94.675541E-3
72.800000E+0	3.000000E+0	-33.598388E+0	3.414798E+0	92.288494E-3	95.628500E-3
72.900000E+0	3.000000E+0	-33.593873E+0	3.465092E+0	93.623161E-3	96.947193E-3
73.000000E+0	3.000000E+0	-33.590052E+0	3.532028E+0	95.119238E-3	98.441362E-3
73.100000E+0	3.000000E+0	-33.588636E+0	3.560102E+0	95.847845E-3	99.184275E-3
73.200000E+0	3.000000E+0	-33.586810E+0	3.600121E+0	96.604586E-3	99.872351E-3
73.300000E+0	3.000000E+0	-33.581853E+0	3.678846E+0	98.787785E-3	102.214575E-3
73.400000E+0	3.000000E+0	-33.580441E+0	3.726697E+0	99.624634E-3	103.076696E-3
73.500000E+0	3.000000E+0	-33.578721E+0	3.731370E+0	100.028038E-3	103.390217E-3
73.600000E+0	3.000000E+0	-33.575845E+0	3.815353E+0	101.681232E-3	105.089426E-3
73.700000E+0	3.000000E+0	-33.568988E+0	3.879309E+0	103.388786E-3	106.790304E-3
73.800000E+0	3.000000E+0	-33.568162E+0	3.908026E+0	103.836536E-3	107.363701E-3
73.900000E+0	3.000000E+0	-33.563763E+0	3.981185E+0	105.767965E-3	109.220505E-3
74.000000E+0	3.000000E+0	-33.563483E+0	4.004884E+0	106.244087E-3	109.751940E-3
74.100000E+0	3.000000E+0	-33.559061E+0	4.069483E+0	107.589960E-3	111.073732E-3
74.200000E+0	3.000000E+0	-33.556644E+0	4.108906E+0	108.930111E-3	112.369537E-3
74.300000E+0	3.000000E+0	-33.553419E+0	4.144919E+0	109.774113E-3	113.292694E-3
74.400000E+0	3.000000E+0	-33.549104E+0	4.226971E+0	111.481667E-3	114.917278E-3
74.500000E+0	3.000000E+0	-33.546630E+0	4.259038E+0	112.602711E-3	116.150379E-3
74.600000E+0	3.000000E+0	-33.544800E+0	4.290378E+0	113.180161E-3	116.667271E-3
74.700000E+0	3.000000E+0	-33.544186E+0	4.321194E+0	113.980293E-3	117.567778E-3
74.800000E+0	3.000000E+0	-33.539618E+0	4.380083E+0	115.599871E-3	119.093657E-3
74.900000E+0	3.000000E+0	-33.533824E+0	4.434061E+0	116.697788E-3	120.313883E-3
75.000000E+0	3.000000E+0	-33.535663E+0	4.464889E+0	117.265940E-3	120.769501E-3
75.100000E+0	3.000000E+0	-33.527938E+0	4.553568E+0	119.647026E-3	123.299360E-3
75.200000E+0	3.000000E+0	-33.526642E+0	4.596257E+0	120.343924E-3	123.942614E-3
75.300000E+0	3.000000E+0	-33.521629E+0	4.664361E+0	122.223377E-3	125.894308E-3
75.400000E+0	3.000000E+0	-33.520708E+0	4.695809E+0	122.673035E-3	126.250505E-3
75.500000E+0	3.000000E+0	-33.517454E+0	4.743457E+0	124.233961E-3	127.938032E-3
75.600000E+0	3.000000E+0	-33.514008E+0	4.801023E+0	125.376225E-3	128.927231E-3
75.700000E+0	3.000000E+0	-33.510232E+0	4.857147E+0	126.443148E-3	130.166531E-3
75.800000E+0	3.000000E+0	-33.506990E+0	4.905009E+0	127.947330E-3	131.661892E-3
75.900000E+0	3.000000E+0	-33.506188E+0	4.949820E+0	129.057169E-3	132.650137E-3
76.000000E+0	3.000000E+0	-33.503005E+0	4.957259E+0	128.976583E-3	132.582188E-3
76.100000E+0	3.000000E+0	-33.498919E+0	5.058229E+0	131.698847E-3	135.407925E-3
76.200000E+0	3.000000E+0	-33.498008E+0	5.099022E+0	132.637739E-3	136.379004E-3
76.300000E+0	3.000000E+0	-33.495042E+0	5.114889E+0	132.684231E-3	136.435509E-3
76.400000E+0	3.000000E+0	-33.490023E+0	5.168486E+0	134.548426E-3	138.137817E-3
76.500000E+0	3.000000E+0	-33.484245E+0	5.281556E+0	136.802912E-3	140.511036E-3
76.600000E+0	3.000000E+0	-33.484921E+0	5.279386E+0	136.887074E-3	140.551090E-3
76.700000E+0	3.000000E+0	-33.483059E+0	5.313647E+0	137.715340E-3	141.309500E-3
76.800000E+0	3.000000E+0	-33.476544E+0	5.409193E+0	139.833927E-3	143.441677E-3
76.900000E+0	3.000000E+0	-33.476869E+0	5.432570E+0	140.534878E-3	144.208431E-3
77.000000E+0	3.000000E+0	-33.472887E+0	5.458200E+0	141.445875E-3	145.016909E-3
77.100000E+0	3.000000E+0	-33.470822E+0	5.509996E+0	142.542839E-3	146.230459E-3
77.200000E+0	3.000000E+0	-33.465732E+0	5.581200E+0	144.451618E-3	148.079395E-3
77.300000E+0	3.000000E+0	-33.462701E+0	5.612576E+0	145.085096E-3	148.745298E-3
77.400000E+0	3.000000E+0	-33.462027E+0	5.660987E+0	146.391392E-3	150.061369E-3
77.500000E+0	3.000000E+0	-33.458460E+0	5.707443E+0	147.425413E-3	151.020527E-3
77.600000E+0	3.000000E+0	-33.453531E+0	5.805981E+0	149.643898E-3	153.185606E-3
77.700000E+0	3.000000E+0	-33.452088E+0	5.807066E+0	149.819851E-3	153.606653E-3
77.800000E+0	3.000000E+0	-33.450351E+0	5.859745E+0	150.711536E-3	154.312372E-3
77.900000E+0	3.000000E+0	-33.448062E+0	5.879176E+0	151.640177E-3	155.393124E-3
78.000000E+0	3.000000E+0	-33.442069E+0	5.984247E+0	153.652430E-3	157.320499E-3
78.100000E+0	3.000000E+0	-33.439875E+0	6.012702E+0	154.556990E-3	158.231497E-3
78.200000E+0	3.000000E+0	-33.436665E+0	6.040919E+0	155.411720E-3	159.031868E-3
78.300000E+0	3.000000E+0	-33.432779E+0	6.107855E+0	157.336950E-3	161.131382E-3
78.400000E+0	3.000000E+0	-33.431563E+0	6.133044E+0	157.635927E-3	161.431789E-3
78.500000E+0	3.000000E+0	-33.428771E+0	6.207478E+0	159.150600E-3	162.670851E-3
78.600000E+0	3.000000E+0	-33.425779E+0	6.240666E+0	160.192966E-3	163.813114E-3
78.700000E+0	3.000000E+0	-33.423704E+0	6.280947E+0	161.141157E-3	164.875507E-3
78.800000E+0	3.000000E+0	-33.419988E+0	6.341708E+0	162.492514E-3	166.156292E-3
78.900000E+0	3.000000E+0	-33.413995E+0	6.426239E+0	164.588690E-3	168.270350E-3
79.000000E+0	3.000000E+0	-33.410272E+0	6.483579E+0	166.075230E-3	169.722319E-3
79.100000E+0	3.000000E+0	-33.410001E+0	6.503940E+0	166.630268E-3	170.351982E-3
79.200000E+0	3.000000E+0	-33.404589E+0	6.570482E+0	168.179750E-3	171.835899E-3
79.300000E+0	3.000000E+0	-33.402578E+0	6.606042E+0	168.916702E-3	172.779560E-3
79.400000E+0	3.000000E+0	-33.401719E+0	6.637037E+0	169.961214E-3	173.499346E-3
79.500000E+0	3.000000E+0	-33.398176E+0	6.684232E+0	171.124697E-3	174.786329E-3
79.600000E+0	3.000000E+0	-33.395800E+0	6.740379E+0	172.038317E-3	175.650120E-3
79.700000E+0	3.000000E+0	-33.393735E+0	6.768942E+0	173.059940E-3	176.771402E-3
79.800000E+0	3.000000E+0	-33.388165E+0	6.832278E+0	174.563646E-3	178.113699E-3
79.900000E+0	3.000000E+0	-33.386133E+0	6.873584E+0	175.618887E-3	179.317951E-3
80.000000E+0	3.000000E+0	-33.385581E+0	6.897676E+0	176.424265E-3	180.031538E-3
80.100000E+0	3.000000E+0	-33.380738E+0	6.962335E+0	177.880049E-3	181.456804E-3
80.200000E+0	3.000000E+0	-33.377877E+0	7.014966E+0	178.762436E-3	182.332754E-3
80.300000E+0	3.000000E+0	-33.373565E+0	7.096958E+0	180.707693E-3	184.224606E-3
80.400000E+0	3.000000E+0	-33.373178E+0	7.110417E+0	181.568384E-3	185.142040E-3
80.500000E+0	3.000000E+0	-33.367840E+0	7.180774E+0	183.059931E-3	186.638117E-3
80.600000E+0	3.000000E+0	-33.364359E+0	7.236612E+0	184.262753E-3	187.887192E-3
80.700000E+0	3.000000E+0	-33.363048E+0	7.247257E+0	185.031414E-3	188.575506E-3
80.800000E+0	3.000000E+0	-33.357996E+0	7.340348E+0	186.626911E-3	190.300941E-3
80.900000E+0	3.000000E+0	-33.355636E+0	7.381284E+0	187.834978E-3	191.437244E-3
81.000000E+0	3.000000E+0	-33.351803E+0	7.420707E+0	188.900471E-3	192.383289E-3
81.100000E+0	3.000000E+0	-33.349559E+0	7.462442E+0	189.581394E-3	193.120718E-3
81.200000E+0	3.000000E+0	-33.345196E+0	7.558954E+0	191.983938E-3	195.473433E-3
81.300000E+0	3.000000E+0	-33.343426E+0	7.566011E+0	192.348242E-3	195.720434E-3
81.400000E+0	3.000000E+0	-33.339343E+0	7.631457E+0	194.067478E-3	197.600365E-3
81.500000E+0	3.000000E+0	-33.336360E+0	7.683480E+0	195.200920E-3	198.657274E-3
81.600000E+0	3.000000E+0	-33.334235E+0	7.727981E+0	196.283102E-3	199.794531E-3
81.700000E+0	3.000000E+0	-33.332560E+0	7.768714E+0	197.227716E-3	200.729370E-3
81.800000E+0	3.000000E+0	-33.327619E+0	7.836568E+0	198.914051E-3	202.383995E-3
81.900000E+0	3.000000E+0	-33.326006E+0	7.867849E+0	199.575663E-3	203.021049E-3
82.000000E+0	3.000000E+0	-33.322421E+0	7.919800E+0	201.072693E-3	204.529285E-3
82.100000E+0	3.000000E+0	-33.319867E+0	7.978261E+0	202.060461E-3	205.484867E-3
82.200000E+0	3.000000E+0	-33.316112E+0	8.024251E+0	203.526497E-3	206.862211E-3
82.300000E+0	3.000000E+0	-33.313784E+0	8.049643E+0	203.967094E-3	207.377195E-3
82.400000E+0	3.000000E+0	-33.311218E+0	8.099473E+0	205.617905E-3	208.928347E-3
82.500000E+0	3.000000E+0	-33.307496E+0	8.137584E+0	206.541061E-3	209.923506E-3
82.600000E+0	3.000000E+0	-33.305991E+0	8.194196E+0	207.378864E-3	210.783720E-3
82.700000E+0	3.000000E+0	-33.302117E+0	8.240318E+0	209.137440E-3	212.481976E-3
82.800000E+0	3.000000E+0	-33.298102E+0	8.327520E+0	210.837841E-3	214.138985E-3
82.900000E+0	3.000000E+0	-33.297050E+0	8.336461E+0	211.225748E-3	214.484453E-3
83.000000E+0	3.000000E+0	-33.292798E+0	8.406389E+0	212.571144E-3	215.928555E-3
83.100000E+0	3.000000E+0	-33.290852E+0	8.425486E+0	213.499784E-3	216.692686E-3
83.200000E+0	3.000000E+0	-33.288014E+0	8.463204E+0	214.583874E-3	217.858791E-3
83.300000E+0	3.000000E+0	-33.283774E+0	8.542025E+0	216.276884E-3	219.564438E-3
83.400000E+0	3.000000E+0	-33.282584E+0	8.600211E+0	217.512846E-3	220.675468E-3
83.500000E+0	3.000000E+0	-33.276034E+0	8.651102E+0	218.895674E-3	222.064734E-3
83.600000E+0	3.000000E+0	-33.275170E+0	8.662498E+0	219.325781E-3	222.558975E-3
83.700000E+0	3.000000E+0	-33.273751E+0	8.731663E+0	220.496178E-3	223.722935E-3
83.800000E+0	3.000000E+0	-33.269957E+0	8.761287E+0	221.907139E-3	225.134611E-3
83.900000E+0	3.000000E+0	-33.263505E+0	8.856809E+0	224.017859E-3	227.255344E-3
84.000000E+0	3.000000E+0	-33.264232E+0	8.866847E+0	224.269629E-3	227.276802E-3
84.100000E+0	3.000000E+0	-33.260862E+0	8.921981E+0	225.677490E-3	228.892565E-3
84.200000E+0	3.000000E+0	-33.255026E+0	9.007728E+0	227.576017E-3	230.730057E-3
84.300000E+0	3.000000E+0	-33.252541E+0	9.020436E+0	227.972984E-3	231.121302E-3
84.400000E+0	3.000000E+0	-33.250943E+0	9.111679E+0	229.743481E-3	232.845783E-3
84.500000E+0	3.000000E+0	-33.247203E+0	9.104443E+0	230.494022E-3	233.462572E-3
84.600000E+0	3.000000E+0	-33.245081E+0	9.163630E+0	231.459856E-3	234.551668E-3
84.700000E+0	3.000000E+0	-33.241493E+0	9.216475E+0	232.753754E-3	235.861301E-3
84.800000E+0	3.000000E+0	-33.239058E+0	9.256554E+0	233.856678E-3	236.942291E-3
84.900000E+0	3.000000E+0	-33.236549E+0	9.303665E+0	234.855175E-3	238.008738E-3
85.000000E+0	3.000000E+0	-33.233107E+0	9.362376E+0	236.334324E-3	239.255190E-3
85.100000E+0	3.000000E+0	-33.230931E+0	9.398651E+0	237.171650E-3	240.273952E-3
85.200000E+0	3.000000E+0	-33.226949E+0	9.463632E+0	238.676310E-3	241.648674E-3
85.300000E+0	3.000000E+0	-33.223439E+0	9.486759E+0	239.589214E-3	242.540121E-3
85.400000E+0	3.000000E+0	-33.219967E+0	9.546173E+0	240.951061E-3	243.874788E-3
85.500000E+0	3.000000E+0	-33.219439E+0	9.556317E+0	241.154671E-3	244.003773E-3
85.600000E+0	3.000000E+0	-33.216689E+0	9.621418E+0	242.725134E-3	245.606422E-3
85.700000E+0	3.000000E+0	-33.212555E+0	9.680820E+0	244.347811E-3	247.203827E-3
85.800000E+0	3.000000E+0	-33.208019E+0	9.745407E+0	245.926857E-3	248.769045E-3
85.900000E+0	3.000000E+0	-33.205903E+0	9.771466E+0	246.795893E-3	249.664307E-3
86.000000E+0	3.000000E+0	-33.204583E+0	9.836578E+0	247.751236E-3	250.563622E-3
86.100000E+0	3.000000E+0	-33.198479E+0	9.889996E+0	249.248743E-3	252.067089E-3
86.200000E+0	3.000000E+0	-33.195475E+0	9.950948E+0	250.749111E-3	253.537416E-3
86.300000E+0	3.000000E+0	-33.196518E+0	9.960043E+0	250.922441E-3	253.764868E-3
86.400000E+0	3.000000E+0	-33.192757E+0	10.019374E+0	252.385139E-3	255.103588E-3
86.500000E+0	3.000000E+0	-33.189217E+0	10.040200E+0	253.048658E-3	255.895376E-3
86.600000E+0	3.000000E+0	-33.186847E+0	10.070658E+0	254.084349E-3	256.786823E-3
86.700000E+0	3.000000E+0	-33.182064E+0	10.139155E+0	255.570889E-3	258.327961E-3
86.800000E+0	3.000000E+0	-33.178771E+0	10.215473E+0	257.392168E-3	260.045528E-3
86.900000E+0	3.000000E+0	-33.176417E+0	10.268545E+0	258.505106E-3	261.226177E-3
87.000000E+0	3.000000E+0	-33.173269E+0	10.323918E+0	260.003567E-3	262.643337E-3
87.100000E+0	3.000000E+0	-33.171788E+0	10.349500E+0	260.687113E-3	263.461828E-3
87.200000E+0	3.000000E+0	-33.168167E+0	10.422087E+0	261.960506E-3	264.706135E-3
87.300000E+0	3.000000E+0	-33.161372E+0	10.466862E+0	263.617754E-3	266.125917E-3
87.400000E+0	3.000000E+0	-33.161581E+0	10.502398E+0	264.460564E-3	267.034054E-3
87.500000E+0	3.000000E+0	-33.156625E+0	10.563529E+0	265.948534E-3	268.451691E-3
87.600000E+0	3.000000E+0	-33.154583E+0	10.601640E+0	266.659498E-3	269.227266E-3
87.700000E+0	3.000000E+0	-33.152253E+0	10.626996E+0	267.628193E-3	270.216227E-3
87.800000E+0	3.000000E+0	-33.147777E+0	10.704577E+0	269.712210E-3	272.293091E-3
87.900000E+0	3.000000E+0	-33.148292E+0	10.724163E+0	269.968748E-3	272.367001E-3
88.000000E+0	3.000000E+0	-33.142326E+0	10.794640E+0	271.797180E-3	274.257183E-3
88.100000E+0	3.000000E+0	-33.139903E+0	10.826707E+0	272.362232E-3	274.837494E-3
88.200000E+0	3.000000E+0	-33.133758E+0	10.929322E+0	274.977922E-3	277.393103E-3
88.300000E+0	3.000000E+0	-33.133841E+0	10.933542E+0	275.129557E-3	277.564526E-3
88.400000E+0	3.000000E+0	-33.129478E+0	10.978031E+0	276.112556E-3	278.476477E-3
88.500000E+0	3.000000E+0	-33.128661E+0	11.027861E+0	277.393818E-3	279.759645E-3
88.600000E+0	3.000000E+0	-33.124510E+0	11.077726E+0	278.475761E-3	280.806065E-3
88.700000E+0	3.000000E+0	-33.121643E+0	11.126924E+0	279.667854E-3	281.989098E-3
88.800000E+0	3.000000E+0	-33.119646E+0	11.164296E+0	280.808926E-3	283.189774E-3
88.900000E+0	3.000000E+0	-33.114514E+0	11.244798E+0	282.487392E-3	284.724236E-3
89.000000E+0	3.000000E+0	-33.112637E+0	11.273110E+0	283.366919E-3	285.578251E-3
89.100000E+0	3.000000E+0	-33.110276E+0	11.303413E+0	284.388304E-3	286.587238E-3
89.200000E+0	3.000000E+0	-33.107213E+0	11.345160E+0	285.349846E-3	287.596941E-3
89.300000E+0	3.000000E+0	-33.101067E+0	11.453652E+0	287.630081E-3	289.860010E-3
89.400000E+0	4.000000E+0	-33.102221E+0	11.422813E+0	287.192822E-3	289.367676E-3
89.500000E+0	4.000000E+0	-33.106369E+0	11.355162E+0	285.676956E-3	287.978649E-3
89.600000E+0	4.000000E+0	-33.105642E+0	11.363196E+0	286.181450E-3	288.320303E-3
89.700000E+0	4.000000E+0	-33.117456E+0	11.169338E+0	281.319141E-3	283.480883E-3
89.800000E+0	4.000000E+0	-33.132694E+0	10.908806E+0	275.483131E-3	277.614117E-3
89.900000E+0	4.000000E+0	-33.145440E+0	10.704172E+0	270.061493E-3	272.313595E-3
90.000000E+0	4.000000E+0	-33.157820E+0	10.487640E+0	265.150785E-3	267.421007E-3
90.100000E+0	4.000000E+0	-33.173371E+0	10.231125E+0	258.939743E-3	261.205673E-3
90.200000E+0	4.000000E+0	-33.185298E+0	9.985864E+0	253.434896E-3	255.687237E-3
90.300000E+0	4.000000E+0	-33.200923E+0	9.753215E+0	247.849703E-3	250.195503E-3
90.400000E+0	4.000000E+0	-33.212841E+0	9.564555E+0	243.097782E-3	245.445490E-3
90.500000E+0	4.000000E+0	-33.226109E+0	9.323788E+0	237.359524E-3	239.701271E-3
90.600000E+0	4.000000E+0	-33.242220E+0	9.076512E+0	231.613159E-3	233.987808E-3
90.700000E+0	4.000000E+0	-33.254353E+0	8.889353E+0	227.002382E-3	229.448080E-3
90.800000E+0	4.000000E+0	-33.268026E+0	8.634198E+0	220.894098E-3	223.253012E-3
90.900000E+0	4.000000E+0	-33.282099E+0	8.426476E+0	215.797663E-3	218.351841E-3
91.000000E+0	4.000000E+0	-33.295870E+0	8.165085E+0	209.993362E-3	212.532759E-3
91.100000E+0	4.000000E+0	-33.309266E+0	7.943511E+0	204.762459E-3	207.215786E-3
91.200000E+0	4.000000E+0	-33.326009E+0	7.699788E+0	198.531628E-3	200.861216E-3
91.300000E+0	4.000000E+0	-33.338923E+0	7.468665E+0	192.986965E-3	195.487022E-3
91.400000E+0	4.000000E+0	-33.351413E+0	7.272220E+0	188.407183E-3	190.907001E-3
91.500000E+0	4.000000E+0	-33.363632E+0	7.025611E+0	182.639122E-3	185.110092E-3
91.600000E+0	4.000000E+0	-33.378602E+0	6.816220E+0	177.422285E-3	179.994106E-3
91.700000E+0	4.000000E+0	-33.392051E+0	6.582713E+0	171.956301E-3	174.474716E-3
91.800000E+0	4.000000E+0	-33.406562E+0	6.350172E+0	166.073799E-3	168.553352E-3
91.900000E+0	4.000000E+0	-33.419002E+0	6.138825E+0	161.054134E-3	163.501978E-3
92.000000E+0	4.000000E+0	-33.434925E+0	5.883384E+0	155.406952E-3	157.948971E-3
92.100000E+0	4.000000E+0	-33.447013E+0	5.662942E+0	150.007725E-3	152.448416E-3
92.200000E+0	4.000000E+0	-33.461661E+0	5.442178E+0	144.564629E-3	147.097826E-3
92.300000E+0	4.000000E+0	-33.475298E+0	5.233741E+0	139.247417E-3	141.870022E-3
92.400000E+0	4.000000E+0	-33.490086E+0	4.977298E+0	133.308649E-3	135.667086E-3
92.500000E+0	4.000000E+0	-33.502803E+0	4.768157E+0	128.478289E-3	130.956411E-3
92.600000E+0	4.000000E+0	-33.517287E+0	4.525769E+0	122.516394E-3	125.004053E-3
92.700000E+0	4.000000E+0	-33.531175E+0	4.301095E+0	117.337942E-3	119.565964E-3
92.800000E+0	4.000000E+0	-33.546573E+0	4.061365E+0	111.488104E-3	113.813639E-3
92.900000E+0	4.000000E+0	-33.560157E+0	3.845799E+0	106.102705E-3	108.414650E-3
93.000000E+0	4.000000E+0	-33.574123E+0	3.618264E+0	100.650549E-3	102.822781E-3
93.100000E+0	4.000000E+0	-33.589039E+0	3.387916E+0	95.163107E-3	97.412586E-3
93.200000E+0	4.000000E+0	-33.602265E+0	3.155732E+0	89.737177E-3	91.812134E-3
93.300000E+0	4.000000E+0	-33.615676E+0	2.926373E+0	84.486723E-3	86.288214E-3
93.400000E+0	4.000000E+0	-33.628858E+0	2.718258E+0	79.235792E-3	81.018209E-3
93.500000E+0	4.000000E+0	-33.643324E+0	2.485394E+0	73.653460E-3	75.351000E-3
93.600000E+0	4.000000E+0	-33.657590E+0	2.255249E+0	68.308830E-3	69.786310E-3
93.700000E+0	4.000000E+0	-33.671999E+0	2.015948E+0	62.558889E-3	63.920498E-3
93.800000E+0	4.000000E+0	-33.687592E+0	1.786721E+0	57.017088E-3	58.423996E-3
93.900000E+0	4.000000E+0	-33.698914E+0	1.562595E+0	51.706791E-3	52.823305E-3
94.000000E+0	4.000000E+0	-33.713240E+0	1.359487E+0	46.829462E-3	47.646761E-3
94.100000E+0	4.000000E+0	-33.728248E+0	1.108718E+0	41.041613E-3	41.660786E-3
94.200000E+0	4.000000E+0	-33.741427E+0	887.691975E-3	36.067724E-3	36.408424E-3
94.300000E+0	4.000000E+0	-33.753103E+0	700.664520E-3	31.512260E-3	31.614304E-3
94.400000E+0	4.000000E+0	-33.765090E+0	487.351418E-3	26.701450E-3	26.498795E-3
94.500000E+0	4.000000E+0	-33.777929E+0	299.751759E-3	21.999836E-3	21.173716E-3
94.600000E+0	4.000000E+0	-33.793506E+0	53.286552E-3	16.531467E-3	15.314579E-3
94.700000E+0	4.000000E+0	-33.797014E+0	11.551380E-3	15.430450E-3	14.151096E-3
94.800000E+0	4.000000E+0	-33.796269E+0	15.676022E-3	15.566826E-3	14.099836E-3
94.900000E+0	4.000000E+0	-33.796278E+0	26.094913E-3	15.502930E-3	14.284372E-3
95.000000E+0	4.000000E+0	-33.796245E+0	10.728836E-3	15.439034E-3	14.176846E-3
95.100000E+0	4.000000E+0	-33.796847E+0	7.426739E-3	15.078068E-3	13.822079E-3
95.200000E+0	4.000000E+0	-33.796821E+0	9.787083E-3	15.265942E-3	13.664961E-3
95.300000E+0	4.000000E+0	-33.798302E+0	25.033951E-3	14.905930E-3	13.729811E-3
95.400000E+0	4.000000E+0	-33.798385E+0	-16.254187E-3	14.829874E-3	13.630390E-3
95.500000E+0	4.000000E+0	-33.796826E+0	11.014938E-3	14.892817E-3	13.624191E-3
95.600000E+0	4.000000E+0	-33.797554E+0	4.339218E-3	14.798641E-3	13.534784E-3
95.700000E+0	4.000000E+0	-33.797440E+0	-1.841784E-3	14.957190E-3	13.644218E-3
95.800000E+0	4.000000E+0	-33.799205E+0	12.016296E-3	14.652729E-3	13.448715E-3
95.900000E+0	4.000000E+0	-33.798749E+0	18.894672E-3	14.845133E-3	13.579369E-3
96.000000E+0	4.000000E+0	-33.797619E+0	12.111664E-3	14.751673E-3	13.332844E-3
96.100000E+0	4.000000E+0	-33.797116E+0	2.360344E-3	14.777184E-3	13.567448E-3
96.200000E+0	4.000000E+0	-33.801538E+0	-6.091595E-3	14.433861E-3	13.058901E-3
96.300000E+0	4.000000E+0	-33.797923E+0	10.836124E-3	14.586687E-3	13.507366E-3
96.400000E+0	4.000000E+0	-33.799664E+0	-2.235174E-3	14.651299E-3	13.231039E-3
96.500000E+0	4.000000E+0	-33.799151E+0	15.056133E-3	14.477015E-3	13.366222E-3
96.600000E+0	4.000000E+0	-33.798632E+0	4.947186E-3	14.519691E-3	13.279676E-3
96.700000E+0	4.000000E+0	-33.799002E+0	-6.628036E-3	14.491796E-3	13.209581E-3
96.800000E+0	4.000000E+0	-33.798632E+0	-280.141830E-6	14.196157E-3	13.241529E-3
96.900000E+0	4.000000E+0	-33.799312E+0	3.015995E-3	14.333010E-3	13.056517E-3
97.000000E+0	4.000000E+0	-33.801938E+0	-11.175871E-3	14.220715E-3	13.042927E-3
97.100000E+0	4.000000E+0	-33.801046E+0	-9.924173E-3	14.284134E-3	12.895346E-3
97.200000E+0	4.000000E+0	-33.800495E+0	-6.115437E-3	14.078617E-3	12.676716E-3
97.300000E+0	4.000000E+0	-33.802423E+0	-32.353401E-3	13.710260E-3	12.393713E-3
97.400000E+0	4.000000E+0	-33.801380E+0	-8.624792E-3	14.189005E-3	12.732983E-3
97.500000E+0	4.000000E+0	-33.802370E+0	-18.602610E-3	13.614893E-3	12.355089E-3
97.600000E+0	4.000000E+0	-33.800716E+0	-23.591518E-3	14.005899E-3	12.513161E-3
97.700000E+0	4.000000E+0	-33.801502E+0	-8.970499E-3	13.746977E-3	12.521982E-3
97.800000E+0	4.000000E+0	-33.801660E+0	-12.379885E-3	13.960361E-3	12.420893E-3
97.900000E+0	4.000000E+0	-33.801720E+0	-19.341707E-3	13.959885E-3	12.587786E-3
98.000000E+0	4.000000E+0	-33.801809E+0	-20.468235E-3	13.663530E-3	12.356281E-3
98.100000E+0	4.000000E+0	-33.800149E+0	1.096725E-3	14.304161E-3	12.840986E-3
98.200000E+0	4.000000E+0	-33.802918E+0	-7.992983E-3	14.107704E-3	12.684822E-3
98.300000E+0	4.000000E+0	-33.801604E+0	-17.541647E-3	14.041185E-3	12.483835E-3
98.400000E+0	4.000000E+0	-33.801085E+0	-4.857779E-3	14.017105E-3	12.845039E-3
98.500000E+0	4.000000E+0	-33.802987E+0	-35.762787E-6	13.939857E-3	12.608767E-3
98.600000E+0	4.000000E+0	-33.802146E+0	3.015995E-3	13.960600E-3	12.719154E-3
98.700000E+0	4.000000E+0	-33.802876E+0	-4.529953E-3	13.945103E-3	12.666464E-3
98.800000E+0	4.000000E+0	-33.801812E+0	-12.856722E-3	14.040709E-3	12.560844E-3
98.900000E+0	4.000000E+0	-33.802721E+0	-286.102295E-6	13.848066E-3	12.582779E-3
99.000000E+0	4.000000E+0	-33.801538E+0	-2.795458E-3	14.022112E-3	12.680054E-3
99.100000E+0	4.000000E+0	-33.801735E+0	-2.545118E-3	14.081717E-3	12.665272E-3
