Program version:	Fatigue ver. 4.0
Date and time:	07-08-2015 13:51:46
Operator:	sras
Project ID:	44584
Sample ID:	EQA01-09
Comments:	
	
Mode of operation:	Ten-ten
Low load setpoint [kN]:	0.000000
Sample width [mm]:	25.410000
Sample thickness [mm]:	4.170000
Strain sensor:	Extensometer
Number of strain sensors:	2
Channel configuration:	0 6 1,1,0,0,0,0 1,4,1,2,3,4
Digital I/O:	0,1,None
	
Machine SN:	88R1342
Load cell SN:	UK 054
Load cell [kN]:	100.000000
Extensometer 1 SN:	2026
Gauge length 1 [mm]:	50.000000
Full scale 1 [%]:	2.000000
Extensometer 2 SN:	2084
Gauge length 2 [mm]:	50.000000
Full scale 2 [%]:	2.000000
	
Modulus [GPa]:	39.419821
	
E-max [%]:	1.300000
R:	0.100000
Waveform frequency [Hz]:	2.990431
Samples pr cycle:	152
	
Max change stiffness [%]:	0.500000
Max cycles between log:	100
Number of initial cycles:	20
Run out cycle:	2000000
	
	
Timestamp [yyyymmddHHMMSS.frac]	Time [s]	Cycle	Position max [mm]	Position min [mm]	Stress max [MPa]	Stress min [MPa]	Strain1 max [%]	Strain1 min [%]	Strain2 max [%]	Strain2 min [%]	StiffnessAvg [GPa]	Stiffness1 [GPa]	Stiffness2 [GPa]	StiffnessPosition [MPa/mm]	DampingAvg	Damping1	Damping2	DampingPosition
20150807135936.718700	0.000000	1.000000	-24.493200	-26.345739	365.676769	81.503451	0.974705	0.228896	0.961175	0.222830	38.240446	38.137127	38.343479	153.621012	0.060312	0.057847	0.062802	0.116314
20150807135936.988300	0.250000	2.000000	-23.437363	-26.411039	512.153404	68.882711	1.381232	0.198163	1.362857	0.193453	37.735304	37.556796	37.915059	149.358155	0.089764	0.091968	0.087533	0.198068
20150807135937.218700	0.500000	3.000000	-23.440054	-26.415187	510.113025	66.999276	1.380460	0.195501	1.360503	0.190736	37.666019	37.463369	37.870393	149.063071	0.080489	0.084686	0.076237	0.173307
20150807135937.488300	0.750000	4.000000	-23.451647	-26.434738	508.432660	63.765788	1.377347	0.187896	1.356543	0.183967	37.658602	37.418631	37.901186	149.057090	0.078503	0.081873	0.075085	0.166248
20150807135937.730500	1.000000	5.000000	-23.456362	-26.441077	506.924651	62.525989	1.375292	0.185138	1.353783	0.181384	37.637354	37.393943	37.883477	149.039462	0.075782	0.080697	0.070792	0.164020
20150807135937.968700	1.250000	6.000000	-23.458344	-26.452315	506.515698	60.137859	1.374816	0.179923	1.352908	0.175671	37.642072	37.387296	37.900016	149.051633	0.074583	0.080011	0.069073	0.162883
20150807135938.218700	1.500000	7.000000	-23.464108	-26.455653	505.593949	59.408606	1.372255	0.178338	1.350070	0.173712	37.644150	37.374674	37.917342	149.051531	0.074635	0.079933	0.069258	0.161476
20150807135938.488300	1.750000	8.000000	-23.466549	-26.461029	505.176446	58.213585	1.371293	0.175775	1.348961	0.171087	37.642179	37.370502	37.917677	149.047087	0.074587	0.079454	0.069648	0.160310
20150807135938.730500	2.000000	9.000000	-23.462212	-26.461414	505.361515	57.686277	1.373151	0.175238	1.350416	0.170119	37.633407	37.357767	37.912997	149.021075	0.074869	0.079896	0.069766	0.160392
20150807135938.980500	2.250000	10.000000	-23.459778	-26.463056	505.477057	57.558472	1.373786	0.174123	1.350384	0.168524	37.625015	37.351226	37.902694	149.023560	0.074589	0.079725	0.069375	0.158765
20150807135939.218700	2.500000	11.000000	-23.460687	-26.464087	505.068329	57.234347	1.373179	0.173378	1.349595	0.167068	37.616526	37.346349	37.890520	148.997047	0.074895	0.079359	0.070365	0.158813
20150807135939.468700	2.750000	12.000000	-23.452875	-26.466549	505.724454	56.498568	1.376002	0.172011	1.351760	0.165391	37.628565	37.341154	37.920330	148.977156	0.074016	0.079452	0.068499	0.158524
20150807135939.761700	3.000000	13.000000	-23.454073	-26.468915	505.356003	55.918833	1.375459	0.171053	1.351281	0.164234	37.622350	37.337910	37.911042	148.979628	0.073904	0.079592	0.068133	0.158757
20150807135939.988300	3.250000	14.000000	-23.445356	-26.469130	506.255925	55.696974	1.378657	0.170621	1.353947	0.163511	37.613883	37.330137	37.901868	148.922983	0.074019	0.079700	0.068255	0.157882
20150807135940.230500	3.500000	15.000000	-23.445842	-26.466146	506.055667	55.752101	1.377938	0.171380	1.352459	0.164482	37.625879	37.327092	37.929370	148.936883	0.072992	0.079288	0.066598	0.156865
20150807135940.480500	3.750000	16.000000	-23.444364	-26.468936	506.264813	55.260682	1.378926	0.170062	1.353143	0.162807	37.622801	37.323918	37.926385	148.944736	0.072532	0.079200	0.065761	0.155843
20150807135940.718700	4.000000	17.000000	-23.444355	-26.466701	506.267626	55.583345	1.378480	0.170600	1.352783	0.163213	37.617577	37.322047	37.917686	148.945693	0.073142	0.079761	0.066421	0.156755
20150807135941.000000	4.250000	18.000000	-23.436970	-26.468358	506.885725	55.352711	1.380814	0.170092	1.354761	0.162155	37.609578	37.316705	37.906959	148.909424	0.074083	0.080384	0.067686	0.156388
20150807135941.218700	4.500000	19.000000	-23.437617	-26.469234	506.612451	54.927557	1.380551	0.169586	1.353861	0.161584	37.612305	37.312781	37.916559	148.875515	0.073474	0.079671	0.067181	0.156169
20150807135941.480500	4.750000	20.000000	-23.434678	-26.470539	507.226613	54.584531	1.381788	0.168172	1.355169	0.159865	37.605641	37.307640	37.908334	148.869579	0.073913	0.079713	0.068024	0.155695
20150807140006.480500	29.750000	120.000000	-23.349333	-26.452193	511.979472	52.011781	1.406681	0.166299	1.361950	0.139945	37.412413	37.132209	37.696815	148.140010	0.074092	0.079301	0.068806	0.149166
20150807140031.468700	54.750000	220.000000	-23.331324	-26.439274	512.218657	52.370445	1.410459	0.169037	1.359451	0.135298	37.307536	37.037378	37.581604	147.702708	0.073238	0.077892	0.068518	0.146873
20150807140056.468700	79.750000	320.000000	-23.310557	-26.432857	512.263433	51.955529	1.416314	0.169806	1.360438	0.130190	37.210030	36.962389	37.460973	147.318711	0.072669	0.075981	0.069314	0.144629
20150807140121.488300	104.750000	420.000000	-23.301047	-26.429379	512.216856	51.898264	1.418346	0.170233	1.358514	0.127390	37.162281	36.907675	37.420357	146.973184	0.069833	0.074211	0.065396	0.142444
20150807140146.519500	129.750000	520.000000	-23.290348	-26.425192	512.268833	51.973980	1.421139	0.171160	1.357745	0.124903	37.117207	36.860122	37.377817	146.673975	0.069221	0.072990	0.065401	0.141755
20150807140211.488300	154.750000	620.000000	-23.285774	-26.422483	511.832092	52.404647	1.421240	0.172111	1.355074	0.123347	37.079800	36.824677	37.338358	146.436277	0.067066	0.071930	0.062133	0.141057
20150807140217.238300	160.500000	643.000000	-23.278946	-26.423455	512.997974	51.937528	1.423990	0.171539	1.357040	0.122154	37.082825	36.823628	37.345565	146.425171	0.066191	0.071238	0.061073	0.140373
20150807140252.050800	0.000000	644.000000	-24.163640	-26.382044	392.929151	60.557050	1.081368	0.191641	1.018644	0.139260	37.487183	37.299620	37.676340	149.527283	0.051198	0.056747	0.045584	0.118802
20150807140252.390600	0.334400	645.000000	-23.259276	-26.397545	518.544215	58.262524	1.433113	0.184247	1.366356	0.133303	37.082802	36.881029	37.286564	146.448153	0.071364	0.075799	0.066873	0.153978
20150807140325.871100	33.774400	745.000000	-23.282418	-26.428515	511.781127	51.771022	1.420800	0.170030	1.350243	0.117093	37.072202	36.802051	37.346251	146.037614	0.066236	0.070217	0.062199	0.141560
20150807140359.281200	67.214400	845.000000	-23.275844	-26.425267	512.114815	51.557714	1.421568	0.170262	1.348931	0.111580	36.999950	36.774680	37.227892	145.825850	0.067295	0.069563	0.065001	0.140667
20150807140432.710900	100.654400	945.000000	-23.267687	-26.421473	512.205831	51.865751	1.423264	0.170603	1.348078	0.111684	36.994502	36.750578	37.241649	145.593951	0.065177	0.068331	0.061983	0.139639
20150807140506.148400	134.094400	1045.000000	-23.265016	-26.421559	511.707437	51.505849	1.422917	0.170306	1.346003	0.109237	36.979673	36.730336	37.232370	145.421420	0.064464	0.067611	0.061276	0.139372
20150807140539.609400	167.534400	1145.000000	-23.259679	-26.418212	511.821741	51.993218	1.424371	0.171463	1.345577	0.110725	36.990125	36.712485	37.271959	145.267767	0.063320	0.066817	0.059772	0.139208
20150807140613.050800	200.974400	1245.000000	-23.254997	-26.416609	511.568156	52.055658	1.423935	0.171862	1.343413	0.108596	36.957420	36.696556	37.221928	145.143350	0.061434	0.066186	0.056616	0.139066
20150807140646.488300	234.414400	1345.000000	-23.249719	-26.412198	511.975760	52.015156	1.425523	0.172035	1.344237	0.104993	36.928162	36.682421	37.177054	145.004912	0.061825	0.065398	0.058210	0.137586
20150807140719.910200	267.854400	1445.000000	-23.249686	-26.413843	511.077075	51.860913	1.424793	0.171703	1.342252	0.106677	36.932455	36.669190	37.199482	144.844204	0.061493	0.064927	0.058011	0.137844
20150807140753.359400	301.294400	1545.000000	-23.242167	-26.412729	512.015811	52.162312	1.426676	0.171780	1.342990	0.107289	36.947380	36.657804	37.241494	144.694343	0.060073	0.064354	0.055725	0.136595
20150807140826.800800	334.734400	1645.000000	-23.240811	-26.412455	511.675035	51.692494	1.426632	0.171659	1.342916	0.106442	36.923849	36.643883	37.208042	144.538838	0.059653	0.063556	0.055692	0.136329
20150807140900.250000	368.174400	1745.000000	-23.235342	-26.410914	512.430165	51.842800	1.427767	0.172245	1.342511	0.106304	36.937246	36.635716	37.243661	144.421854	0.057950	0.063196	0.052621	0.135706
20150807140933.699200	401.614400	1845.000000	-23.233217	-26.409683	511.858980	51.904790	1.427603	0.172298	1.341833	0.105756	36.919674	36.626616	37.217344	144.298436	0.058357	0.062476	0.054173	0.135931
20150807141007.121100	435.054400	1945.000000	-23.233429	-26.410169	511.078537	52.053745	1.426147	0.172348	1.340461	0.105081	36.894652	36.617732	37.175693	144.181597	0.058128	0.062336	0.053857	0.135451
20150807141040.558600	468.494400	2045.000000	-23.222286	-26.409400	512.428027	51.412921	1.429535	0.172016	1.343350	0.103414	36.871240	36.608340	37.137834	144.069534	0.058336	0.061602	0.055022	0.134320
20150807141114.011700	501.934400	2145.000000	-23.221228	-26.409048	511.902519	51.602378	1.429311	0.172348	1.342209	0.103933	36.884394	36.601664	37.171422	143.998803	0.057427	0.061386	0.053408	0.134940
20150807141147.460900	535.374400	2245.000000	-23.218832	-26.404700	512.349049	52.223627	1.430274	0.173371	1.342419	0.104493	36.860034	36.591399	37.132517	143.932843	0.055380	0.060993	0.049682	0.134655
20150807141220.929700	568.814400	2345.000000	-23.215372	-26.402447	511.671323	51.942816	1.429615	0.173879	1.341290	0.104265	36.869404	36.584057	37.159118	143.833927	0.056618	0.060682	0.052493	0.133899
20150807141254.339800	602.254400	2445.000000	-23.212791	-26.404378	511.834567	51.825924	1.430027	0.173018	1.340633	0.102152	36.861096	36.578583	37.147933	143.734380	0.057088	0.060457	0.053669	0.134374
20150807141327.769500	635.694400	2545.000000	-23.206377	-26.399163	512.494405	51.997043	1.431361	0.173667	1.342250	0.103298	36.853546	36.569872	37.141560	143.636100	0.056600	0.059684	0.053469	0.133712
20150807141401.218700	669.134400	2645.000000	-23.205805	-26.401508	511.930983	51.926390	1.430299	0.172968	1.340906	0.102421	36.851011	36.562459	37.144105	143.518610	0.056823	0.060018	0.053580	0.133919
20150807141434.660200	702.574400	2745.000000	-23.203010	-26.399672	511.960009	51.873963	1.430872	0.173282	1.341444	0.102594	36.834840	36.555790	37.118140	143.439617	0.056160	0.059343	0.052928	0.133137
20150807141508.101600	736.014400	2845.000000	-23.202470	-26.398757	512.017274	51.998168	1.430799	0.173516	1.341117	0.102713	36.830525	36.550048	37.115320	143.358769	0.056506	0.059122	0.053850	0.133455
20150807141541.570300	769.454400	2945.000000	-23.196012	-26.395652	512.275809	51.967230	1.432174	0.173940	1.342087	0.102488	36.817569	36.542910	37.096363	143.263224	0.055995	0.058704	0.053246	0.133559
20150807141614.988300	802.894400	3045.000000	-23.194567	-26.393146	511.813641	52.172775	1.432052	0.174097	1.341665	0.102897	36.823580	36.537178	37.114468	143.230258	0.055347	0.058663	0.051979	0.134012
20150807141648.429700	836.334400	3145.000000	-23.191217	-26.393929	512.084776	51.687769	1.432306	0.173249	1.342422	0.100892	36.791556	36.531067	37.055745	143.140245	0.056122	0.058440	0.053771	0.133268
20150807141721.890600	869.774400	3245.000000	-23.188296	-26.390505	511.783265	52.087159	1.432075	0.174359	1.341526	0.101825	36.796845	36.523382	37.074365	143.044290	0.055153	0.058128	0.052136	0.132912
20150807141755.300800	903.214400	3345.000000	-23.185861	-26.391495	511.959559	51.761572	1.432570	0.173464	1.342019	0.101986	36.808268	36.520504	37.100517	142.986273	0.054440	0.058043	0.050783	0.132108
20150807141828.750000	936.654400	3445.000000	-23.181141	-26.389379	512.163529	51.944166	1.433386	0.174045	1.343257	0.102252	36.793239	36.512446	37.078336	142.871693	0.054610	0.057718	0.051456	0.132250
20150807141902.191400	970.094400	3545.000000	-23.179099	-26.390881	511.989710	51.687881	1.433557	0.173454	1.343874	0.101688	36.776048	36.508978	37.047029	142.803009	0.054793	0.057426	0.052123	0.132464
20150807141935.640600	1003.534400	3645.000000	-23.176560	-26.388356	511.856842	51.677643	1.433683	0.173937	1.343343	0.102219	36.779070	36.500676	37.061705	142.714723	0.054245	0.057300	0.051144	0.132424
20150807142009.058600	1036.974400	3745.000000	-23.173887	-26.383925	511.811953	51.738058	1.434142	0.174608	1.342198	0.103193	36.805987	36.496358	37.120749	142.693612	0.052801	0.057354	0.048172	0.133855
20150807142042.511700	1070.414400	3845.000000	-23.173702	-26.385558	511.327397	51.814899	1.433594	0.174624	1.342739	0.101951	36.772488	36.493613	37.055575	142.636466	0.053795	0.057370	0.050168	0.133646
20150807142115.960900	1103.854400	3945.000000	-23.168254	-26.381719	512.081514	51.864626	1.434342	0.174936	1.343819	0.102313	36.762323	36.487467	37.041248	142.547709	0.053637	0.056829	0.050399	0.133210
20150807142149.449200	1137.294400	4045.000000	-23.165721	-26.378024	511.552631	52.324993	1.433937	0.176056	1.344201	0.103438	36.743902	36.481831	37.009699	142.434742	0.053996	0.057143	0.050806	0.133731
20150807142222.851600	1170.734400	4145.000000	-23.162246	-26.379386	511.625984	51.749196	1.434648	0.175054	1.344460	0.102340	36.737726	36.475934	37.003253	142.335565	0.053853	0.056827	0.050838	0.133965
20150807142256.289100	1204.174400	4245.000000	-23.157171	-26.381317	512.265008	51.692381	1.435854	0.174105	1.345729	0.101925	36.738884	36.472189	37.009474	142.293615	0.053673	0.056617	0.050687	0.132303
20150807142329.738300	1237.614400	4345.000000	-23.152462	-26.379601	512.424202	51.770347	1.436536	0.174924	1.346654	0.102813	36.733583	36.466053	37.005025	142.199760	0.053095	0.056238	0.049908	0.132387
20150807142403.160200	1271.054400	4445.000000	-23.154205	-26.376823	512.141029	52.034170	1.435903	0.175463	1.345740	0.102949	36.726249	36.462886	36.993416	142.124677	0.053620	0.056061	0.051145	0.132333
20150807142436.609400	1304.494400	4545.000000	-23.151076	-26.373861	512.068688	52.356157	1.435810	0.176617	1.344665	0.103483	36.733023	36.456977	37.013212	142.051638	0.053611	0.056430	0.050751	0.132726
20150807142510.050800	1337.934400	4645.000000	-23.146725	-26.376039	512.126965	51.753359	1.437354	0.175452	1.345902	0.102678	36.734178	36.453162	37.019499	141.968246	0.052798	0.056386	0.049155	0.133141
20150807142543.519500	1371.374400	4745.000000	-23.143646	-26.373947	512.622435	51.975667	1.437726	0.176340	1.346731	0.103299	36.721297	36.450780	36.995793	141.910109	0.053536	0.056304	0.050728	0.132472
20150807142616.941400	1404.814400	4845.000000	-23.139429	-26.373065	512.609159	52.022019	1.437818	0.176159	1.345950	0.102486	36.721438	36.444211	37.002835	141.833734	0.052881	0.056259	0.049454	0.132284
20150807142650.398400	1438.254400	4945.000000	-23.141837	-26.371947	512.166229	51.890164	1.437395	0.176183	1.345858	0.102326	36.707769	36.441778	36.977613	141.755386	0.053064	0.055937	0.050150	0.132558
20150807142723.808600	1471.694400	5045.000000	-23.137868	-26.372731	512.109302	51.991418	1.438282	0.176448	1.346034	0.103396	36.721002	36.436188	37.010258	141.686812	0.051966	0.055870	0.048001	0.132452
20150807142757.250000	1505.134400	5145.000000	-23.135576	-26.370711	512.284809	51.853825	1.438164	0.176094	1.345749	0.102854	36.722944	36.434704	37.015687	141.652265	0.051952	0.056000	0.047842	0.133297
20150807142830.730500	1538.574400	5245.000000	-23.131109	-26.370880	512.193906	51.675731	1.438832	0.176260	1.346693	0.102618	36.707717	36.430762	36.988850	141.593857	0.052422	0.055851	0.048942	0.132120
20150807142904.140600	1572.014400	5345.000000	-23.124615	-26.369024	512.603421	51.740533	1.440550	0.176691	1.348757	0.103020	36.694516	36.425774	36.967174	141.525759	0.052385	0.055666	0.049057	0.132291
20150807142937.589800	1605.454400	5445.000000	-23.130802	-26.368162	511.777302	51.660543	1.438561	0.176707	1.346688	0.102775	36.692990	36.419130	36.970924	141.450418	0.052286	0.055826	0.048695	0.132843
20150807143011.011700	1638.894400	5545.000000	-23.127684	-26.366735	511.668060	52.126761	1.438262	0.177032	1.346562	0.103281	36.676851	36.415545	36.941885	141.403161	0.052490	0.055611	0.049323	0.132833
20150807143044.460900	1672.334400	5645.000000	-23.123148	-26.367152	512.179392	52.016619	1.439643	0.177242	1.347390	0.102975	36.682023	36.413006	36.955011	141.365459	0.052533	0.055719	0.049300	0.133315
20150807143117.898400	1705.774400	5745.000000	-23.117051	-26.363555	512.176242	51.892077	1.440398	0.177113	1.348875	0.103177	36.670246	36.407725	36.936541	141.305329	0.052877	0.055529	0.050187	0.132775
20150807143151.351600	1739.214400	5845.000000	-23.120153	-26.363546	511.994548	51.861813	1.439722	0.177108	1.347775	0.102691	36.666565	36.404001	36.932910	141.213174	0.052524	0.055525	0.049482	0.132598
20150807143224.789100	1772.654400	5945.000000	-23.116830	-26.361364	512.184680	51.975667	1.440106	0.177347	1.347951	0.102496	36.663414	36.399909	36.930712	141.174903	0.052505	0.055434	0.049536	0.132663
20150807143258.238300	1806.094400	6045.000000	-23.109961	-26.358608	512.626147	52.081534	1.441619	0.178032	1.349162	0.103440	36.663779	36.396280	36.935177	141.088755	0.052469	0.055322	0.049575	0.133095
20150807143331.660200	1839.534400	6145.000000	-23.113522	-26.362527	511.692249	51.493699	1.439563	0.176313	1.347054	0.101613	36.659467	36.393911	36.928880	141.006203	0.052493	0.055420	0.049523	0.133734
20150807143405.121100	1872.974400	6245.000000	-23.109183	-26.358349	512.307872	51.829524	1.440929	0.177432	1.348536	0.102220	36.643749	36.389254	36.901785	140.986750	0.052461	0.054972	0.049915	0.134832
20150807143438.550800	1906.414400	6345.000000	-23.109848	-26.356039	511.465890	52.079396	1.439634	0.177991	1.347272	0.103343	36.651687	36.385571	36.921651	140.900648	0.051935	0.055091	0.048733	0.134934
20150807143512.000000	1939.854400	6445.000000	-23.099608	-26.355696	512.314623	51.954179	1.441534	0.178252	1.349200	0.103310	36.641945	36.381391	36.906222	140.807846	0.052662	0.055067	0.050224	0.134400
20150807143545.441400	1973.294400	6545.000000	-23.101431	-26.354185	511.877656	52.104822	1.440596	0.178170	1.348192	0.103365	36.637932	36.378121	36.901439	140.753341	0.052599	0.055246	0.049916	0.134306
20150807143618.890600	2006.734400	6645.000000	-23.093689	-26.354531	512.113240	52.025282	1.442979	0.177947	1.350050	0.102839	36.639365	36.374580	36.908001	140.681128	0.051910	0.054841	0.048936	0.133886
20150807143652.328100	2040.174400	6745.000000	-23.096770	-26.354516	511.961697	51.879476	1.441084	0.177780	1.348155	0.102793	36.637346	36.370903	36.907674	140.607368	0.051984	0.054896	0.049030	0.134034
20150807143725.750000	2073.614400	6845.000000	-23.095772	-26.352713	511.854030	51.842237	1.441192	0.177996	1.347646	0.102655	36.635557	36.365973	36.909117	140.543714	0.051835	0.054772	0.048854	0.135155
20150807143759.199200	2107.054400	6945.000000	-23.088220	-26.352430	512.625135	51.783960	1.443501	0.177706	1.349961	0.102382	36.631965	36.360875	36.907082	140.474350	0.052248	0.055124	0.049330	0.134545
20150807143832.640600	2140.494400	7045.000000	-23.088470	-26.351723	511.993648	51.697782	1.441904	0.177999	1.348137	0.102539	36.633103	36.358541	36.911788	140.400818	0.051716	0.054870	0.048515	0.133844
20150807143906.089800	2173.934400	7145.000000	-23.089913	-26.349432	511.503241	51.799486	1.440788	0.178246	1.347184	0.102968	36.628432	36.354994	36.905968	140.325427	0.051845	0.054867	0.048778	0.134380
20150807143939.539100	2207.374400	7245.000000	-23.087642	-26.351044	511.587507	51.746609	1.441602	0.178308	1.347530	0.102636	36.632738	36.352704	36.917043	140.285401	0.051133	0.054797	0.047414	0.135218
20150807144012.980500	2240.814400	7345.000000	-23.083029	-26.349941	512.026162	51.816474	1.442191	0.178518	1.348248	0.102757	36.626372	36.348092	36.908843	140.184866	0.051015	0.054615	0.047362	0.134588
20150807144046.421900	2274.254400	7445.000000	-23.083452	-26.347980	511.810828	51.824912	1.442382	0.178774	1.347912	0.102915	36.620389	36.344038	36.900883	140.122669	0.051356	0.054586	0.048079	0.134090
20150807144119.851600	2307.694400	7545.000000	-23.078579	-26.347584	512.093664	52.065333	1.443419	0.178856	1.349150	0.102761	36.616880	36.341441	36.896470	140.066642	0.051323	0.054745	0.047850	0.134828
20150807144153.289100	2341.134400	7645.000000	-23.073200	-26.347375	512.024924	52.007956	1.444421	0.179173	1.350356	0.103296	36.607003	36.336805	36.881187	139.986931	0.051528	0.054785	0.048224	0.134642
20150807144226.738300	2374.574400	7745.000000	-23.070196	-26.346389	512.419702	51.964642	1.445685	0.178727	1.351496	0.102751	36.605710	36.335004	36.880410	139.943881	0.051304	0.054498	0.048062	0.134033
20150807144300.179700	2408.014400	7845.000000	-23.070610	-26.347202	511.925358	51.890727	1.443622	0.178990	1.349712	0.102798	36.597505	36.332563	36.866265	139.883694	0.051552	0.054569	0.048492	0.134142
20150807144333.621100	2441.454400	7945.000000	-23.068783	-26.343322	512.412502	51.800836	1.444179	0.179450	1.350360	0.103354	36.595225	36.330191	36.864080	139.820437	0.051556	0.054636	0.048432	0.134242
20150807144407.050800	2474.894400	8045.000000	-23.067338	-26.345688	511.948759	51.990630	1.444392	0.179215	1.350266	0.102856	36.594635	36.326958	36.866211	139.768254	0.051448	0.054592	0.048259	0.134277
20150807144440.488300	2508.334400	8145.000000	-23.067829	-26.343814	512.107277	51.739746	1.444089	0.178936	1.349786	0.102560	36.591313	36.325066	36.861448	139.717931	0.051651	0.054513	0.048749	0.133848
20150807144513.960900	2541.774400	8245.000000	-23.063594	-26.341489	512.272434	52.078496	1.444564	0.179067	1.350148	0.102560	36.587814	36.322472	36.857025	139.664856	0.051731	0.054649	0.048771	0.134833
20150807144547.390600	2575.214400	8345.000000	-23.062358	-26.342687	511.769202	51.709707	1.445030	0.178934	1.350460	0.102372	36.585498	36.320609	36.854249	139.626963	0.051777	0.054655	0.048857	0.134573
20150807144620.828100	2608.654400	8445.000000	-23.062644	-26.343573	512.040787	51.597990	1.444358	0.178618	1.349786	0.101918	36.580891	36.315727	36.849916	139.555984	0.051746	0.054719	0.048731	0.135169
20150807144654.250000	2642.094400	8545.000000	-23.057637	-26.340935	512.090852	52.001206	1.444792	0.179286	1.350300	0.102566	36.576049	36.311645	36.844296	139.498184	0.051832	0.054703	0.048920	0.134669
20150807144727.699200	2675.534400	8645.000000	-23.057300	-26.340992	511.668398	51.798248	1.444313	0.179135	1.349778	0.102457	36.573623	36.309835	36.841233	139.428484	0.051872	0.054861	0.048840	0.133670
20150807144801.140600	2708.974400	8745.000000	-23.056954	-26.338607	512.040900	52.000981	1.444923	0.179824	1.350238	0.102989	36.570705	36.305754	36.839512	139.377564	0.051809	0.054779	0.048797	0.134497
20150807144834.589800	2742.414400	8845.000000	-23.052612	-26.340872	512.246558	51.591465	1.446470	0.179476	1.351490	0.102321	36.569827	36.305131	36.838354	139.346125	0.051458	0.054622	0.048248	0.133873
20150807144908.039100	2775.854400	8945.000000	-23.051420	-26.339424	512.049675	51.732995	1.446485	0.179819	1.351553	0.102580	36.565028	36.301652	36.832204	139.291550	0.051692	0.054723	0.048617	0.133938
20150807144941.480500	2809.294400	9045.000000	-23.051694	-26.337758	511.916582	52.011106	1.445907	0.180542	1.350831	0.103206	36.564864	36.298210	36.835394	139.229843	0.051607	0.054923	0.048243	0.134345
20150807145014.921900	2842.734400	9145.000000	-23.044816	-26.337418	512.352199	51.932803	1.448121	0.180363	1.352859	0.102959	36.562657	36.296091	36.833119	139.207862	0.051414	0.054590	0.048192	0.134266
20150807145048.351600	2876.174400	9245.000000	-23.048911	-26.337883	511.814316	51.931678	1.445547	0.179797	1.350440	0.102453	36.563939	36.292806	36.839085	139.153856	0.051261	0.054482	0.047995	0.134908
20150807145121.789100	2909.614400	9345.000000	-23.046509	-26.336879	512.168142	51.937078	1.446600	0.180499	1.351167	0.102763	36.560352	36.289765	36.834938	139.090865	0.051007	0.054340	0.047627	0.133531
20150807145155.238300	2943.054400	9445.000000	-23.043061	-26.334760	512.027287	51.948216	1.447025	0.181003	1.351490	0.103200	36.551064	36.287389	36.818555	139.072442	0.051488	0.054427	0.048507	0.133834
20150807145228.679700	2976.494400	9545.000000	-23.042322	-26.335609	512.019636	51.805223	1.447260	0.180802	1.351628	0.102878	36.544785	36.282366	36.810994	138.992974	0.051658	0.054502	0.048773	0.133972
20150807145302.128900	3009.934400	9645.000000	-23.041767	-26.335383	512.064188	51.893877	1.447284	0.180557	1.351455	0.102765	36.547074	36.282431	36.815586	138.978356	0.051781	0.054610	0.048910	0.133735
20150807145335.558600	3043.374400	9745.000000	-23.041451	-26.336831	512.000848	51.710382	1.447869	0.180354	1.351863	0.102523	36.545623	36.279664	36.815488	138.920282	0.051445	0.054383	0.048465	0.133980
20150807145409.019500	3076.814400	9845.000000	-23.036814	-26.334808	512.091977	51.981293	1.447612	0.180866	1.351860	0.102984	36.542469	36.278462	36.810312	138.880428	0.051469	0.054368	0.048529	0.133981
20150807145442.449200	3110.254400	9945.000000	-23.033828	-26.332954	512.077801	51.865526	1.449020	0.180981	1.353086	0.102994	36.535994	36.273276	36.802508	138.820704	0.051200	0.054237	0.048120	0.133666
20150807145515.890600	3143.694400	10045.000000	-23.037961	-26.332733	511.603370	51.725908	1.447504	0.181391	1.351445	0.103081	36.532700	36.270779	36.798394	138.820731	0.051645	0.054657	0.048590	0.135405
20150807145549.339800	3177.134400	10145.000000	-23.036045	-26.332552	511.919845	51.931678	1.448059	0.181403	1.351996	0.102969	36.530779	36.269032	36.796294	138.797266	0.051561	0.054552	0.048527	0.135554
20150807145622.769500	3210.574400	10245.000000	-23.033607	-26.328469	511.980485	51.974992	1.448535	0.181852	1.352223	0.103420	36.537924	36.270304	36.809488	138.844044	0.051485	0.054568	0.048357	0.137374
20150807145656.218700	3244.014400	10345.000000	-23.034415	-26.325596	511.681898	52.137899	1.447826	0.181700	1.351515	0.103473	36.530882	36.264983	36.800673	138.829826	0.051673	0.054663	0.048639	0.137080
20150807145729.640600	3277.454400	10445.000000	-23.032436	-26.327691	511.942458	51.855513	1.447869	0.181083	1.351682	0.102726	36.527534	36.264124	36.794762	138.764737	0.051632	0.054512	0.048711	0.136394
20150807145803.109400	3310.894400	10545.000000	-23.028121	-26.326773	512.001411	52.102122	1.448515	0.181706	1.352222	0.103185	36.527495	36.262458	36.796398	138.702730	0.051458	0.054516	0.048356	0.136110
20150807145836.539100	3344.334400	10645.000000	-23.027900	-26.325840	511.972159	52.018757	1.448131	0.181237	1.351777	0.102610	36.520310	36.257136	36.787312	138.670710	0.051591	0.054308	0.048835	0.135456
20150807145909.980500	3377.774400	10745.000000	-23.024202	-26.325181	512.191880	52.099085	1.449645	0.182107	1.353001	0.103378	36.517114	36.254486	36.783553	138.617610	0.051810	0.054655	0.048924	0.136190
20150807145943.421900	3411.214400	10845.000000	-23.025504	-26.324484	511.712724	52.315543	1.447822	0.181905	1.351334	0.103227	36.515416	36.252228	36.782428	138.558789	0.051539	0.054452	0.048585	0.136765
20150807150016.851600	3444.654400	10945.000000	-23.021216	-26.326117	511.957084	52.141836	1.449197	0.181704	1.352711	0.102736	36.510649	36.251278	36.773738	138.487565	0.051895	0.054595	0.049156	0.136859
20150807150050.300800	3478.094400	11045.000000	-23.018286	-26.323372	512.429040	51.961942	1.449376	0.181670	1.352738	0.102882	36.511433	36.246326	36.780420	138.419168	0.051699	0.054649	0.048706	0.136346
20150807150123.738300	3511.534400	11145.000000	-23.015139	-26.325524	512.176130	51.908052	1.450449	0.181062	1.353395	0.102278	36.510902	36.245358	36.780344	138.375241	0.051518	0.054439	0.048553	0.137012
20150807150157.179700	3544.974400	11245.000000	-23.011446	-26.323963	512.179055	51.792960	1.451455	0.181458	1.354643	0.102415	36.505381	36.243210	36.771346	138.345841	0.051599	0.054460	0.048698	0.136425
20150807150230.628900	3578.414400	11345.000000	-23.014114	-26.324985	511.790577	51.841450	1.448865	0.181141	1.351928	0.102222	36.508884	36.243824	36.777828	138.278709	0.051244	0.054107	0.048341	0.136253
20150807150304.070300	3611.854400	11445.000000	-23.009828	-26.323891	512.277384	51.767422	1.450426	0.180722	1.353726	0.101894	36.500355	36.239061	36.765419	138.221126	0.051420	0.054139	0.048663	0.135781
20150807150337.500000	3645.294400	11545.000000	-23.012269	-26.323113	511.905669	51.745821	1.449752	0.180764	1.352812	0.101724	36.500235	36.238108	36.766151	138.186520	0.051745	0.054610	0.048839	0.136624
20150807150410.968700	3678.734400	11645.000000	-23.010800	-26.323405	511.523492	51.950579	1.449091	0.181397	1.352081	0.102270	36.497406	36.235716	36.762878	138.160537	0.051521	0.054417	0.048584	0.136706
20150807150444.390600	3712.174400	11745.000000	-23.010290	-26.319734	511.953484	52.056333	1.450099	0.182046	1.352987	0.102825	36.489575	36.227367	36.755581	138.090399	0.051711	0.054606	0.048773	0.136649
20150807150517.828100	3745.614400	11845.000000	-23.008341	-26.322851	512.087251	51.977130	1.450125	0.181699	1.353009	0.102250	36.489350	36.228046	36.754429	138.060981	0.051707	0.054513	0.048862	0.135561
20150807150551.300800	3779.054400	11945.000000	-23.002118	-26.321358	512.162854	51.971167	1.451916	0.181412	1.354607	0.101875	36.485884	36.223523	36.752045	137.988330	0.051572	0.054488	0.048615	0.137068
20150807150624.718700	3812.494400	12045.000000	-23.002181	-26.323328	511.858868	51.772372	1.451769	0.181552	1.354340	0.102071	36.482005	36.219256	36.748565	137.975228	0.051601	0.054520	0.048640	0.135805
20150807150658.160200	3845.934400	12145.000000	-23.005471	-26.320711	511.517079	51.950579	1.450630	0.181796	1.353221	0.102320	36.481793	36.219721	36.747655	137.937153	0.051685	0.054583	0.048744	0.135935
20150807150731.589800	3879.374400	12245.000000	-23.003072	-26.319811	511.752213	51.934828	1.450674	0.181956	1.353107	0.102019	36.477455	36.215056	36.743654	137.892324	0.051505	0.054370	0.048600	0.134927
20150807150805.078100	3912.814400	12345.000000	-23.004070	-26.321546	511.451602	51.614641	1.449803	0.181594	1.352217	0.101956	36.474064	36.211918	36.740005	137.843300	0.051541	0.054397	0.048645	0.136479
20150807150838.480500	3946.254400	12445.000000	-22.999552	-26.322887	511.754914	51.556701	1.451087	0.181074	1.353502	0.101292	36.472243	36.210175	36.738101	137.770549	0.051535	0.054480	0.048548	0.135968
20150807150911.929700	3979.694400	12545.000000	-22.996167	-26.318354	512.076676	51.818611	1.451855	0.182283	1.353971	0.102253	36.468529	36.207164	36.733665	137.737845	0.051616	0.054593	0.048597	0.136478
20150807150945.371100	4013.134400	12645.000000	-22.999901	-26.319579	511.493566	51.799373	1.449498	0.182019	1.351869	0.101923	36.466767	36.204530	36.732801	137.693266	0.051905	0.054814	0.048955	0.136926
20150807151018.800800	4046.574400	12745.000000	-23.001811	-26.320655	511.463190	51.767309	1.449823	0.182032	1.351965	0.101873	36.464210	36.201980	36.730235	137.666866	0.051948	0.054933	0.048922	0.136225
20150807151052.269500	4080.014400	12845.000000	-22.992760	-26.319158	511.813641	51.867326	1.451280	0.181879	1.353263	0.101812	36.461755	36.199452	36.727855	137.596381	0.051743	0.054731	0.048712	0.135659
20150807151125.679700	4113.454400	12945.000000	-22.994945	-26.321212	511.664573	51.864851	1.451224	0.181870	1.353076	0.101640	36.458437	36.196314	36.724354	137.532132	0.051641	0.054674	0.048565	0.135402
20150807151159.128900	4146.894400	13045.000000	-22.988928	-26.320559	512.042587	51.684281	1.452717	0.181969	1.354471	0.101521	36.455928	36.193147	36.722523	137.502470	0.051525	0.054529	0.048479	0.135542
20150807151232.570300	4180.334400	13145.000000	-22.991112	-26.318559	511.953821	52.065446	1.453130	0.182203	1.354834	0.101850	36.455551	36.192941	36.721968	137.475675	0.051940	0.054964	0.048874	0.136278
20150807151306.019500	4213.774400	13245.000000	-22.988946	-26.318923	511.792265	51.945179	1.452754	0.182775	1.354573	0.102270	36.454488	36.191904	36.720880	137.441656	0.051908	0.054966	0.048806	0.137094
20150807151339.460900	4247.214400	13345.000000	-22.983998	-26.317066	511.909157	52.255353	1.453601	0.183151	1.355237	0.102769	36.447616	36.184436	36.714622	137.374759	0.052043	0.055124	0.048917	0.137275
20150807151412.890600	4280.654400	13445.000000	-22.985217	-26.318494	511.902969	51.998506	1.452821	0.182750	1.354546	0.102192	36.445260	36.181697	36.712659	137.330785	0.051685	0.054760	0.048567	0.136716
20150807151446.328100	4314.094400	13545.000000	-22.986928	-26.316694	511.570406	51.918403	1.452935	0.182394	1.354148	0.101607	36.444000	36.179834	36.712017	137.290256	0.051711	0.054945	0.048430	0.135497
20150807151519.781200	4347.534400	13645.000000	-22.982213	-26.318765	511.982397	51.751446	1.453401	0.182257	1.354599	0.101426	36.439320	36.175470	36.707015	137.222285	0.052260	0.055397	0.049078	0.137662
20150807151553.218700	4380.974400	13745.000000	-22.979397	-26.315454	511.776852	51.838300	1.453842	0.183147	1.354694	0.102131	36.436337	36.172214	36.704314	137.158774	0.052556	0.055808	0.049256	0.137569
20150807151626.671900	4414.414400	13845.000000	-22.974578	-26.316053	512.085001	51.811861	1.455009	0.183164	1.355843	0.102042	36.430176	36.164330	36.699925	137.078932	0.052375	0.055622	0.049082	0.137723
20150807151700.121100	4447.854400	13945.000000	-22.978309	-26.314620	511.645672	52.097060	1.453623	0.183313	1.354236	0.102123	36.428587	36.162475	36.698610	137.037794	0.052434	0.055729	0.049090	0.137636
20150807151733.539100	4481.294400	14045.000000	-22.974909	-26.315311	511.538118	51.726133	1.454076	0.182748	1.354476	0.101369	36.427275	36.160165	36.698326	136.978479	0.052299	0.055610	0.048941	0.137003
20150807151806.988300	4514.734400	14145.000000	-22.977841	-26.316154	511.468477	52.021457	1.453203	0.183800	1.353566	0.102416	36.424246	36.157982	36.694430	136.940196	0.052706	0.055942	0.049423	0.137156
20150807151840.429700	4548.174400	14245.000000	-22.974125	-26.313338	511.535305	51.721745	1.453669	0.183494	1.353986	0.102120	36.418784	36.151745	36.689766	136.875026	0.052522	0.055737	0.049260	0.136932
20150807151913.871100	4581.614400	14345.000000	-22.972089	-26.313156	511.800253	52.011781	1.454558	0.183818	1.354672	0.102280	36.416864	36.149543	36.688136	136.851143	0.052656	0.055870	0.049395	0.137838
20150807151947.308600	4615.054400	14445.000000	-22.967896	-26.313064	511.766839	51.932916	1.455638	0.183575	1.355840	0.101713	36.408130	36.142905	36.677251	136.776203	0.052852	0.055917	0.049744	0.138008
20150807152020.750000	4648.494400	14545.000000	-22.969121	-26.314465	511.630484	51.874526	1.455448	0.183638	1.355571	0.101732	36.406428	36.141754	36.674982	136.742616	0.052747	0.055786	0.049665	0.138438
20150807152054.179700	4681.934400	14645.000000	-22.966764	-26.312161	511.919507	51.955529	1.455734	0.183911	1.355757	0.102158	36.404927	36.139340	36.674420	136.720143	0.052852	0.056019	0.049638	0.137807
20150807152127.648400	4715.374400	14745.000000	-22.965619	-26.312939	511.854705	52.112023	1.456124	0.184564	1.356294	0.102762	36.401168	36.135534	36.670711	136.681206	0.052947	0.056042	0.049808	0.136395
20150807152201.078100	4748.814400	14845.000000	-22.966785	-26.311627	511.449014	52.224415	1.455559	0.184672	1.355706	0.102962	36.397749	36.131195	36.668239	136.650934	0.053145	0.056274	0.049971	0.138445
20150807152234.519500	4782.254400	14945.000000	-22.972507	-26.308817	510.738437	52.216877	1.452492	0.185612	1.352434	0.103607	36.394876	36.128348	36.665341	136.595668	0.052934	0.056053	0.049769	0.136846
20150807152307.968700	4815.694400	15045.000000	-22.965193	-26.312080	511.677060	51.882739	1.456278	0.184218	1.356195	0.102354	36.390333	36.123278	36.661340	136.564118	0.053430	0.056576	0.050239	0.137492
20150807152341.390600	4849.134400	15145.000000	-22.961015	-26.310638	511.742988	52.053520	1.456632	0.184536	1.356330	0.102517	36.388872	36.122829	36.658838	136.543946	0.053322	0.056479	0.050120	0.137855
20150807152414.828100	4882.574400	15245.000000	-22.960469	-26.311094	511.915795	52.026632	1.457361	0.184829	1.356877	0.102736	36.386597	36.120939	36.656164	136.512606	0.053231	0.056426	0.049990	0.137312
20150807152448.281200	4916.014400	15345.000000	-22.959036	-26.309485	511.477590	52.069046	1.456867	0.184897	1.356320	0.102800	36.383727	36.118087	36.653275	136.485805	0.053147	0.056328	0.049920	0.136812
20150807152521.718700	4949.454400	15445.000000	-22.964421	-26.308862	511.279020	52.049920	1.454979	0.184994	1.354456	0.102681	36.380952	36.114796	36.651030	136.466622	0.053233	0.056482	0.049937	0.138100
20150807152555.160200	4982.894400	15545.000000	-22.961182	-26.311300	511.283970	52.002556	1.456553	0.184926	1.355926	0.102519	36.376468	36.111133	36.645700	136.423271	0.053296	0.056587	0.049957	0.136954
20150807152628.628900	5016.334400	15645.000000	-22.957802	-26.309428	511.605283	51.880714	1.457263	0.185264	1.356610	0.102678	36.374903	36.109305	36.644406	136.402449	0.053349	0.056597	0.050054	0.136825
20150807152702.039100	5049.774400	15745.000000	-22.961307	-26.309505	511.426513	51.800386	1.456068	0.184836	1.355429	0.102336	36.373420	36.107589	36.643162	136.371104	0.053431	0.056725	0.050090	0.137052
20150807152735.500000	5083.214400	15845.000000	-22.952545	-26.312247	511.819491	51.592815	1.458473	0.183929	1.357729	0.101466	36.368430	36.102953	36.637814	136.309644	0.053205	0.056413	0.049951	0.136713
20150807152808.929700	5116.654400	15945.000000	-22.955835	-26.306636	511.868430	51.941129	1.458526	0.185274	1.357775	0.102538	36.364383	36.098545	36.634138	136.293064	0.053415	0.056634	0.050151	0.137581
20150807152842.371100	5150.094400	16045.000000	-22.952006	-26.307890	512.221244	51.892864	1.459275	0.185091	1.358388	0.102234	36.359947	36.093844	36.629975	136.251076	0.053465	0.056723	0.050160	0.137698
20150807152915.820300	5183.534400	16145.000000	-22.950498	-26.309064	511.983072	51.841675	1.459039	0.185180	1.358119	0.102323	36.355940	36.090894	36.624879	136.226361	0.053114	0.056422	0.049759	0.137682
20150807152949.261700	5216.974400	16245.000000	-22.948653	-26.306636	512.051700	52.002331	1.459093	0.186040	1.358127	0.102951	36.353805	36.088631	36.622877	136.175443	0.053173	0.056443	0.049857	0.137214
20150807153022.691400	5250.414400	16345.000000	-22.947985	-26.307252	512.259946	52.098860	1.459556	0.185482	1.358333	0.102423	36.352520	36.086875	36.622076	136.143860	0.053005	0.056338	0.049624	0.136645
20150807153056.128900	5283.854400	16445.000000	-22.947419	-26.307118	512.478767	52.140036	1.459958	0.186210	1.358539	0.103048	36.351243	36.085726	36.620668	136.139070	0.053297	0.056574	0.049973	0.136203
20150807153129.578100	5317.294400	16545.000000	-22.946513	-26.306707	512.035949	51.983880	1.459934	0.185802	1.358640	0.102625	36.347963	36.082080	36.617763	136.200473	0.053362	0.056812	0.049862	0.138957
20150807153203.019500	5350.734400	16645.000000	-22.949875	-26.306942	511.370824	51.568852	1.458501	0.185461	1.357165	0.102254	36.343435	36.077282	36.613518	136.166690	0.053545	0.056865	0.050178	0.139628
20150807153236.468700	5384.174400	16745.000000	-22.951520	-26.306045	511.357211	51.861138	1.457373	0.185645	1.355950	0.102513	36.340064	36.073083	36.610995	136.130236	0.053754	0.057268	0.050190	0.139833
20150807153309.921900	5417.614400	16845.000000	-22.945020	-26.304412	511.964397	51.948779	1.460645	0.185975	1.358914	0.102405	36.337076	36.070507	36.607586	136.118527	0.053635	0.057090	0.050129	0.139305
20150807153343.339800	5451.054400	16945.000000	-22.945634	-26.303316	511.576369	51.841450	1.459673	0.185483	1.357888	0.101931	36.333116	36.066402	36.603772	136.132460	0.053512	0.057037	0.049936	0.139657
20150807153416.800800	5484.494400	17045.000000	-22.939995	-26.302764	512.228557	51.717470	1.460976	0.185967	1.359057	0.102386	36.329213	36.062521	36.599848	136.135326	0.053657	0.057172	0.050090	0.140571
20150807153450.230500	5517.934400	17145.000000	-22.944573	-26.302943	511.826129	51.976567	1.460217	0.185931	1.358307	0.102290	36.326098	36.058003	36.598171	136.085972	0.053699	0.057386	0.049958	0.140474
20150807153523.679700	5551.374400	17245.000000	-22.939101	-26.304019	511.967097	51.865301	1.460890	0.186233	1.358890	0.102437	36.321726	36.053553	36.593881	136.020685	0.053838	0.057545	0.050078	0.140004
20150807153557.121100	5584.814400	17345.000000	-22.943098	-26.301179	511.353273	52.031695	1.460588	0.186798	1.358198	0.102867	36.317495	36.048167	36.590838	136.008713	0.053629	0.057373	0.049830	0.139765
20150807153630.558600	5618.254400	17445.000000	-22.936234	-26.301352	512.280646	52.152749	1.462598	0.187536	1.360157	0.103399	36.314049	36.045095	36.587014	135.954636	0.053671	0.057350	0.049939	0.139153
20150807153703.980500	5651.694400	17545.000000	-22.935835	-26.301119	512.173430	51.991868	1.462823	0.186876	1.360137	0.102785	36.311013	36.042059	36.583975	135.930926	0.054143	0.057937	0.050293	0.141035
20150807153737.429700	5685.134400	17645.000000	-22.934166	-26.303256	512.259046	51.775185	1.463078	0.187016	1.360367	0.102740	36.306882	36.037520	36.580268	135.870261	0.053870	0.057574	0.050111	0.139736
20150807153810.878900	5718.574400	17745.000000	-22.935039	-26.301384	512.383138	51.978930	1.462929	0.187315	1.360188	0.103138	36.303300	36.033127	36.577518	135.825507	0.053607	0.057473	0.049684	0.139620
20150807153844.320300	5752.014400	17845.000000	-22.933144	-26.301703	512.346574	51.521937	1.462990	0.186600	1.360249	0.102416	36.300240	36.029958	36.574570	135.786879	0.053814	0.057659	0.049912	0.140360
20150807153917.789100	5785.454400	17945.000000	-22.931350	-26.301599	512.455928	51.490999	1.463773	0.186200	1.360896	0.101986	36.296631	36.025320	36.572021	135.748676	0.054260	0.058177	0.050285	0.140405
20150807153951.210900	5818.894400	18045.000000	-22.932509	-26.301402	511.929408	51.963967	1.462659	0.187201	1.359786	0.102785	36.293923	36.022593	36.569334	135.743060	0.054250	0.058192	0.050250	0.139703
20150807154024.660200	5852.334400	18145.000000	-22.931779	-26.299015	511.648822	51.768434	1.462391	0.187745	1.359498	0.103111	36.290410	36.018435	36.566485	135.690228	0.054037	0.058017	0.050000	0.139671
20150807154058.078100	5885.774400	18245.000000	-22.927988	-26.298717	511.950671	52.085022	1.463459	0.187595	1.360308	0.102998	36.287937	36.015403	36.564590	135.641790	0.053967	0.057770	0.050107	0.140012
20150807154131.550800	5919.214400	18345.000000	-22.927338	-26.301396	512.375375	51.843925	1.463808	0.186893	1.360686	0.102259	36.282929	36.011418	36.558521	135.586913	0.054105	0.058109	0.050043	0.139848
20150807154204.968700	5952.654400	18445.000000	-22.920958	-26.300651	512.963098	51.432609	1.465604	0.187037	1.362245	0.102340	36.279484	36.006882	36.556207	135.560150	0.054168	0.058057	0.050221	0.139611
20150807154238.410200	5986.094400	18545.000000	-22.927311	-26.297340	512.151941	51.993556	1.464087	0.187834	1.360666	0.103078	36.277702	36.004510	36.555031	135.552904	0.054118	0.058128	0.050048	0.139552
20150807154311.851600	6019.534400	18645.000000	-22.924912	-26.300112	512.279071	51.852700	1.464306	0.187564	1.360776	0.102547	36.274760	36.000951	36.552724	135.513391	0.054411	0.058431	0.050332	0.140506
20150807154345.308600	6052.974400	18745.000000	-22.920761	-26.298765	512.316873	51.575264	1.465208	0.187255	1.361671	0.102265	36.270594	35.996669	36.548681	135.466203	0.054398	0.058382	0.050355	0.139100
20150807154418.718700	6086.414400	18845.000000	-22.922314	-26.297677	511.920632	51.943154	1.464707	0.187961	1.360947	0.102789	36.268646	35.994305	36.547159	135.452553	0.054256	0.058322	0.050129	0.139180
20150807154452.199200	6119.854400	18945.000000	-22.925043	-26.296991	511.876193	52.420622	1.464728	0.189050	1.360744	0.103890	36.265547	35.990383	36.544912	135.404069	0.054728	0.058660	0.050737	0.140578
20150807154525.609400	6153.294400	19045.000000	-22.923601	-26.297880	511.895881	51.901190	1.464867	0.188257	1.360821	0.102867	36.260470	35.984658	36.540500	135.374478	0.054482	0.058598	0.050306	0.138983
20150807154559.089800	6186.734400	19145.000000	-22.921905	-26.296640	511.579857	51.948441	1.464740	0.188698	1.360444	0.103114	36.258471	35.982612	36.538550	135.356340	0.054611	0.058699	0.050461	0.139454
20150807154632.500000	6220.174400	19245.000000	-22.916654	-26.300374	512.546719	51.999406	1.467153	0.188653	1.362793	0.103079	36.255215	35.978403	36.536276	135.302020	0.054215	0.058316	0.050054	0.139078
20150807154705.929700	6253.614400	19345.000000	-22.916001	-26.296837	512.370537	51.980843	1.467223	0.189558	1.362644	0.103785	36.250681	35.972585	36.533066	135.275687	0.054729	0.058964	0.050432	0.139142
20150807154739.371100	6287.054400	19445.000000	-22.914669	-26.298032	512.238907	51.751559	1.466875	0.189257	1.362130	0.103447	36.246019	35.967630	36.528706	135.229358	0.054527	0.058764	0.050226	0.139061
20150807154812.820300	6320.494400	19545.000000	-22.919903	-26.294294	511.267657	52.118323	1.465445	0.190335	1.360651	0.104413	36.248002	35.969938	36.530349	135.228601	0.054587	0.059007	0.050100	0.139762
20150807154846.261700	6353.934400	19645.000000	-22.914261	-26.295001	512.392363	52.176488	1.467495	0.190180	1.362501	0.104148	36.241154	35.963074	36.523517	135.155284	0.054467	0.058837	0.050031	0.140058
20150807154919.710900	6387.374400	19745.000000	-22.913963	-26.298234	511.901844	51.874863	1.467646	0.189656	1.362489	0.103562	36.238022	35.958472	36.521910	135.121151	0.054797	0.059068	0.050461	0.139477
20150807154953.148400	6420.814400	19845.000000	-22.910235	-26.297510	512.478767	51.782385	1.468668	0.189436	1.363476	0.103269	36.236801	35.956583	36.521372	135.091766	0.054616	0.059038	0.050127	0.139618
20150807155026.578100	6454.254400	19945.000000	-22.913254	-26.293213	512.063851	52.048008	1.467596	0.190358	1.362232	0.104237	36.234353	35.953386	36.519700	135.066583	0.055020	0.059372	0.050602	0.139457
20150807155100.039100	6487.694400	20045.000000	-22.920567	-26.295033	511.041636	51.942704	1.464840	0.189730	1.359610	0.103550	36.230613	35.950001	36.515590	135.040664	0.054934	0.059457	0.050343	0.140330
20150807155133.468700	6521.134400	20145.000000	-22.909838	-26.293737	512.415877	51.962729	1.468488	0.189896	1.363162	0.103637	36.226144	35.944729	36.511950	134.995533	0.054961	0.059423	0.050432	0.139476
20150807155206.910200	6554.574400	20245.000000	-22.907192	-26.292253	512.355124	52.259178	1.469212	0.190763	1.363762	0.104458	36.223142	35.941540	36.509142	134.976885	0.055034	0.059497	0.050502	0.139995
20150807155240.359400	6588.014400	20345.000000	-22.907618	-26.293254	512.424540	52.243540	1.469455	0.190965	1.363679	0.104287	36.219524	35.937740	36.505711	134.949510	0.054860	0.059422	0.050229	0.139456
20150807155313.808600	6621.454400	20445.000000	-22.903973	-26.293588	512.419477	51.829862	1.470097	0.191024	1.364110	0.104427	36.217881	35.936442	36.503705	134.922774	0.055016	0.059614	0.050347	0.139021
20150807155347.238300	6654.894400	20545.000000	-22.907159	-26.294202	512.169830	51.913565	1.469854	0.190725	1.363931	0.103941	36.212688	35.931702	36.498045	134.890768	0.055174	0.059761	0.050518	0.139307
20150807155420.671900	6688.334400	20645.000000	-22.902647	-26.291860	512.438378	52.151624	1.470113	0.190861	1.364214	0.104260	36.210478	35.930626	36.494660	134.864276	0.055288	0.059864	0.050642	0.139501
20150807155454.121100	6721.774400	20745.000000	-22.902206	-26.293955	512.198068	51.606316	1.469755	0.190004	1.363887	0.103306	36.206304	35.925931	36.491026	134.816756	0.055130	0.059721	0.050468	0.139291
20150807155527.570300	6755.214400	20845.000000	-22.901950	-26.291788	512.221582	51.960254	1.470160	0.190741	1.364169	0.103988	36.202229	35.921988	36.486820	134.783130	0.055442	0.060020	0.050794	0.139436
20150807155601.011700	6788.654400	20945.000000	-22.898934	-26.293308	512.404514	51.762359	1.470576	0.190228	1.364509	0.103437	36.199390	35.918732	36.484409	134.766284	0.055190	0.059864	0.050445	0.138771
20150807155634.449200	6822.094400	21045.000000	-22.901777	-26.290131	512.165217	52.206526	1.469400	0.191053	1.363488	0.104194	36.197023	35.915529	36.482906	134.734504	0.055570	0.060175	0.050896	0.139288
20150807155707.871100	6855.534400	21145.000000	-22.900582	-26.291764	512.436802	52.044970	1.470081	0.190216	1.363934	0.103279	36.193483	35.911215	36.480172	134.699191	0.055137	0.059747	0.050457	0.138878
20150807155741.320300	6888.974400	21245.000000	-22.899261	-26.290146	511.906232	52.035520	1.469748	0.190813	1.363622	0.103848	36.188504	35.906691	36.474720	134.671844	0.055809	0.060506	0.051041	0.139778
20150807155814.761700	6922.414400	21345.000000	-22.898397	-26.290691	511.994435	52.120461	1.470187	0.190693	1.364002	0.103785	36.182826	35.900568	36.469504	134.648250	0.056054	0.060753	0.051282	0.139899
20150807155848.210900	6955.854400	21445.000000	-22.895116	-26.290700	512.366262	52.224752	1.471218	0.191026	1.364930	0.104008	36.178942	35.896039	36.466283	134.603520	0.055879	0.060464	0.051224	0.139885
20150807155921.648400	6989.294400	21545.000000	-22.895483	-26.291681	512.036849	51.919865	1.470423	0.190341	1.363946	0.103214	36.173779	35.891911	36.460055	134.556205	0.055919	0.060618	0.051148	0.139908
20150807155955.101600	7022.734400	21645.000000	-22.895554	-26.292199	512.038425	51.785198	1.471120	0.190538	1.364454	0.103060	36.169791	35.888420	36.455556	134.524843	0.056080	0.060730	0.051359	0.140017
20150807160028.531200	7056.174400	21745.000000	-22.893283	-26.292017	512.053050	52.176825	1.471673	0.191413	1.365003	0.103797	36.162956	35.884156	36.446073	134.481856	0.055973	0.060475	0.051402	0.139636
20150807160102.019500	7089.614400	21845.000000	-22.892863	-26.291532	511.980485	51.984780	1.471270	0.191279	1.364532	0.103418	36.159261	35.881257	36.441555	134.431686	0.056285	0.060851	0.051650	0.139921
20150807160135.410200	7123.054400	21945.000000	-22.892988	-26.292149	511.776514	51.931453	1.471208	0.190686	1.364354	0.103113	36.165341	35.882326	36.452802	134.416774	0.056120	0.060783	0.051385	0.139663
20150807160208.878900	7156.494400	22045.000000	-22.891596	-26.290155	511.842104	52.134749	1.471222	0.191898	1.364406	0.104315	36.158389	35.875663	36.445550	134.371887	0.056418	0.061164	0.051599	0.139560
20150807160242.289100	7189.934400	22145.000000	-22.888786	-26.290855	512.229457	52.227002	1.472161	0.191884	1.365267	0.104209	36.155673	35.872478	36.443318	134.322027	0.056149	0.060979	0.051245	0.139475
20150807160315.750000	7223.374400	22245.000000	-22.889549	-26.289198	511.702374	52.065221	1.471713	0.191691	1.364708	0.103950	36.150340	35.866607	36.438538	134.290029	0.056348	0.061262	0.051358	0.139905
20150807160349.179700	7256.814400	22345.000000	-22.887284	-26.289603	512.067563	52.018419	1.472842	0.191806	1.365715	0.103884	36.148697	35.864714	36.437153	134.268363	0.056674	0.061637	0.051636	0.140580
20150807160422.621100	7290.254400	22445.000000	-22.887609	-26.289013	511.719137	51.643217	1.472259	0.191844	1.365017	0.103787	36.145072	35.861836	36.432755	134.226423	0.056897	0.061884	0.051834	0.140199
20150807160456.058600	7323.694400	22545.000000	-22.883314	-26.290313	512.676212	51.891852	1.474211	0.191621	1.366819	0.103557	36.139333	35.855455	36.427678	134.196577	0.056609	0.061656	0.051485	0.140310
20150807160529.531200	7357.134400	22645.000000	-22.883487	-26.289440	512.473929	51.906590	1.474045	0.192019	1.366601	0.103554	36.135582	35.850982	36.424675	134.159164	0.056622	0.061565	0.051605	0.140074
20150807160602.949200	7390.574400	22745.000000	-22.887186	-26.288340	511.522479	51.942479	1.472310	0.192526	1.364782	0.104076	36.135990	35.851609	36.424855	134.115167	0.056621	0.061682	0.051483	0.141154
20150807160636.398400	7424.014400	22845.000000	-22.882897	-26.287732	512.132816	51.943716	1.474267	0.192734	1.366482	0.104230	36.129992	35.845248	36.419233	134.094774	0.056649	0.061739	0.051481	0.140436
20150807160709.820300	7457.454400	22945.000000	-22.880754	-26.287738	512.298310	52.077259	1.474562	0.192550	1.366697	0.103930	36.123737	35.839353	36.412600	134.055842	0.056869	0.061978	0.051683	0.140709
20150807160743.261700	7490.894400	23045.000000	-22.878799	-26.288289	512.218544	51.785873	1.474602	0.192142	1.366618	0.103574	36.121441	35.836280	36.411096	134.005496	0.056757	0.061979	0.051455	0.140357
20150807160816.738300	7524.334400	23145.000000	-22.879741	-26.286200	512.118753	51.854613	1.474145	0.192410	1.366270	0.103841	36.117838	35.832911	36.407260	133.998128	0.057080	0.062271	0.051810	0.139948
20150807160850.160200	7557.774400	23245.000000	-22.878868	-26.288498	512.026387	51.867438	1.474261	0.192350	1.366109	0.103639	36.113887	35.829107	36.403154	133.956620	0.057055	0.062323	0.051707	0.139937
20150807160923.601600	7591.214400	23345.000000	-22.875801	-26.287124	512.236995	51.617791	1.475036	0.192531	1.366845	0.103825	36.109359	35.822722	36.400536	133.898829	0.056892	0.062192	0.051510	0.140395
20150807160957.050800	7624.654400	23445.000000	-22.876007	-26.285509	511.954271	52.230152	1.475019	0.193817	1.366786	0.104962	36.105900	35.820270	36.396045	133.889363	0.057343	0.062655	0.051948	0.141037
20150807161030.468700	7658.094400	23545.000000	-22.873441	-26.287568	512.525906	51.903440	1.475956	0.192611	1.367770	0.103676	36.099700	35.814590	36.389308	133.851683	0.057385	0.062742	0.051946	0.140369
20150807161103.910200	7691.534400	23645.000000	-22.875795	-26.288975	511.794178	51.786660	1.474680	0.191997	1.366327	0.102997	36.095868	35.810797	36.385436	133.822447	0.057277	0.062654	0.051818	0.140492
20150807161137.378900	7724.974400	23745.000000	-22.870818	-26.286894	512.261071	51.930441	1.475651	0.192527	1.367328	0.103405	36.087987	35.802350	36.378138	133.768470	0.057324	0.062678	0.051888	0.140052
20150807161210.808600	7758.414400	23845.000000	-22.869659	-26.286140	512.052263	51.955642	1.475726	0.192426	1.367329	0.103371	36.084417	35.798706	36.374642	133.730967	0.057525	0.063051	0.051913	0.139895
20150807161244.250000	7791.854400	23945.000000	-22.867287	-26.286853	512.402939	52.001768	1.476290	0.192438	1.367546	0.103372	36.079563	35.793730	36.369918	133.700468	0.057590	0.063004	0.052091	0.139976
20150807161317.699200	7825.294400	24045.000000	-22.869456	-26.285714	511.989485	51.943041	1.475927	0.192972	1.367212	0.103583	36.075441	35.789136	36.366283	133.669977	0.057766	0.063206	0.052243	0.139847
20150807161351.121100	7858.734400	24145.000000	-22.866237	-26.286802	512.392813	51.966780	1.477086	0.193142	1.368005	0.103610	36.071680	35.782672	36.365317	133.645263	0.058123	0.063668	0.052493	0.140543
20150807161424.578100	7892.174400	24245.000000	-22.867599	-26.281932	512.153291	52.218677	1.477284	0.194232	1.367992	0.104568	36.064968	35.775866	36.358704	133.588117	0.058164	0.063694	0.052547	0.139930
20150807161458.011700	7925.614400	24345.000000	-22.865400	-26.285822	512.103677	52.038557	1.477456	0.193941	1.368089	0.103702	36.058277	35.775302	36.345692	133.581179	0.058752	0.064203	0.053220	0.140829
20150807161531.449200	7959.054400	24445.000000	-22.868586	-26.285619	512.180630	51.831774	1.477052	0.193416	1.367793	0.103652	36.061960	35.772851	36.355700	133.582757	0.057873	0.063503	0.052156	0.139757
20150807161604.921900	7992.494400	24545.000000	-22.863534	-26.283196	512.063851	51.970155	1.477782	0.193428	1.368173	0.103614	36.057196	35.765848	36.353248	133.594442	0.058196	0.063920	0.052382	0.141416
20150807161638.339800	8025.934400	24645.000000	-22.863689	-26.283691	512.368737	51.827499	1.478307	0.193531	1.368481	0.103568	36.053149	35.761226	36.349794	133.582347	0.058256	0.064030	0.052392	0.141824
20150807161711.769500	8059.374400	24745.000000	-22.862527	-26.283291	512.146204	52.010544	1.478654	0.194015	1.368386	0.103711	36.044544	35.753868	36.339898	133.540209	0.058229	0.064094	0.052270	0.141187
20150807161745.210900	8092.814400	24845.000000	-22.860968	-26.283923	512.195931	51.810398	1.478540	0.193637	1.368184	0.103141	36.043027	35.749908	36.340900	133.514839	0.058483	0.064531	0.052340	0.141591
20150807161818.671900	8126.254400	24945.000000	-22.860012	-26.283628	512.261971	51.859900	1.479530	0.194125	1.368902	0.103466	36.037649	35.741992	36.338145	133.472116	0.058555	0.064716	0.052297	0.141273
20150807161852.128900	8159.694400	25045.000000	-22.858993	-26.283881	512.418239	51.725008	1.479686	0.194235	1.368866	0.103490	36.030332	35.733979	36.331546	133.415803	0.058875	0.065152	0.052498	0.141607
20150807161925.550800	8193.134400	25145.000000	-22.857774	-26.282320	512.060925	52.097285	1.480240	0.195156	1.368479	0.103785	36.022862	35.721799	36.328935	133.388147	0.059195	0.065845	0.052437	0.141846
20150807161959.000000	8226.574400	25245.000000	-22.857628	-26.282686	512.425665	51.878914	1.481214	0.195401	1.369204	0.103820	36.016202	35.713804	36.323656	133.351472	0.058959	0.065542	0.052269	0.140581
20150807162032.421900	8260.014400	25345.000000	-22.855875	-26.281044	512.217869	52.178288	1.481439	0.195798	1.369104	0.104066	36.012115	35.707434	36.321928	133.318369	0.059379	0.066160	0.052487	0.140502
20150807162105.878900	8293.454400	25445.000000	-22.855833	-26.278645	512.000848	52.094810	1.481569	0.195943	1.368972	0.104211	36.005430	35.697799	36.318297	133.275423	0.059205	0.066030	0.052268	0.140817
20150807162139.328100	8326.894400	25545.000000	-22.852686	-26.283005	512.061488	51.899277	1.481781	0.195067	1.369006	0.103000	35.997445	35.689463	36.310671	133.192088	0.059700	0.066563	0.052725	0.141232
20150807162212.781200	8360.334400	25645.000000	-22.850305	-26.282654	512.496767	51.979943	1.483083	0.195552	1.370034	0.103304	35.991670	35.682115	36.306521	133.134977	0.059659	0.066659	0.052544	0.140752
20150807162246.191400	8393.774400	25745.000000	-22.851706	-26.281843	511.985772	51.873288	1.481986	0.195357	1.368547	0.102872	35.986230	35.674975	36.302838	133.089099	0.060074	0.067173	0.052858	0.141140
20150807162319.640600	8427.214400	25845.000000	-22.848106	-26.278872	512.077239	51.884651	1.482710	0.196356	1.368981	0.103810	35.979518	35.666605	36.297841	133.025332	0.060049	0.067190	0.052788	0.140859
20150807162353.089800	8460.654400	25945.000000	-22.849596	-26.279921	511.655010	52.126536	1.482418	0.195985	1.368525	0.103303	35.970826	35.655285	36.291871	132.931371	0.060198	0.067406	0.052870	0.141304
20150807162426.511700	8494.094400	26045.000000	-22.840771	-26.280874	512.166680	52.270091	1.484101	0.196498	1.369794	0.103562	35.964983	35.647697	36.287827	132.705056	0.060285	0.067630	0.052816	0.139930
20150807162459.960900	8527.534400	26145.000000	-22.836966	-26.281014	511.479953	52.142624	1.483126	0.196500	1.368489	0.103045	35.956156	35.636606	36.281340	132.424266	0.060215	0.067660	0.052645	0.140176
20150807162533.398400	8560.974400	26245.000000	-22.825361	-26.281071	512.126965	51.919078	1.484433	0.196792	1.369315	0.102771	35.958402	35.638877	36.283548	132.112975	0.060511	0.068111	0.052786	0.138869
20150807162606.851600	8594.414400	26345.000000	-22.813043	-26.281107	512.187493	51.976117	1.484898	0.197381	1.369444	0.103057	35.956537	35.635522	36.283215	131.681260	0.060730	0.068538	0.052791	0.138631
20150807162631.261700	8618.825600	26418.000000	-22.796077	-26.282564	511.627896	51.585052	1.485404	0.197326	1.369478	0.102613	35.944227	35.619323	36.274922	131.000532	0.060654	0.068539	0.052637	0.137506
20150807162702.691400	8650.259200	26512.000000	-22.773868	-26.279098	511.856730	51.713532	1.488410	0.197820	1.371608	0.102454	35.911841	35.580517	36.249182	130.332675	0.060648	0.068865	0.052293	0.136488
20150807162732.101600	8679.686400	26600.000000	-22.754351	-26.279790	512.478317	51.936178	1.490430	0.197994	1.372734	0.101905	35.890269	35.553330	36.233420	129.676430	0.060679	0.069041	0.052174	0.137084
20150807162805.550800	8713.126400	26700.000000	-22.745172	-26.278496	512.230357	51.963742	1.489914	0.198314	1.371560	0.101773	35.878045	35.537180	36.225264	129.235738	0.061199	0.069711	0.052540	0.138930
20150807162838.988300	8746.566400	26800.000000	-22.736323	-26.275522	511.932783	52.229027	1.489999	0.198878	1.371402	0.101947	35.868442	35.524624	36.218725	128.903918	0.061111	0.069761	0.052313	0.139471
20150807162912.441400	8780.006400	26900.000000	-22.724077	-26.274583	512.102102	51.829637	1.490668	0.198890	1.371548	0.101710	35.859661	35.513663	36.212195	128.598040	0.061617	0.070399	0.052684	0.141480
20150807162945.878900	8813.446400	27000.000000	-22.714675	-26.276958	512.035949	52.010994	1.491124	0.198351	1.371938	0.101218	35.851659	35.503423	36.206517	128.356715	0.061970	0.070766	0.053021	0.141933
20150807163019.351600	8846.886400	27100.000000	-22.711018	-26.275298	511.955846	51.813211	1.491785	0.198544	1.372310	0.101071	35.842120	35.492937	36.197958	128.220714	0.061944	0.070846	0.052887	0.142842
20150807163052.750000	8880.326400	27200.000000	-22.711552	-26.272053	511.726450	51.838300	1.491084	0.198971	1.371294	0.101286	35.833314	35.483287	36.190027	128.129342	0.061651	0.070580	0.052566	0.143268
20150807163126.199200	8913.766400	27300.000000	-22.705570	-26.269234	511.810041	52.106848	1.491508	0.199569	1.371470	0.101684	35.827161	35.475512	36.185563	128.027597	0.061899	0.070769	0.052874	0.143154
20150807163159.640600	8947.206400	27400.000000	-22.699818	-26.270002	512.165329	51.972967	1.492280	0.198660	1.372030	0.100485	35.821648	35.469937	36.180104	127.949948	0.061972	0.070995	0.052793	0.143583
20150807163233.089800	8980.646400	27500.000000	-22.699157	-26.266420	511.532492	52.054195	1.492015	0.199581	1.371517	0.101336	35.813340	35.460428	36.173048	127.841157	0.062425	0.071434	0.053258	0.144259
20150807163306.531200	9014.086400	27600.000000	-22.691197	-26.268405	512.145416	51.894214	1.493001	0.198548	1.372327	0.100250	35.808099	35.453750	36.169293	127.701933	0.062018	0.071147	0.052728	0.144600
20150807163339.988300	9047.526400	27700.000000	-22.685623	-26.263285	511.843567	52.011106	1.492486	0.199637	1.371726	0.101100	35.800626	35.445206	36.162936	127.454013	0.062291	0.071411	0.053012	0.146960
20150807163413.398400	9080.966400	27800.000000	-22.666905	-26.261914	512.180855	52.134074	1.494714	0.199629	1.373688	0.100731	35.791670	35.437326	36.152851	127.088931	0.062327	0.071549	0.052943	0.147153
20150807163446.851600	9114.406400	27900.000000	-22.661850	-26.261142	511.835354	51.994231	1.494354	0.199184	1.373212	0.099930	35.787399	35.432045	36.149606	126.899994	0.062060	0.071479	0.052480	0.147207
20150807163520.320300	9147.846400	28000.000000	-22.661332	-26.262030	511.732525	51.977467	1.492996	0.199466	1.371141	0.099589	35.777532	35.424592	36.137254	126.734691	0.062202	0.071561	0.052681	0.147904
20150807163553.738300	9181.286400	28100.000000	-22.650773	-26.257432	511.869218	52.138461	1.495515	0.199894	1.373821	0.100207	35.771947	35.414856	36.135975	126.602731	0.062349	0.071669	0.052868	0.148842
20150807163627.191400	9214.726400	28200.000000	-22.642929	-26.257897	511.837942	52.088959	1.496402	0.200001	1.374438	0.099975	35.766686	35.409566	36.130744	126.489579	0.062477	0.071934	0.052856	0.149385
20150807163700.628900	9248.166400	28300.000000	-22.641892	-26.255370	511.697536	51.830087	1.496523	0.200129	1.374214	0.099803	35.758174	35.400520	36.122775	126.344357	0.062167	0.071625	0.052545	0.149236
20150807163734.050800	9281.606400	28400.000000	-22.634179	-26.253227	511.861118	52.214852	1.497041	0.200541	1.374422	0.100144	35.750021	35.392714	36.114272	126.241814	0.062797	0.072243	0.053187	0.150203
20150807163807.488300	9315.046400	28500.000000	-22.635755	-26.252473	511.568494	52.058921	1.495532	0.200766	1.372546	0.099767	35.737538	35.378833	36.103235	126.142020	0.063164	0.072742	0.053420	0.149953
20150807163840.960900	9348.486400	28600.000000	-22.628355	-26.250372	511.648147	52.463711	1.498082	0.201455	1.374786	0.100435	35.727687	35.362612	36.099976	126.009003	0.062599	0.072783	0.052237	0.151090
20150807163914.378900	9381.926400	28700.000000	-22.621253	-26.248154	511.684373	52.036195	1.498922	0.201186	1.374791	0.099666	35.726667	35.356029	36.104774	125.961043	0.063388	0.073104	0.053500	0.151859
20150807163947.828100	9415.366400	28800.000000	-22.621849	-26.247016	511.722737	52.094810	1.499227	0.201236	1.374342	0.099613	35.717049	35.340791	36.101009	125.936446	0.063148	0.073432	0.052676	0.153636
20150807164021.269500	9448.806400	28900.000000	-22.617427	-26.243997	511.711712	52.217102	1.499819	0.201710	1.375255	0.099778	35.695763	35.329218	36.069610	125.876030	0.063284	0.073529	0.052858	0.154270
20150807164054.699200	9482.246400	29000.000000	-22.613189	-26.243884	511.888569	52.322181	1.501113	0.201847	1.376408	0.099720	35.686491	35.319459	36.060847	125.821337	0.063768	0.073866	0.053492	0.154235
20150807164128.140600	9515.686400	29100.000000	-22.609055	-26.242304	511.870343	51.850788	1.501404	0.201574	1.376263	0.099149	35.672849	35.304295	36.048815	125.716766	0.064048	0.073723	0.054202	0.153754
20150807164201.589800	9549.126400	29200.000000	-22.606942	-26.241446	511.828041	52.079621	1.502145	0.202039	1.376721	0.099490	35.665537	35.296359	36.042148	125.669469	0.064304	0.074078	0.054355	0.154227
20150807164235.031200	9582.566400	29300.000000	-22.603306	-26.242549	512.434327	51.906927	1.503172	0.201628	1.377525	0.098696	35.656588	35.287264	36.033352	125.601332	0.064229	0.073820	0.054469	0.153307
20150807164308.500000	9616.006400	29400.000000	-22.601167	-26.239697	511.764476	51.925828	1.503263	0.201741	1.377277	0.098655	35.644011	35.274201	36.021287	125.537652	0.065065	0.074749	0.055207	0.154327
20150807164341.921900	9649.446400	29500.000000	-22.601194	-26.239702	511.395575	52.103585	1.502991	0.202355	1.376716	0.098925	35.634033	35.264225	36.011313	125.479305	0.065077	0.074680	0.055302	0.154547
20150807164415.351600	9682.886400	29600.000000	-22.594285	-26.239658	512.373913	52.164562	1.505024	0.202966	1.378380	0.099434	35.623623	35.252498	36.002276	125.399605	0.065425	0.075034	0.055642	0.153663
20150807164448.789100	9716.326400	29700.000000	-22.599766	-26.237199	511.726562	52.191788	1.502841	0.203107	1.376115	0.099149	35.612610	35.240397	35.992401	125.340878	0.065382	0.074997	0.055596	0.154448
20150807164522.238300	9749.766400	29800.000000	-22.593144	-26.236272	512.696238	52.052395	1.504598	0.202828	1.377814	0.098829	35.601112	35.229338	35.980447	125.269281	0.065223	0.074752	0.055525	0.153794
20150807164555.691400	9783.206400	29900.000000	-22.592998	-26.234821	511.810828	52.140711	1.504775	0.203780	1.377707	0.099268	35.581047	35.212441	35.957092	125.191055	0.066077	0.075642	0.056343	0.154210
20150807164629.128900	9816.646400	30000.000000	-22.589112	-26.234502	512.169492	51.997156	1.505998	0.203973	1.378673	0.098771	35.567154	35.202362	35.939228	125.133213	0.066521	0.075894	0.056986	0.155272
20150807164702.589800	9850.086400	30100.000000	-22.582829	-26.234728	512.399339	52.018194	1.507147	0.203857	1.379656	0.098858	35.553344	35.186238	35.927813	125.057542	0.066676	0.076233	0.056952	0.154497
20150807164736.000000	9883.526400	30200.000000	-22.579730	-26.232988	512.877032	51.940341	1.508985	0.204393	1.381270	0.098888	35.532562	35.166973	35.905458	124.985831	0.067194	0.076700	0.057524	0.154202
20150807164809.441400	9916.966400	30300.000000	-22.576791	-26.231870	512.504080	52.309693	1.509500	0.205032	1.381486	0.099393	35.511685	35.146783	35.883869	124.939170	0.067949	0.077501	0.058229	0.155370
20150807164842.890600	9950.406400	30400.000000	-22.578258	-26.229611	512.244983	52.342319	1.509855	0.205737	1.381555	0.099620	35.487187	35.126134	35.855377	124.856296	0.068091	0.077409	0.058612	0.155201
20150807164916.328100	9983.846400	30500.000000	-22.574187	-26.231489	512.248358	52.209226	1.510448	0.205130	1.381947	0.098711	35.467375	35.107292	35.834553	124.817934	0.068842	0.078252	0.059270	0.155529
20150807164949.781200	10017.286400	30600.000000	-22.570458	-26.228041	511.780114	52.169737	1.513017	0.205734	1.384167	0.099196	35.454008	35.092448	35.822725	124.779141	0.068583	0.078090	0.058911	0.154648
20150807165023.218700	10050.726400	30700.000000	-22.566530	-26.229638	512.486979	51.812649	1.514126	0.205342	1.385129	0.098537	35.436263	35.075826	35.803812	124.750162	0.069269	0.078725	0.059650	0.155466
20150807165056.640600	10084.166400	30800.000000	-22.563219	-26.227948	512.541094	51.922790	1.515431	0.206109	1.386184	0.098933	35.413664	35.054584	35.779803	124.655871	0.069572	0.078999	0.059983	0.154845
20150807165130.101600	10117.606400	30900.000000	-22.560487	-26.226896	512.790741	52.055208	1.516744	0.206186	1.387171	0.098567	35.391736	35.035404	35.755024	124.595873	0.070195	0.079422	0.060811	0.155633
20150807165203.539100	10151.046400	31000.000000	-22.559202	-26.228497	512.408676	52.205064	1.517138	0.206803	1.387430	0.098987	35.373923	35.017185	35.737636	124.544129	0.070634	0.079946	0.061165	0.155629
20150807165236.980500	10184.486400	31100.000000	-22.559035	-26.225913	512.176242	52.020557	1.517142	0.207132	1.387232	0.099403	35.352209	34.995336	35.716074	124.454488	0.071022	0.080270	0.061614	0.156209
20150807165310.421900	10217.926400	31200.000000	-22.559351	-26.225448	512.066326	52.248378	1.517332	0.208155	1.387007	0.099713	35.328830	34.973160	35.691439	124.415097	0.071883	0.081226	0.062381	0.156920
20150807165343.878900	10251.366400	31300.000000	-22.555286	-26.222051	512.008948	52.061396	1.518512	0.208391	1.387934	0.099462	35.309619	34.956014	35.670086	124.345652	0.071549	0.080832	0.062109	0.156002
20150807165417.289100	10284.806400	31400.000000	-22.550786	-26.223803	511.953371	51.977917	1.520452	0.208184	1.389610	0.098979	35.290654	34.937442	35.650716	124.299306	0.072285	0.081528	0.062887	0.155800
20150807165450.738300	10318.246400	31500.000000	-22.553227	-26.222295	512.147891	52.042382	1.520426	0.208842	1.389251	0.099304	35.265175	34.916107	35.620936	124.247857	0.073065	0.082202	0.063775	0.156182
20150807165524.210900	10351.686400	31600.000000	-22.543571	-26.222116	512.712888	52.129123	1.524139	0.208879	1.392516	0.099115	35.252430	34.900295	35.611377	124.212125	0.073242	0.082446	0.063883	0.155805
20150807165557.648400	10385.126400	31700.000000	-22.545806	-26.221443	511.537893	51.874751	1.523083	0.209019	1.391285	0.098870	35.231771	34.880557	35.589765	124.157285	0.073674	0.082830	0.064364	0.156334
20150807165631.089800	10418.566400	31800.000000	-22.541157	-26.219789	512.471229	51.807473	1.525586	0.209240	1.393265	0.098576	35.208930	34.857777	35.566857	124.092609	0.074388	0.083506	0.065118	0.156514
20150807165704.519500	10452.006400	31900.000000	-22.537378	-26.218021	512.698713	52.272904	1.526597	0.209912	1.394043	0.099109	35.184551	34.833757	35.542118	124.025596	0.075045	0.084085	0.065853	0.155944
20150807165737.941400	10485.446400	32000.000000	-22.538182	-26.217801	511.913657	52.053070	1.526618	0.210734	1.393466	0.099348	35.153006	34.799273	35.513647	123.948088	0.075928	0.084941	0.066762	0.156582
20150807165811.390600	10518.886400	32100.000000	-22.533253	-26.217321	512.080051	51.868226	1.529288	0.211057	1.395797	0.099297	35.117044	34.764114	35.476856	123.840801	0.077069	0.085994	0.067994	0.157021
20150807165844.828100	10552.326400	32200.000000	-22.534466	-26.216773	511.962259	51.948779	1.529674	0.210718	1.395814	0.098835	35.089156	34.736476	35.448718	123.793459	0.078033	0.086797	0.069120	0.157064
20150807165918.281200	10585.766400	32300.000000	-22.531146	-26.216624	511.781352	52.052395	1.530642	0.211966	1.396526	0.099413	35.064822	34.715726	35.420669	123.725711	0.078808	0.087484	0.069987	0.158113
20150807165951.718700	10619.206400	32400.000000	-22.521746	-26.215020	512.074313	51.916490	1.534290	0.212074	1.399638	0.099094	35.032849	34.685530	35.386852	123.657982	0.079295	0.087848	0.070600	0.157561
20150807170025.171900	10652.646400	32500.000000	-22.524751	-26.215956	511.743101	51.843812	1.534552	0.212619	1.399558	0.099030	35.003391	34.659133	35.354210	123.572183	0.080494	0.089030	0.071817	0.158415
20150807170058.601600	10686.086400	32600.000000	-22.522056	-26.213226	511.661760	52.193476	1.535725	0.214150	1.400244	0.099876	34.972656	34.631545	35.320208	123.513912	0.081375	0.089897	0.072715	0.158027
20150807170132.058600	10719.526400	32700.000000	-22.514502	-26.210711	511.952359	52.371345	1.538895	0.215212	1.403138	0.100219	34.931137	34.592938	35.275663	123.434298	0.082489	0.091030	0.073813	0.158875
20150807170205.480500	10752.966400	32800.000000	-22.509960	-26.211024	512.001523	52.211252	1.542153	0.215620	1.405849	0.100004	34.881287	34.549475	35.219187	123.303828	0.083399	0.091781	0.074883	0.158607
20150807170238.921900	10786.406400	32900.000000	-22.501070	-26.209778	512.108515	52.265254	1.543021	0.216525	1.407812	0.100218	34.855813	34.545251	35.171669	123.030074	0.084522	0.092531	0.076398	0.159117
20150807170312.371100	10819.846400	33000.000000	-22.497702	-26.209534	511.948309	52.222277	1.546349	0.217566	1.410864	0.100749	34.799886	34.497307	35.107490	122.940215	0.085539	0.093135	0.077834	0.159012
20150807170345.820300	10853.286400	33100.000000	-22.493691	-26.209009	511.885419	52.045533	1.549844	0.218444	1.414119	0.100765	34.728644	34.433377	35.028691	122.827617	0.087551	0.095009	0.079992	0.159992
20150807170419.238300	10886.726400	33200.000000	-22.489280	-26.206804	511.926820	52.073996	1.553806	0.219501	1.417907	0.100965	34.643303	34.355593	34.935556	122.749606	0.089300	0.096395	0.082112	0.161463
20150807170452.679700	10920.166400	33300.000000	-22.483355	-26.204136	512.281884	52.007169	1.558885	0.220929	1.423355	0.101895	34.540460	34.263514	34.821614	122.742748	0.091153	0.097925	0.084297	0.163980
20150807170526.128900	10953.606400	33400.000000	-22.478500	-26.200399	512.125840	51.893764	1.563844	0.222599	1.427836	0.102498	34.429592	34.163393	34.699676	122.636552	0.092810	0.099372	0.086169	0.163802
20150807170559.570300	10987.046400	33500.000000	-22.476599	-26.200092	511.704062	52.320943	1.568358	0.223855	1.432467	0.103234	34.320059	34.065788	34.577869	122.522741	0.094871	0.101276	0.088393	0.165310
20150807170633.039100	11020.486400	33600.000000	-22.473470	-26.197535	511.604045	52.083784	1.573021	0.225539	1.436891	0.103624	34.206113	33.966354	34.449002	122.379122	0.097005	0.103314	0.090629	0.163772
20150807170706.468700	11053.926400	33700.000000	-22.463292	-26.197538	512.604096	51.762697	1.581455	0.227439	1.444962	0.104414	34.074741	33.848582	34.303673	122.247650	0.099052	0.105239	0.092802	0.164079
20150807170739.890600	11087.366400	33800.000000	-22.458178	-26.199940	512.089276	52.071409	1.588312	0.228933	1.451458	0.104212	33.912222	33.704689	34.122067	122.064043	0.102203	0.108264	0.096087	0.164804
20150807170813.339800	11120.806400	33900.000000	-22.450486	-26.195699	512.336674	52.112810	1.596672	0.231244	1.459216	0.105043	33.736468	33.544973	33.929920	121.895004	0.104892	0.110577	0.099159	0.164636
20150807170846.781200	11154.246400	34000.000000	-22.445324	-26.193738	512.237220	51.990855	1.605194	0.233699	1.467385	0.105981	33.553646	33.379394	33.729503	121.738518	0.107967	0.113282	0.102614	0.165909
20150807170920.230500	11187.686400	34100.000000	-22.437573	-26.192665	512.209319	51.999181	1.614473	0.235259	1.476427	0.106704	33.367565	33.202183	33.534410	121.535626	0.111014	0.115379	0.106618	0.166107
20150807170953.671900	11221.126400	34200.000000	-22.424063	-26.191140	513.022950	52.266604	1.625274	0.237251	1.486738	0.107954	33.188866	33.031157	33.347918	121.368622	0.111748	0.115806	0.107663	0.165636
20150807171027.101600	11254.566400	34300.000000	-22.428701	-26.188630	511.940433	52.088284	1.630955	0.239862	1.491670	0.109156	33.019778	32.871248	33.169497	121.217797	0.113965	0.117874	0.110031	0.165393
20150807171100.578100	11288.006400	34400.000000	-22.419641	-26.186824	512.012774	51.986468	1.641047	0.242006	1.500932	0.110000	32.839895	32.701130	32.979692	121.040384	0.117554	0.121749	0.113335	0.167159
20150807171133.988300	11321.446400	34500.000000	-22.410107	-26.186759	512.378075	52.081872	1.653443	0.245653	1.511668	0.111863	32.631335	32.497652	32.765973	120.829564	0.121779	0.126309	0.117223	0.168608
20150807171207.421900	11354.886400	34600.000000	-22.400660	-26.183761	512.267933	52.081197	1.665900	0.249142	1.522963	0.114468	32.407484	32.270940	32.545055	120.602498	0.124589	0.128667	0.120488	0.167641
20150807171240.871100	11388.326400	34700.000000	-22.390867	-26.180920	512.526018	51.773947	1.680923	0.251804	1.536295	0.116956	32.163396	32.014979	32.313074	120.375110	0.126932	0.130389	0.123452	0.168819
20150807171314.320300	11421.766400	34800.000000	-22.377238	-26.178149	512.221132	52.031245	1.700982	0.256144	1.554089	0.120930	31.820394	31.652432	31.990031	120.013442	0.134331	0.137449	0.131187	0.169689
20150807171346.449200	11453.868800	34896.000000	-22.354478	-26.172275	512.223269	51.862826	1.735796	0.263245	1.587831	0.130137	31.206350	31.017447	31.397470	119.406695	0.147801	0.149856	0.145724	0.173907
20150807171352.429700	11459.888000	34914.000000	-22.329194	-26.164863	511.913882	51.912215	1.769820	0.267428	1.624745	0.138755	30.572001	30.379173	30.767216	118.758918	0.161630	0.162170	0.161083	0.176745
20150807171400.460900	11467.913600	34938.000000	-22.308138	-26.159826	511.451827	51.767197	1.808200	0.273187	1.662550	0.147021	29.917328	29.704467	30.133196	118.135104	0.163758	0.163243	0.164280	0.176935
20150807171410.519500	11477.945600	34968.000000	-22.276560	-26.155794	511.948871	51.783172	1.848391	0.278580	1.707760	0.155861	29.255704	29.067829	29.445979	117.523781	0.173532	0.171002	0.176091	0.179882
20150807171415.839800	11483.296000	34984.000000	-22.260025	-26.150486	511.735338	51.910302	1.881762	0.282814	1.755195	0.167216	28.598708	28.481072	28.717129	116.933047	0.197650	0.187892	0.207475	0.185837
20150807171417.191400	11484.633600	34988.000000	-22.236008	-26.137928	510.567992	52.527501	1.921452	0.289793	1.823304	0.188555	27.742660	27.765100	27.718097	116.144758	0.279891	0.246546	0.313173	0.207262
20150807171417.531200	11484.968000	34989.000000	-22.205916	-26.131368	510.302370	52.798862	1.955788	0.294756	1.888850	0.193558	27.097383	27.336239	26.861039	115.480216	0.257664	0.229829	0.284935	0.204851
20150807171418.191400	11485.636800	34991.000000	-22.174302	-26.119137	510.565855	53.059872	1.992575	0.304425	1.919222	0.197720	26.503874	26.735317	26.276233	114.562575	0.273587	0.278629	0.268642	0.224747
20150807171418.519500	11485.971200	34992.000000	-22.143796	-26.115817	510.038659	53.283081	2.028115	0.306818	1.944677	0.196702	26.115703	26.300411	25.932986	113.903995	0.206367	0.222604	0.190378	0.201421
20150807171419.519500	11486.974400	34995.000000	-22.114659	-26.115090	511.105876	53.727585	2.059669	0.309170	1.957961	0.193703	25.833093	25.908598	25.757666	113.322399	0.193187	0.204603	0.181861	0.197501
20150807171421.531200	11488.980800	35001.000000	-22.063664	-26.102329	510.513428	53.279593	2.130908	0.326817	1.994935	0.195955	25.231097	25.187796	25.272298	112.197440	0.266640	0.299081	0.234107	0.223733
20150807171422.191400	11489.649600	35003.000000	-22.042749	-26.093144	510.496440	53.705085	2.160890	0.334350	2.036003	0.206992	24.752837	24.741204	24.764308	111.554883	0.221365	0.230313	0.212428	0.205925
20150807171422.859400	11490.318400	35005.000000	-22.002858	-26.082445	510.600506	54.496215	2.226552	0.345764	2.098241	0.221066	24.063067	24.025176	24.100937	110.622145	0.241799	0.238329	0.245276	0.211412
20150807171423.871100	11491.321600	35008.000000	-21.975795	-26.078204	509.396147	53.581330	2.266106	0.352036	2.155452	0.227700	23.499992	23.575706	23.424590	109.866732	0.233228	0.228768	0.237657	0.210855
20150807171424.191400	11491.656000	35009.000000	-21.939719	-26.037851	509.154600	56.088715	2.339304	0.393659	2.189077	0.226142	22.924876	22.986003	22.848741	108.571353	0.392384	0.480310	0.305233	0.330614
20150807171424.550800	11491.990400	35010.000000	-21.829102	-26.028595	507.355768	56.490018	2.424873	0.395817	2.255260	0.215502	22.082444	22.119533	22.043293	106.511528	0.194866	0.233181	0.156752	0.246004
20150807171424.871100	11492.324800	35011.000000	-21.789739	-26.020566	508.206301	56.294035	2.436392	0.393267	2.254228	0.200627	21.899783	21.933639	21.865433	105.818833	0.152313	0.170771	0.133950	0.236868
20150807171425.550800	11492.993600	35013.000000	-21.742931	-26.016286	508.940054	56.068351	2.447940	0.391599	2.216301	0.187049	21.984224	21.818705	22.151748	104.897854	0.161450	0.179981	0.142671	0.227536
20150807171426.199200	11493.662400	35015.000000	-21.718490	-26.009474	508.933642	56.110765	2.448618	0.390140	2.208251	0.178732	21.989229	21.805011	22.176137	104.367416	0.163777	0.180093	0.147228	0.222875
20150807171427.210900	11494.665600	35018.000000	-21.686551	-26.005742	508.678482	55.862018	2.454984	0.389753	2.204417	0.173312	21.962982	21.743771	22.186080	103.742634	0.168860	0.186496	0.150928	0.222480
20150807171428.230500	11495.668800	35021.000000	-21.642983	-26.001090	508.654968	55.349111	2.465368	0.388787	2.209970	0.170396	21.908282	21.668387	22.152618	103.025992	0.168604	0.192097	0.144685	0.226288
20150807171428.890600	11496.337600	35023.000000	-21.611837	-25.982535	507.000704	56.032012	2.486186	0.401080	2.193982	0.204274	21.992736	21.506300	22.501276	102.225340	0.273817	0.283323	0.263855	0.269920
20150807171429.210900	11496.672000	35024.000000	-21.569363	-25.978163	508.010993	56.604097	2.522319	0.406019	2.252632	0.215203	21.649454	21.213859	22.103144	101.487176	0.246139	0.242397	0.250025	0.242051
20150807171429.890600	11497.340800	35026.000000	-21.524406	-25.962076	507.799372	56.264784	2.574718	0.419653	2.312722	0.240635	21.217902	20.787336	21.666562	100.684047	0.278271	0.274880	0.281798	0.248577
20150807171430.570300	11498.009600	35028.000000	-21.481142	-25.952137	508.198763	56.238008	2.629244	0.431658	2.372030	0.254600	20.766713	20.375693	21.172936	99.906260	0.287171	0.282210	0.292320	0.254974
20150807171431.218700	11498.678400	35030.000000	-21.425048	-25.737280	503.444216	64.822429	3.092690	0.581042	2.567627	0.244565	17.739201	16.958069	18.418018	95.443009	1.097859	1.372284	0.801156	0.803464
20150807171431.550800	11499.012800	35031.000000	-18.883050	-24.717707	455.036512	115.421043	3.392114	-2.327598	3.836412	-4.000000	3.944193	3.000448	3.321589	39.313546	-0.896848	-1.130066	-0.726624	2.743974
20150807171431.898400	11499.347200	35032.000000	-15.240333	-23.124737	385.252528	-56.686000	1.251857	-0.658213	0.703261	-1.047138	2.856399	1.613956	1.014242	-43.199329	-0.085231	-0.547990	0.419740	2.991916
20150807171432.250000	11499.681600	35032.000000	-15.595594	-16.012171	-0.057883	-2.210992	0.389394	0.182131	-0.235041	-0.377540	-0.421218	-0.091232	-0.343620	0.344344	0.486720	0.600219	0.321638	-0.730992
