Program version:	Fatigue ver. 4.0
Date and time:	14-08-2015 13:30:08
Operator:	vanj
Project ID:	44584
Sample ID:	EQA03-07
	
Mode of operation:	Ten-ten
Low load setpoint [kN]:	0.000000
Displacement rate [mm/s]:	0.030000
Sample rate [Hz]:	10.000000
Procentage of E-max [%]:	90.000000
Sample width [mm]:	25.420000
Sample thickness [mm]:	4.290000
Strain sensor:	Extensometer
Number of strain sensors:	2
Channel configuration:	0 6 1,1,0,0,0,0 1,4,1,2,3,4
	
Machine SN:	88R8033
Load cell SN:	UK004
Load cell [kN]:	250.000000
Extensometer 1 SN:	1916
Gauge length 1 [mm]:	50.000000
Full scale 1 [%]:	5.000000
Extensometer 2 SN:	2100
Gauge length 2 [mm]:	50.000000
Full scale 2 [%]:	5.000000
	
Modulus estimate from [%]:	0.050000
Modulus estimate to [%]:	0.250000
Strain correction a1 [%]:	-0.002649
Strain correction a2 [%]:	-0.001224
Strain correction b1 [%]:	0.004308
Strain correction b2 [%]:	0.006535
Modulus a [GPa]:	37.356546
Modulus b [GPa]:	37.522729
Difference [%]:	0.442886
Modulus a1 [GPa]:	37.110475
Modulus b1 [GPa]:	37.250463
Modulus a2 [GPa]:	37.605621
Modulus b2 [GPa]:	37.798746
Max strain [%]:	0.540534
Max stress [MPa]:	201.927420
	
	
Time [ms]	State	Position [mm]	Load [kN]	Strain1 [%]	Strain2 [%]
0.000000E+0	1.000000E+0	27.836914E+0	1.788139E-3	-109.374532E-6	63.180929E-6
100.000000E-3	1.000000E+0	27.839739E+0	33.617020E-3	944.137649E-6	932.812765E-6
200.000000E-3	1.000000E+0	27.840419E+0	77.992678E-3	1.843572E-3	2.424717E-3
300.000000E-3	1.000000E+0	27.844442E+0	139.296055E-3	3.325939E-3	3.386736E-3
400.000000E-3	1.000000E+0	27.848188E+0	178.515911E-3	4.116893E-3	4.347563E-3
500.000000E-3	1.000000E+0	27.848421E+0	215.053558E-3	5.416871E-3	5.401969E-3
600.000000E-3	1.000000E+0	27.854009E+0	266.849995E-3	6.573797E-3	6.649495E-3
700.000000E-3	1.000000E+0	27.856762E+0	326.365232E-3	7.805229E-3	7.560850E-3
800.000000E-3	1.000000E+0	27.861027E+0	376.820564E-3	8.920432E-3	9.022356E-3
900.000000E-3	1.000000E+0	27.864156E+0	414.282084E-3	10.005833E-3	10.449291E-3
1.000000E+0	1.000000E+0	27.866239E+0	471.770763E-3	11.063815E-3	11.506082E-3
1.100000E+0	1.000000E+0	27.866776E+0	518.560410E-3	12.223125E-3	12.575985E-3
1.200000E+0	1.000000E+0	27.873195E+0	556.856394E-3	13.096930E-3	13.456346E-3
1.300000E+0	1.000000E+0	27.873884E+0	602.424145E-3	14.729501E-3	15.093089E-3
1.400000E+0	1.000000E+0	27.875904E+0	665.664673E-3	15.769006E-3	15.921594E-3
1.500000E+0	1.000000E+0	27.878989E+0	712.007284E-3	17.145277E-3	17.558934E-3
1.600000E+0	1.000000E+0	27.883924E+0	762.373209E-3	18.008949E-3	18.553735E-3
1.700000E+0	1.000000E+0	27.884496E+0	819.295645E-3	19.444825E-3	19.358398E-3
1.800000E+0	1.000000E+0	27.890201E+0	876.158476E-3	20.474793E-3	20.874740E-3
1.900000E+0	1.000000E+0	27.892418E+0	891.804695E-3	21.240117E-3	22.014381E-3
2.000000E+0	1.000000E+0	27.895082E+0	954.031944E-3	22.496583E-3	23.161771E-3
2.100000E+0	1.000000E+0	27.898238E+0	1.002401E+0	24.048688E-3	24.228098E-3
2.200000E+0	1.000000E+0	27.903674E+0	1.070589E+0	25.418999E-3	25.817754E-3
2.300000E+0	1.000000E+0	27.903361E+0	1.087308E+0	26.447179E-3	26.507380E-3
2.400000E+0	1.000000E+0	27.912302E+0	1.144975E+0	26.961567E-3	27.673843E-3
2.500000E+0	1.000000E+0	27.910827E+0	1.196444E+0	28.455260E-3	28.994682E-3
2.600000E+0	1.000000E+0	27.910210E+0	1.246572E+0	29.526355E-3	30.045512E-3
2.700000E+0	1.000000E+0	27.916415E+0	1.281738E+0	30.448439E-3	30.926468E-3
2.800000E+0	1.000000E+0	27.918882E+0	1.329720E+0	32.041671E-3	32.379630E-3
2.900000E+0	1.000000E+0	27.924819E+0	1.373678E+0	32.404664E-3	33.159259E-3
3.000000E+0	1.000000E+0	27.926848E+0	1.439661E+0	33.772590E-3	34.530166E-3
3.100000E+0	1.000000E+0	27.927734E+0	1.470566E+0	34.911635E-3	35.682323E-3
3.200000E+0	1.000000E+0	27.929334E+0	1.504689E+0	36.365393E-3	36.840442E-3
3.300000E+0	1.000000E+0	27.935297E+0	1.561761E+0	37.295821E-3	37.831071E-3
3.400000E+0	1.000000E+0	27.939374E+0	1.601130E+0	38.411024E-3	38.329366E-3
3.500000E+0	1.000000E+0	27.941073E+0	1.664102E+0	39.476755E-3	39.808157E-3
3.600000E+0	1.000000E+0	27.943925E+0	1.684666E+0	39.954785E-3	40.601495E-3
3.700000E+0	1.000000E+0	27.947153E+0	1.729071E+0	41.215423E-3	42.096976E-3
3.800000E+0	1.000000E+0	27.949129E+0	1.785517E+0	42.462352E-3	42.940978E-3
3.900000E+0	1.000000E+0	27.952580E+0	1.835018E+0	43.113831E-3	44.080619E-3
4.000000E+0	1.000000E+0	27.957184E+0	1.869708E+0	44.379238E-3	44.667724E-3
4.100000E+0	1.000000E+0	27.961386E+0	1.917690E+0	45.778159E-3	46.494011E-3
4.200000E+0	1.000000E+0	27.960161E+0	1.978666E+0	47.172312E-3	47.550205E-3
4.300000E+0	1.000000E+0	27.967269E+0	2.019525E+0	48.423413E-3	49.176816E-3
4.400000E+0	1.000000E+0	27.967609E+0	2.067387E+0	49.312715E-3	49.751405E-3
4.500000E+0	1.000000E+0	27.971731E+0	2.126634E+0	50.177578E-3	50.689582E-3
4.600000E+0	1.000000E+0	27.974484E+0	2.165735E+0	51.599149E-3	51.837568E-3
4.700000E+0	1.000000E+0	27.974762E+0	2.206028E+0	52.192215E-3	52.980189E-3
4.800000E+0	1.000000E+0	27.980278E+0	2.252817E+0	53.788428E-3	54.293279E-3
4.900000E+0	1.000000E+0	27.981700E+0	2.303034E+0	55.220728E-3	55.720215E-3
5.000000E+0	1.000000E+0	27.988790E+0	2.370209E+0	56.295995E-3	56.725745E-3
5.100000E+0	1.000000E+0	27.987386E+0	2.401978E+0	57.044034E-3	57.799225E-3
5.200000E+0	1.000000E+0	27.992768E+0	2.438456E+0	58.581834E-3	58.936481E-3
5.300000E+0	1.000000E+0	27.995933E+0	2.479851E+0	59.117680E-3	59.793000E-3
5.400000E+0	1.000000E+0	27.999518E+0	2.540141E+0	60.454016E-3	61.060791E-3
5.500000E+0	1.000000E+0	28.000600E+0	2.592385E+0	61.809426E-3	61.945324E-3
5.600000E+0	1.000000E+0	28.003130E+0	2.637297E+0	63.126092E-3	63.691740E-3
5.700000E+0	1.000000E+0	28.006412E+0	2.700925E+0	64.503556E-3	64.674025E-3
5.800000E+0	1.000000E+0	28.008575E+0	2.739489E+0	65.100198E-3	65.644389E-3
5.900000E+0	1.000000E+0	28.014923E+0	2.778560E+0	66.291099E-3	66.836482E-3
6.000000E+0	1.000000E+0	28.015862E+0	2.831668E+0	67.413455E-3	68.273550E-3
6.100000E+0	1.000000E+0	28.015835E+0	2.871096E+0	68.784362E-3	68.869000E-3
6.200000E+0	1.000000E+0	28.022165E+0	2.926588E+0	69.483524E-3	70.204740E-3
6.300000E+0	1.000000E+0	28.025777E+0	2.957791E+0	71.032053E-3	71.387297E-3
6.400000E+0	1.000000E+0	28.027825E+0	3.016144E+0	72.046524E-3	72.266465E-3
6.500000E+0	1.000000E+0	28.030730E+0	3.062427E+0	72.479850E-3	73.129541E-3
6.600000E+0	1.000000E+0	28.033377E+0	3.088295E+0	74.160105E-3	74.487931E-3
6.700000E+0	1.000000E+0	28.036470E+0	3.126502E+0	75.244314E-3	75.565583E-3
6.800000E+0	1.000000E+0	28.037051E+0	3.204226E+0	76.408988E-3	76.689726E-3
6.900000E+0	1.000000E+0	28.043149E+0	3.215998E+0	77.464587E-3	78.101760E-3
7.000000E+0	1.000000E+0	28.046162E+0	3.286928E+0	78.925497E-3	79.132921E-3
7.100000E+0	1.000000E+0	28.047628E+0	3.347188E+0	79.914338E-3	80.384619E-3
7.200000E+0	1.000000E+0	28.050418E+0	3.389686E+0	80.916292E-3	81.602938E-3
7.300000E+0	1.000000E+0	28.052206E+0	3.410727E+0	81.875331E-3	82.236535E-3
7.400000E+0	1.000000E+0	28.057392E+0	3.470302E+0	83.110339E-3	83.228356E-3
7.500000E+0	1.000000E+0	28.061272E+0	3.514141E+0	84.589727E-3	84.596879E-3
7.600000E+0	1.000000E+0	28.063775E+0	3.556490E+0	85.430748E-3	85.505850E-3
7.700000E+0	1.000000E+0	28.065331E+0	3.625870E+0	86.811788E-3	86.795099E-3
7.800000E+0	1.000000E+0	28.068818E+0	3.672719E+0	88.035471E-3	88.301904E-3
7.900000E+0	1.000000E+0	28.072501E+0	3.702939E+0	88.893778E-3	89.455254E-3
8.000000E+0	1.000000E+0	28.076435E+0	3.756702E+0	90.268858E-3	90.329058E-3
8.100000E+0	1.000000E+0	28.079332E+0	3.795862E+0	90.872653E-3	91.419227E-3
8.200000E+0	1.000000E+0	28.082122E+0	3.834993E+0	91.977127E-3	92.423566E-3
8.300000E+0	1.000000E+0	28.081192E+0	3.878236E+0	93.620427E-3	93.668707E-3
8.400000E+0	1.000000E+0	28.089998E+0	3.935248E+0	94.506748E-3	94.410189E-3
8.500000E+0	1.000000E+0	28.092305E+0	3.998578E+0	95.926531E-3	95.903881E-3
8.600000E+0	1.000000E+0	28.097079E+0	4.024535E+0	96.727021E-3	96.800931E-3
8.700000E+0	1.000000E+0	28.096382E+0	4.075468E+0	98.037728E-3	97.559698E-3
8.800000E+0	1.000000E+0	28.100521E+0	4.102081E+0	98.842390E-3	98.817952E-3
8.900000E+0	1.000000E+0	28.102113E+0	4.172951E+0	99.658378E-3	100.120910E-3
9.000000E+0	1.000000E+0	28.107254E+0	4.198998E+0	100.873121E-3	100.983985E-3
9.100000E+0	1.000000E+0	28.110231E+0	4.256219E+0	101.879843E-3	101.979383E-3
9.200000E+0	1.000000E+0	28.111268E+0	4.309684E+0	103.240617E-3	103.051075E-3
9.300000E+0	1.000000E+0	28.114254E+0	4.335076E+0	104.336747E-3	104.624637E-3
9.400000E+0	1.000000E+0	28.119020E+0	4.385829E+0	105.578312E-3	105.687388E-3
9.500000E+0	1.000000E+0	28.120683E+0	4.426479E+0	106.494435E-3	106.555828E-3
9.600000E+0	1.000000E+0	28.122829E+0	4.471421E+0	107.851037E-3	107.808122E-3
9.700000E+0	1.000000E+0	28.124983E+0	4.525542E+0	108.544835E-3	108.709344E-3
9.800000E+0	1.000000E+0	28.127451E+0	4.581690E+0	109.676727E-3	109.954485E-3
9.900000E+0	1.000000E+0	28.128560E+0	4.625738E+0	111.171612E-3	111.215123E-3
10.000000E+0	1.000000E+0	28.134496E+0	4.657716E+0	112.578282E-3	112.243304E-3
10.100000E+0	1.000000E+0	28.140567E+0	4.715979E+0	113.480696E-3	113.658318E-3
10.200000E+0	1.000000E+0	28.142722E+0	4.754722E+0	114.643583E-3	114.520201E-3
10.300000E+0	1.000000E+0	28.146253E+0	4.791290E+0	115.442881E-3	115.566263E-3
10.400000E+0	1.000000E+0	28.148140E+0	4.838735E+0	116.966972E-3	116.605172E-3
10.500000E+0	1.000000E+0	28.150375E+0	4.907101E+0	117.933164E-3	117.776999E-3
10.600000E+0	1.000000E+0	28.153754E+0	4.954755E+0	119.540701E-3	119.121680E-3
10.700000E+0	1.000000E+0	28.157670E+0	4.998654E+0	120.272050E-3	120.053301E-3
10.800000E+0	1.000000E+0	28.158690E+0	5.035281E+0	121.323476E-3	121.367583E-3
10.900000E+0	1.000000E+0	28.164439E+0	5.083859E+0	122.390399E-3	122.502456E-3
11.000000E+0	1.000000E+0	28.167854E+0	5.116552E+0	123.615871E-3	123.538385E-3
11.100000E+0	1.000000E+0	28.167112E+0	5.170465E+0	124.582658E-3	124.540339E-3
11.200000E+0	1.000000E+0	28.171287E+0	5.212426E+0	126.017342E-3	125.738392E-3
11.300000E+0	1.000000E+0	28.174810E+0	5.256146E+0	126.624714E-3	126.482854E-3
11.400000E+0	1.000000E+0	28.179012E+0	5.292207E+0	128.176223E-3	127.784620E-3
11.500000E+0	1.000000E+0	28.182409E+0	5.344480E+0	129.176985E-3	129.042874E-3
11.600000E+0	1.000000E+0	28.183402E+0	5.374968E+0	130.450140E-3	130.226623E-3
11.700000E+0	1.000000E+0	28.185583E+0	5.436331E+0	131.489645E-3	131.387125E-3
11.800000E+0	1.000000E+0	28.188936E+0	5.488515E+0	132.651936E-3	132.386099E-3
11.900000E+0	1.000000E+0	28.195060E+0	5.537540E+0	134.009134E-3	133.327256E-3
12.000000E+0	1.000000E+0	28.197135E+0	5.562901E+0	134.794723E-3	134.353648E-3
12.100000E+0	1.000000E+0	28.200264E+0	5.616009E+0	135.731112E-3	135.650050E-3
12.200000E+0	1.000000E+0	28.200425E+0	5.650431E+0	136.798631E-3	136.659156E-3
12.300000E+0	1.000000E+0	28.205709E+0	5.685151E+0	138.186823E-3	137.835752E-3
12.400000E+0	1.000000E+0	28.210063E+0	5.764872E+0	139.499914E-3	138.859164E-3
12.500000E+0	1.000000E+0	28.211046E+0	5.803496E+0	140.233647E-3	140.193712E-3
12.600000E+0	1.000000E+0	28.214641E+0	5.826354E+0	141.599190E-3	141.233217E-3
12.700000E+0	1.000000E+0	28.216080E+0	5.896151E+0	142.793071E-3	142.084968E-3
12.800000E+0	1.000000E+0	28.220988E+0	5.938709E+0	143.868339E-3	143.575680E-3
12.900000E+0	1.000000E+0	28.223376E+0	5.985618E+0	144.764197E-3	144.428622E-3
13.000000E+0	1.000000E+0	28.224967E+0	6.037116E+0	146.402728E-3	145.566475E-3
13.100000E+0	1.000000E+0	28.228606E+0	6.092668E+0	147.549522E-3	146.704328E-3
13.200000E+0	1.000000E+0	28.233988E+0	6.126434E+0	148.205173E-3	147.917282E-3
13.300000E+0	1.000000E+0	28.238119E+0	6.174415E+0	149.585021E-3	148.826253E-3
13.400000E+0	1.000000E+0	28.237645E+0	6.205916E+0	150.483263E-3	149.918211E-3
13.500000E+0	1.000000E+0	28.240730E+0	6.274164E+0	151.476872E-3	151.045931E-3
13.600000E+0	1.000000E+0	28.243599E+0	6.294340E+0	152.900231E-3	152.214182E-3
13.700000E+0	1.000000E+0	28.247837E+0	6.332666E+0	153.770459E-3	153.408659E-3
13.800000E+0	1.000000E+0	28.250421E+0	6.391704E+0	154.999507E-3	154.247296E-3
13.900000E+0	1.000000E+0	28.254203E+0	6.435901E+0	155.946625E-3	155.534161E-3
14.000000E+0	1.000000E+0	28.256125E+0	6.458431E+0	156.785858E-3	156.288756E-3
14.100000E+0	1.000000E+0	28.257985E+0	6.526649E+0	158.260477E-3	157.771123E-3
14.200000E+0	1.000000E+0	28.261570E+0	6.563872E+0	159.422172E-3	158.737315E-3
14.300000E+0	1.000000E+0	28.265996E+0	6.623864E+0	160.291208E-3	159.872187E-3
14.400000E+0	1.000000E+0	28.268151E+0	6.669372E+0	161.440385E-3	160.948647E-3
14.500000E+0	1.000000E+0	28.271387E+0	6.705344E+0	162.590159E-3	161.985172E-3
14.600000E+0	1.000000E+0	28.272639E+0	6.742537E+0	163.736953E-3	162.875069E-3
14.700000E+0	1.000000E+0	28.276242E+0	6.783992E+0	164.446248E-3	163.808478E-3
14.800000E+0	1.000000E+0	28.280113E+0	6.821156E+0	166.102661E-3	164.924277E-3
14.900000E+0	1.000000E+0	28.284619E+0	6.868035E+0	166.797651E-3	166.194452E-3
15.000000E+0	1.000000E+0	28.283511E+0	6.906390E+0	168.443336E-3	167.400254E-3
15.100000E+0	1.000000E+0	28.290413E+0	6.966203E+0	169.476284E-3	168.485059E-3
15.200000E+0	1.000000E+0	28.290306E+0	7.009268E+0	169.876231E-3	169.414295E-3
15.300000E+0	1.000000E+0	28.297235E+0	7.050067E+0	171.297206E-3	170.780434E-3
15.400000E+0	1.000000E+0	28.296484E+0	7.092625E+0	172.660961E-3	171.614303E-3
15.500000E+0	1.000000E+0	28.301106E+0	7.141083E+0	173.662915E-3	172.840371E-3
15.600000E+0	1.000000E+0	28.304262E+0	7.200927E+0	175.100579E-3	174.304261E-3
15.700000E+0	1.000000E+0	28.306408E+0	7.235438E+0	176.006570E-3	175.104155E-3
15.800000E+0	1.000000E+0	28.309385E+0	7.291526E+0	177.251711E-3	176.250353E-3
15.900000E+0	1.000000E+0	28.313239E+0	7.320672E+0	178.197041E-3	177.376284E-3
16.000000E+0	1.000000E+0	28.315250E+0	7.372111E+0	179.491057E-3	178.206577E-3
16.100000E+0	1.000000E+0	28.318630E+0	7.416934E+0	180.367246E-3	179.404035E-3
16.200000E+0	1.000000E+0	28.321625E+0	7.480651E+0	181.615367E-3	180.531159E-3
16.300000E+0	1.000000E+0	28.323842E+0	7.516623E+0	182.859912E-3	181.803718E-3
16.400000E+0	1.000000E+0	28.327848E+0	7.550329E+0	183.882728E-3	183.037534E-3
16.500000E+0	1.000000E+0	28.329931E+0	7.594556E+0	184.922829E-3	183.855310E-3
16.600000E+0	1.000000E+0	28.333731E+0	7.638037E+0	185.949817E-3	185.070053E-3
16.700000E+0	1.000000E+0	28.338246E+0	7.690042E+0	186.727658E-3	185.865775E-3
16.800000E+0	1.000000E+0	28.339274E+0	7.722795E+0	187.948361E-3	186.832562E-3
16.900000E+0	1.000000E+0	28.343914E+0	7.781416E+0	189.102307E-3	187.877432E-3
17.000000E+0	1.000000E+0	28.346471E+0	7.834733E+0	190.463081E-3	188.934222E-3
17.100000E+0	1.000000E+0	28.350781E+0	7.870555E+0	191.616431E-3	190.508977E-3
17.200000E+0	1.000000E+0	28.349431E+0	7.912636E+0	193.032042E-3	191.419140E-3
17.300000E+0	1.000000E+0	28.353624E+0	7.959217E+0	193.651334E-3	193.021909E-3
17.400000E+0	1.000000E+0	28.358049E+0	8.011431E+0	195.131317E-3	193.849818E-3
17.500000E+0	1.000000E+0	28.362609E+0	8.050412E+0	196.104065E-3	194.844619E-3
17.600000E+0	1.000000E+0	28.365864E+0	8.072644E+0	196.961776E-3	196.009294E-3
17.700000E+0	1.000000E+0	28.366221E+0	8.148134E+0	198.221223E-3	197.093503E-3
17.800000E+0	1.000000E+0	28.371720E+0	8.194119E+0	199.438946E-3	198.445932E-3
17.900000E+0	1.000000E+0	28.372936E+0	8.232296E+0	200.732962E-3	199.396030E-3
18.000000E+0	1.000000E+0	28.374411E+0	8.268774E+0	201.568620E-3	200.406925E-3
18.100000E+0	1.000000E+0	28.378658E+0	8.316129E+0	202.896015E-3	201.724784E-3
18.200000E+0	1.000000E+0	28.383557E+0	8.354634E+0	203.614251E-3	202.449576E-3
18.300000E+0	1.000000E+0	28.382574E+0	8.402765E+0	204.780118E-3	203.626172E-3
18.400000E+0	1.000000E+0	28.388939E+0	8.448333E+0	206.210630E-3	204.859988E-3
18.500000E+0	1.000000E+0	28.389109E+0	8.503377E+0	207.276361E-3	205.818431E-3
18.600000E+0	1.000000E+0	28.395529E+0	8.530378E+0	208.144205E-3	207.133310E-3
18.700000E+0	1.000000E+0	28.397397E+0	8.595318E+0	209.357159E-3	208.072679E-3
18.800000E+0	1.000000E+0	28.400071E+0	8.639991E+0	210.418122E-3	208.851116E-3
18.900000E+0	1.000000E+0	28.407670E+0	8.668989E+0	211.795585E-3	210.396068E-3
19.000000E+0	1.000000E+0	28.406874E+0	8.701712E+0	212.381499E-3	211.240666E-3
19.100000E+0	1.000000E+0	28.407572E+0	8.772612E+0	213.803070E-3	212.696212E-3
19.200000E+0	1.000000E+0	28.411846E+0	8.811951E+0	215.252059E-3	213.516968E-3
19.300000E+0	1.000000E+0	28.412632E+0	8.842677E+0	215.960162E-3	214.735287E-3
19.400000E+0	1.000000E+0	28.418184E+0	8.911967E+0	217.262524E-3	215.632337E-3
19.500000E+0	1.000000E+0	28.416834E+0	8.940339E+0	218.004602E-3	216.470378E-3
19.600000E+0	1.000000E+0	28.422753E+0	8.982599E+0	219.535845E-3	217.944401E-3
19.700000E+0	1.000000E+0	28.426428E+0	9.020776E+0	220.513957E-3	219.066757E-3
19.800000E+0	1.000000E+0	28.432069E+0	9.075135E+0	221.235174E-3	219.953078E-3
19.900000E+0	1.000000E+0	28.433697E+0	9.112000E+0	222.400445E-3	220.951456E-3
20.000000E+0	1.000000E+0	28.434161E+0	9.134084E+0	223.792213E-3	221.928376E-3
20.100000E+0	1.000000E+0	28.441046E+0	9.193391E+0	224.661249E-3	223.075169E-3
20.200000E+0	1.000000E+0	28.443361E+0	9.238631E+0	225.846189E-3	223.991889E-3
20.300000E+0	1.000000E+0	28.445516E+0	9.262860E+0	226.655025E-3	225.031990E-3
20.400000E+0	1.000000E+0	28.447984E+0	9.329528E+0	227.969903E-3	226.266402E-3
20.500000E+0	1.000000E+0	28.451113E+0	9.367406E+0	229.140538E-3	227.656979E-3
20.600000E+0	1.000000E+0	28.455968E+0	9.398311E+0	230.384487E-3	228.521246E-3
20.700000E+0	1.000000E+0	28.457515E+0	9.453326E+0	231.394786E-3	229.861755E-3
20.800000E+0	1.000000E+0	28.459759E+0	9.511769E+0	232.557077E-3	230.852980E-3
20.900000E+0	1.000000E+0	28.464524E+0	9.535909E+0	233.743806E-3	231.781024E-3
21.000000E+0	1.000000E+0	28.466536E+0	9.577841E+0	234.241504E-3	232.781190E-3
21.100000E+0	1.000000E+0	28.470103E+0	9.628624E+0	235.629697E-3	233.627576E-3
21.200000E+0	1.000000E+0	28.473939E+0	9.702981E+0	236.986298E-3	234.957356E-3
21.300000E+0	1.000000E+0	28.475682E+0	9.705842E+0	238.581319E-3	236.405153E-3
21.400000E+0	1.000000E+0	28.480760E+0	9.767562E+0	239.081998E-3	237.253923E-3
21.500000E+0	1.000000E+0	28.482888E+0	9.806991E+0	240.198989E-3	238.338132E-3
21.600000E+0	1.000000E+0	28.483085E+0	9.854257E+0	241.198559E-3	239.647646E-3
21.700000E+0	1.000000E+0	28.487609E+0	9.891629E+0	242.344756E-3	240.473766E-3
21.800000E+0	1.000000E+0	28.489147E+0	9.941071E+0	243.433733E-3	241.714735E-3
21.900000E+0	1.000000E+0	28.492652E+0	9.986669E+0	244.650264E-3	242.285748E-3
22.000000E+0	1.000000E+0	28.497032E+0	10.014951E+0	246.199389E-3	243.827720E-3
22.100000E+0	1.000000E+0	28.500233E+0	10.061413E+0	246.860405E-3	244.777222E-3
22.200000E+0	1.000000E+0	28.503228E+0	10.125995E+0	248.203297E-3	246.198197E-3
22.300000E+0	1.000000E+0	28.502817E+0	10.152429E+0	248.839875E-3	247.093459E-3
22.400000E+0	1.000000E+0	28.507538E+0	10.189712E+0	249.722024E-3	247.982164E-3
22.500000E+0	1.000000E+0	28.510899E+0	10.254920E+0	251.092335E-3	248.925706E-3
22.600000E+0	1.000000E+0	28.511740E+0	10.281682E+0	252.806565E-3	250.195881E-3
22.700000E+0	1.000000E+0	28.517533E+0	10.338694E+0	253.241082E-3	251.778384E-3
22.800000E+0	1.000000E+0	28.519885E+0	10.401636E+0	254.752656E-3	252.439996E-3
22.900000E+0	1.000000E+0	28.525750E+0	10.408819E+0	255.646130E-3	253.722092E-3
23.000000E+0	1.000000E+0	28.525670E+0	10.471135E+0	256.721994E-3	254.595896E-3
23.100000E+0	1.000000E+0	28.528432E+0	10.518432E+0	257.707855E-3	255.704543E-3
23.200000E+0	1.000000E+0	28.531061E+0	10.571212E+0	258.886835E-3	256.953260E-3
23.300000E+0	1.000000E+0	28.537230E+0	10.614723E+0	259.992501E-3	257.787725E-3
23.400000E+0	1.000000E+0	28.538213E+0	10.662019E+0	261.219761E-3	259.110948E-3
23.500000E+0	1.000000E+0	28.539349E+0	10.706723E+0	262.429735E-3	260.242841E-3
23.600000E+0	1.000000E+0	28.544016E+0	10.718405E+0	263.215921E-3	261.570832E-3
23.700000E+0	1.000000E+0	28.548906E+0	10.777920E+0	264.537356E-3	261.806271E-3
23.800000E+0	1.000000E+0	28.550891E+0	10.809690E+0	265.508911E-3	263.477585E-3
23.900000E+0	1.000000E+0	28.553109E+0	10.855168E+0	266.454837E-3	264.299533E-3
24.000000E+0	1.000000E+0	28.555129E+0	10.909438E+0	267.505071E-3	265.174529E-3
24.100000E+0	1.000000E+0	28.560538E+0	10.957479E+0	268.633387E-3	266.940615E-3
24.200000E+0	1.000000E+0	28.561745E+0	10.988146E+0	269.544742E-3	267.683885E-3
24.300000E+0	1.000000E+0	28.565912E+0	11.011809E+0	270.600937E-3	268.739483E-3
24.400000E+0	1.000000E+0	28.568916E+0	11.074543E+0	271.744750E-3	269.840381E-3
24.500000E+0	1.000000E+0	28.567619E+0	11.116892E+0	272.822998E-3	271.042607E-3
24.600000E+0	1.000000E+0	28.573717E+0	11.162758E+0	274.056814E-3	271.734021E-3
24.700000E+0	1.000000E+0	28.574504E+0	11.199474E+0	274.830483E-3	273.195527E-3
24.800000E+0	1.000000E+0	28.582962E+0	11.272401E+0	276.874922E-3	274.418614E-3
24.900000E+0	1.000000E+0	28.585697E+0	11.282921E+0	278.041981E-3	275.312684E-3
25.000000E+0	1.000000E+0	28.586806E+0	11.313707E+0	277.868532E-3	275.726936E-3
25.100000E+0	1.000000E+0	28.590257E+0	11.359394E+0	279.047511E-3	276.456497E-3
25.200000E+0	1.000000E+0	28.591804E+0	11.386067E+0	279.361628E-3	277.597926E-3
25.300000E+0	1.000000E+0	28.594039E+0	11.411548E+0	280.630015E-3	278.267883E-3
25.400000E+0	1.000000E+0	28.599010E+0	11.476189E+0	281.757139E-3	279.486798E-3
25.500000E+0	1.000000E+0	28.600602E+0	11.512101E+0	282.646440E-3	280.348085E-3
25.600000E+0	1.000000E+0	28.604616E+0	11.558831E+0	284.051322E-3	281.776212E-3
25.700000E+0	1.000000E+0	28.606788E+0	11.591464E+0	285.026454E-3	282.976054E-3
25.800000E+0	1.000000E+0	28.607817E+0	11.651367E+0	286.622666E-3	284.328483E-3
25.900000E+0	1.000000E+0	28.612376E+0	11.687756E+0	287.532829E-3	285.477661E-3
26.000000E+0	1.000000E+0	28.615264E+0	11.742473E+0	289.019965E-3	286.451005E-3
26.100000E+0	1.000000E+0	28.616140E+0	11.791438E+0	289.667272E-3	287.331366E-3
26.200000E+0	1.000000E+0	28.621854E+0	11.836857E+0	290.923738E-3	288.742804E-3
26.300000E+0	1.000000E+0	28.624992E+0	11.882126E+0	292.223715E-3	289.967679E-3
26.400000E+0	1.000000E+0	28.626217E+0	11.939168E+0	293.508792E-3	291.541242E-3
26.500000E+0	1.000000E+0	28.630392E+0	11.994302E+0	294.977450E-3	292.844200E-3
26.600000E+0	1.000000E+0	28.635881E+0	12.027055E+0	295.978212E-3	293.599987E-3
26.700000E+0	1.000000E+0	28.638769E+0	12.085944E+0	297.262692E-3	294.829035E-3
26.800000E+0	1.000000E+0	28.641416E+0	12.133300E+0	298.063183E-3	295.512700E-3
26.900000E+0	1.000000E+0	28.642471E+0	12.167364E+0	299.202228E-3	296.835327E-3
27.000000E+0	1.000000E+0	28.646432E+0	12.179345E+0	300.263190E-3	297.876620E-3
27.100000E+0	1.000000E+0	28.650348E+0	12.247622E+0	301.278854E-3	298.743272E-3
27.200000E+0	1.000000E+0	28.651447E+0	12.294114E+0	302.292133E-3	299.755955E-3
27.300000E+0	1.000000E+0	28.656141E+0	12.319863E+0	303.415680E-3	300.825262E-3
27.400000E+0	1.000000E+0	28.659378E+0	12.367159E+0	304.372335E-3	302.022720E-3
27.500000E+0	1.000000E+0	28.663490E+0	12.405485E+0	305.107260E-3	302.940631E-3
27.600000E+0	1.000000E+0	28.664036E+0	12.452722E+0	306.612874E-3	303.670788E-3
27.700000E+0	1.000000E+0	28.667004E+0	12.490690E+0	307.179714E-3	304.905201E-3
27.800000E+0	1.000000E+0	28.670571E+0	12.535572E+0	308.600689E-3	306.041861E-3
27.900000E+0	1.000000E+0	28.673146E+0	12.584060E+0	309.762383E-3	307.076002E-3
28.000000E+0	1.000000E+0	28.678037E+0	12.623966E+0	310.706521E-3	308.125044E-3
28.100000E+0	1.000000E+0	28.676383E+0	12.653172E+0	311.687018E-3	309.165741E-3
28.200000E+0	1.000000E+0	28.680442E+0	12.706369E+0	312.823082E-3	310.551549E-3
28.300000E+0	1.000000E+0	28.685073E+0	12.743682E+0	313.537742E-3	311.471249E-3
28.400000E+0	1.000000E+0	28.686244E+0	12.787610E+0	314.849640E-3	312.681223E-3
28.500000E+0	1.000000E+0	28.692118E+0	12.846708E+0	316.438104E-3	313.928748E-3
28.600000E+0	1.000000E+0	28.694103E+0	12.886077E+0	317.578937E-3	315.013553E-3
28.700000E+0	1.000000E+0	28.696732E+0	12.920052E+0	318.994548E-3	316.050078E-3
28.800000E+0	1.000000E+0	28.700648E+0	12.973666E+0	320.011999E-3	317.189123E-3
28.900000E+0	1.000000E+0	28.704671E+0	13.022363E+0	320.368435E-3	317.931201E-3
29.000000E+0	1.000000E+0	28.706316E+0	13.064086E+0	321.810867E-3	319.034483E-3
29.100000E+0	1.000000E+0	28.711564E+0	13.096452E+0	323.181774E-3	320.129420E-3
29.200000E+0	1.000000E+0	28.711386E+0	13.135046E+0	324.004914E-3	321.259524E-3
29.300000E+0	1.000000E+0	28.713433E+0	13.174683E+0	325.295951E-3	322.373535E-3
29.400000E+0	1.000000E+0	28.720523E+0	13.247788E+0	326.555397E-3	323.911931E-3
29.500000E+0	1.000000E+0	28.721238E+0	13.279825E+0	327.754643E-3	325.041439E-3
29.600000E+0	1.000000E+0	28.725306E+0	13.319433E+0	329.121974E-3	325.982597E-3
29.700000E+0	1.000000E+0	28.732977E+0	13.378620E+0	330.066707E-3	327.131774E-3
29.800000E+0	1.000000E+0	28.729839E+0	13.417155E+0	331.153896E-3	328.452613E-3
29.900000E+0	1.000000E+0	28.732861E+0	13.456434E+0	331.963923E-3	329.296615E-3
30.000000E+0	1.000000E+0	28.738369E+0	13.500303E+0	333.051708E-3	330.213335E-3
30.100000E+0	1.000000E+0	28.739245E+0	13.547093E+0	333.997634E-3	331.020978E-3
30.200000E+0	1.000000E+0	28.741105E+0	13.579220E+0	335.167077E-3	332.350757E-3
30.300000E+0	1.000000E+0	28.744144E+0	13.614744E+0	336.035517E-3	333.231118E-3
30.400000E+0	1.000000E+0	28.746514E+0	13.655216E+0	337.240723E-3	334.348109E-3
30.500000E+0	1.000000E+0	28.753076E+0	13.705999E+0	338.612822E-3	335.749415E-3
30.600000E+0	1.000000E+0	28.753934E+0	13.734847E+0	339.226154E-3	336.428312E-3
30.700000E+0	1.000000E+0	28.755624E+0	13.790965E+0	340.043930E-3	337.436822E-3
30.800000E+0	1.000000E+0	28.763796E+0	13.838440E+0	341.369537E-3	338.656333E-3
30.900000E+0	1.000000E+0	28.762911E+0	13.865024E+0	342.568783E-3	339.793590E-3
31.000000E+0	1.000000E+0	28.767855E+0	13.921291E+0	343.486098E-3	340.420035E-3
31.100000E+0	1.000000E+0	28.770457E+0	13.938576E+0	344.654945E-3	341.751603E-3
31.200000E+0	1.000000E+0	28.771092E+0	13.993979E+0	345.190195E-3	342.669514E-3
31.300000E+0	1.000000E+0	28.776778E+0	14.041811E+0	346.635608E-3	343.320993E-3
31.400000E+0	1.000000E+0	28.778048E+0	14.094502E+0	348.053006E-3	345.010785E-3
31.500000E+0	1.000000E+0	28.782259E+0	14.137834E+0	349.024562E-3	346.131352E-3
31.600000E+0	1.000000E+0	28.784351E+0	14.184713E+0	349.975852E-3	347.114233E-3
31.700000E+0	1.000000E+0	28.788696E+0	14.207542E+0	350.901513E-3	348.442821E-3
31.800000E+0	1.000000E+0	28.789358E+0	14.265954E+0	352.283148E-3	349.162249E-3
31.900000E+0	1.000000E+0	28.793542E+0	14.288366E+0	353.167085E-3	350.075392E-3
32.000000E+0	1.000000E+0	28.796760E+0	14.348030E+0	353.892474E-3	351.012973E-3
32.100000E+0	1.000000E+0	28.799389E+0	14.378816E+0	355.107217E-3	352.374343E-3
32.200000E+0	1.000000E+0	28.802277E+0	14.430225E+0	356.552033E-3	353.426366E-3
32.300000E+0	1.000000E+0	28.806452E+0	14.459223E+0	357.571869E-3	354.645877E-3
32.400000E+0	1.000000E+0	28.807230E+0	14.494270E+0	358.782439E-3	355.450539E-3
32.500000E+0	1.000000E+0	28.811343E+0	14.562398E+0	359.687238E-3	356.556802E-3
32.600000E+0	1.000000E+0	28.814838E+0	14.583826E+0	361.179738E-3	357.658892E-3
32.700000E+0	1.000000E+0	28.814302E+0	14.638811E+0	361.568957E-3	358.904033E-3
32.800000E+0	1.000000E+0	28.820748E+0	14.684677E+0	362.872510E-3	359.932213E-3
32.900000E+0	1.000000E+0	28.822036E+0	14.725387E+0	364.225536E-3	360.963969E-3
33.000000E+0	1.000000E+0	28.827820E+0	14.758617E+0	365.133315E-3	362.245469E-3
33.100000E+0	1.000000E+0	28.829510E+0	14.807463E+0	365.842610E-3	363.016754E-3
33.200000E+0	1.000000E+0	28.830887E+0	14.839262E+0	366.782575E-3	363.730221E-3
33.300000E+0	1.000000E+0	28.836395E+0	14.878243E+0	368.212491E-3	364.956289E-3
33.400000E+0	1.000000E+0	28.837566E+0	14.918268E+0	369.315177E-3	366.058975E-3
33.500000E+0	1.000000E+0	28.841017E+0	14.978647E+0	370.763570E-3	367.457300E-3
33.600000E+0	1.000000E+0	28.845237E+0	15.006632E+0	371.583730E-3	368.092090E-3
33.700000E+0	1.000000E+0	28.846337E+0	15.047461E+0	372.646481E-3	369.045168E-3
33.800000E+0	1.000000E+0	28.851182E+0	15.102059E+0	373.261005E-3	370.225340E-3
33.900000E+0	1.000000E+0	28.852094E+0	15.127718E+0	374.866158E-3	371.461540E-3
34.000000E+0	1.000000E+0	28.856645E+0	15.172005E+0	375.477106E-3	372.673303E-3
34.100000E+0	1.000000E+0	28.856994E+0	15.224516E+0	376.525551E-3	373.780161E-3
34.200000E+0	1.000000E+0	28.861518E+0	15.280098E+0	377.858907E-3	374.876291E-3
34.300000E+0	1.000000E+0	28.868241E+0	15.294433E+0	379.093916E-3	375.784666E-3
34.400000E+0	1.000000E+0	28.868563E+0	15.347749E+0	379.867584E-3	377.055437E-3
34.500000E+0	1.000000E+0	28.872148E+0	15.387088E+0	381.144316E-3	378.050238E-3
34.600000E+0	1.000000E+0	28.876127E+0	15.428215E+0	382.511646E-3	379.018814E-3
34.700000E+0	1.000000E+0	28.877110E+0	15.485346E+0	383.209021E-3	379.849107E-3
34.800000E+0	1.000000E+0	28.880070E+0	15.527219E+0	384.312899E-3	381.247432E-3
34.900000E+0	1.000000E+0	28.884191E+0	15.563339E+0	385.832221E-3	382.519395E-3
35.000000E+0	1.000000E+0	28.885649E+0	15.612304E+0	386.574299E-3	383.287699E-3
35.100000E+0	1.000000E+0	28.889833E+0	15.651882E+0	387.881429E-3	384.520919E-3
35.200000E+0	1.000000E+0	28.891487E+0	15.683383E+0	388.512642E-3	385.447175E-3
35.300000E+0	1.000000E+0	28.896047E+0	15.738785E+0	390.090974E-3	386.505158E-3
35.400000E+0	1.000000E+0	28.896744E+0	15.770644E+0	390.739472E-3	387.427838E-3
35.500000E+0	1.000000E+0	28.899918E+0	15.812039E+0	391.917856E-3	388.693841E-3
35.600000E+0	1.000000E+0	28.907410E+0	15.837193E+0	393.045576E-3	389.454992E-3
35.700000E+0	1.000000E+0	28.907750E+0	15.899926E+0	394.225748E-3	390.732916E-3
35.800000E+0	1.000000E+0	28.910763E+0	15.926480E+0	395.033987E-3	391.429098E-3
35.900000E+0	1.000000E+0	28.913660E+0	15.971422E+0	396.062763E-3	392.447741E-3
36.000000E+0	1.000000E+0	28.917487E+0	16.012877E+0	397.039684E-3	393.590363E-3
36.100000E+0	1.000000E+0	28.916387E+0	16.079336E+0	398.411783E-3	394.602450E-3
36.200000E+0	1.000000E+0	28.919069E+0	16.090512E+0	399.059089E-3	395.760568E-3
36.300000E+0	1.000000E+0	28.923307E+0	16.132712E+0	400.360855E-3	396.727951E-3
36.400000E+0	1.000000E+0	28.930156E+0	16.184598E+0	401.320490E-3	397.858652E-3
36.500000E+0	1.000000E+0	28.932194E+0	16.233683E+0	402.369531E-3	398.879679E-3
36.600000E+0	1.000000E+0	28.934331E+0	16.251564E+0	403.541955E-3	399.901303E-3
36.700000E+0	1.000000E+0	28.936933E+0	16.307086E+0	404.498013E-3	400.893720E-3
36.800000E+0	1.000000E+0	28.940697E+0	16.356409E+0	405.772957E-3	402.351650E-3
36.900000E+0	1.000000E+0	28.943629E+0	16.401291E+0	406.984719E-3	403.305920E-3
37.000000E+0	1.000000E+0	28.947018E+0	16.449094E+0	408.192906E-3	404.405626E-3
37.100000E+0	1.000000E+0	28.952123E+0	16.494840E+0	408.741268E-3	405.425462E-3
37.200000E+0	1.000000E+0	28.951578E+0	16.538560E+0	410.202178E-3	406.784448E-3
37.300000E+0	1.000000E+0	28.954912E+0	16.563445E+0	411.030087E-3	407.717261E-3
37.400000E+0	1.000000E+0	28.957809E+0	16.620457E+0	412.246618E-3	408.535632E-3
37.500000E+0	1.000000E+0	28.960885E+0	16.644508E+0	413.071546E-3	409.719977E-3
37.600000E+0	1.000000E+0	28.966607E+0	16.704738E+0	414.351854E-3	410.972270E-3
37.700000E+0	1.000000E+0	28.966893E+0	16.736925E+0	415.115390E-3	411.827001E-3
37.800000E+0	1.000000E+0	28.970380E+0	16.786456E+0	415.898595E-3	412.496957E-3
37.900000E+0	1.000000E+0	28.971614E+0	16.800016E+0	417.407784E-3	413.528714E-3
38.000000E+0	1.000000E+0	28.977112E+0	16.835779E+0	418.348346E-3	415.058765E-3
38.100000E+0	1.000000E+0	28.979660E+0	16.895115E+0	419.803891E-3	415.998731E-3
38.200000E+0	1.000000E+0	28.984265E+0	16.939998E+0	420.778427E-3	417.298708E-3
38.300000E+0	1.000000E+0	28.983827E+0	16.987562E+0	422.092114E-3	418.329272E-3
38.400000E+0	1.000000E+0	28.988941E+0	17.045707E+0	422.974859E-3	419.727597E-3
38.500000E+0	1.000000E+0	28.991426E+0	17.085701E+0	424.174700E-3	420.330796E-3
38.600000E+0	1.000000E+0	28.994064E+0	17.096996E+0	425.049697E-3	421.258841E-3
38.700000E+0	1.000000E+0	28.997479E+0	17.153382E+0	425.893102E-3	422.487293E-3
38.800000E+0	1.000000E+0	29.001851E+0	17.187238E+0	427.657996E-3	423.425470E-3
38.900000E+0	1.000000E+0	29.003389E+0	17.235279E+0	428.431664E-3	424.218212E-3
39.000000E+0	1.000000E+0	29.005454E+0	17.279506E+0	429.681574E-3	425.845419E-3
39.100000E+0	1.000000E+0	29.010729E+0	17.341971E+0	430.563723E-3	426.772867E-3
39.200000E+0	1.000000E+0	29.011239E+0	17.375588E+0	431.596075E-3	427.807604E-3
39.300000E+0	1.000000E+0	29.015718E+0	17.410517E+0	432.672535E-3	429.185663E-3
39.400000E+0	1.000000E+0	29.016639E+0	17.452568E+0	434.073841E-3	430.135165E-3
39.500000E+0	1.000000E+0	29.021091E+0	17.483205E+0	434.750949E-3	431.041752E-3
39.600000E+0	1.000000E+0	29.022862E+0	17.526746E+0	435.847079E-3	432.382857E-3
39.700000E+0	1.000000E+0	29.027064E+0	17.583966E+0	437.464153E-3	433.195864E-3
39.800000E+0	1.000000E+0	29.029907E+0	17.632186E+0	438.112056E-3	434.468423E-3
39.900000E+0	1.000000E+0	29.033877E+0	17.669737E+0	439.600980E-3	435.506736E-3
40.000000E+0	1.000000E+0	29.036291E+0	17.716169E+0	439.974105E-3	436.545645E-3
40.100000E+0	1.000000E+0	29.036890E+0	17.751455E+0	441.471374E-3	437.649523E-3
40.200000E+0	1.000000E+0	29.042987E+0	17.790675E+0	442.608630E-3	438.596641E-3
40.300000E+0	1.000000E+0	29.044024E+0	17.833263E+0	443.409121E-3	439.645683E-3
40.400000E+0	1.000000E+0	29.048128E+0	17.865300E+0	444.814598E-3	440.921819E-3
40.500000E+0	1.000000E+0	29.052107E+0	17.909765E+0	445.396340E-3	441.539323E-3
40.600000E+0	1.000000E+0	29.053296E+0	17.955005E+0	446.271932E-3	442.612207E-3
40.700000E+0	1.000000E+0	29.056872E+0	17.995864E+0	447.177923E-3	443.531310E-3
40.800000E+0	1.000000E+0	29.060100E+0	18.036366E+0	448.554194E-3	444.454586E-3
40.900000E+0	1.000000E+0	29.062219E+0	18.079162E+0	449.343360E-3	445.613301E-3
41.000000E+0	1.000000E+0	29.068710E+0	18.117040E+0	450.649894E-3	446.776783E-3
41.100000E+0	1.000000E+0	29.069532E+0	18.153459E+0	451.386607E-3	447.757876E-3
41.200000E+0	1.000000E+0	29.070042E+0	18.207788E+0	452.528632E-3	448.624528E-3
41.300000E+0	1.000000E+0	29.074664E+0	18.228680E+0	453.873313E-3	450.327432E-3
41.400000E+0	1.000000E+0	29.079635E+0	18.278152E+0	454.951561E-3	451.227463E-3
41.500000E+0	1.000000E+0	29.081253E+0	18.314660E+0	455.983318E-3	451.965368E-3
41.600000E+0	1.000000E+0	29.085608E+0	18.366754E+0	457.041896E-3	453.216470E-3
41.700000E+0	1.000000E+0	29.087718E+0	18.406242E+0	458.106435E-3	454.235113E-3
41.800000E+0	1.000000E+0	29.092420E+0	18.445849E+0	458.937920E-3	455.163158E-3
41.900000E+0	1.000000E+0	29.092197E+0	18.482298E+0	459.907688E-3	456.117428E-3
42.000000E+0	1.000000E+0	29.096274E+0	18.527508E+0	461.095012E-3	457.169450E-3
42.100000E+0	1.000000E+0	29.099662E+0	18.558115E+0	462.551750E-3	458.775199E-3
42.200000E+0	1.000000E+0	29.102380E+0	18.611461E+0	463.491715E-3	459.826625E-3
42.300000E+0	1.000000E+0	29.106269E+0	18.656075E+0	464.918651E-3	460.817255E-3
42.400000E+0	1.000000E+0	29.108022E+0	18.690586E+0	465.484299E-3	461.361445E-3
42.500000E+0	1.000000E+0	29.111348E+0	18.737197E+0	466.644205E-3	462.565459E-3
42.600000E+0	1.000000E+0	29.116024E+0	18.753290E+0	467.869677E-3	463.600196E-3
42.700000E+0	1.000000E+0	29.115908E+0	18.804550E+0	468.387045E-3	464.602746E-3
42.800000E+0	1.000000E+0	29.121218E+0	18.861800E+0	469.702520E-3	465.434231E-3
42.900000E+0	1.000000E+0	29.123740E+0	18.911302E+0	471.214690E-3	466.771759E-3
43.000000E+0	1.000000E+0	29.125724E+0	18.915892E+0	472.092070E-3	467.989482E-3
43.100000E+0	1.000000E+0	29.128952E+0	18.997729E+0	472.989120E-3	468.834080E-3
43.200000E+0	1.000000E+0	29.132868E+0	19.015878E+0	474.433341E-3	470.249690E-3
43.300000E+0	1.000000E+0	29.135613E+0	19.078612E+0	475.232043E-3	471.205153E-3
43.400000E+0	1.000000E+0	29.137580E+0	19.118100E+0	476.350822E-3	471.881666E-3
43.500000E+0	1.000000E+0	29.138644E+0	19.142807E+0	477.097669E-3	473.099389E-3
43.600000E+0	1.000000E+0	29.144464E+0	19.176960E+0	478.336253E-3	474.452414E-3
43.700000E+0	1.000000E+0	29.149015E+0	19.232661E+0	479.524770E-3	475.162306E-3
43.800000E+0	1.000000E+0	29.151858E+0	19.280940E+0	480.684080E-3	476.592817E-3
43.900000E+0	1.000000E+0	29.151635E+0	19.317180E+0	481.418410E-3	477.164426E-3
44.000000E+0	1.000000E+0	29.157410E+0	19.349009E+0	482.764283E-3	478.499570E-3
44.100000E+0	1.000000E+0	29.159279E+0	19.404799E+0	483.737031E-3	479.167142E-3
44.200000E+0	1.000000E+0	29.161818E+0	19.440085E+0	484.516063E-3	480.498114E-3
44.300000E+0	1.000000E+0	29.166521E+0	19.476920E+0	485.697428E-3	481.600800E-3
44.400000E+0	1.000000E+0	29.168139E+0	19.515723E+0	486.624280E-3	482.673684E-3
44.500000E+0	1.000000E+0	29.171948E+0	19.567788E+0	487.859884E-3	483.687559E-3
44.600000E+0	1.000000E+0	29.174433E+0	19.589722E+0	488.929192E-3	484.283605E-3
44.700000E+0	1.000000E+0	29.176061E+0	19.636750E+0	489.767829E-3	485.632458E-3
44.800000E+0	1.000000E+0	29.179860E+0	19.668013E+0	491.177479E-3	486.941377E-3
44.900000E+0	1.000000E+0	29.182864E+0	19.716293E+0	491.897503E-3	487.971345E-3
45.000000E+0	1.000000E+0	29.188667E+0	19.777715E+0	493.928830E-3	489.241520E-3
45.100000E+0	1.000000E+0	29.189489E+0	19.816369E+0	494.309107E-3	490.311423E-3
45.200000E+0	1.000000E+0	29.191680E+0	19.855499E+0	495.848099E-3	491.215626E-3
45.300000E+0	1.000000E+0	29.196973E+0	19.888937E+0	496.484677E-3	492.334405E-3
45.400000E+0	1.000000E+0	29.199512E+0	19.926608E+0	497.462789E-3	493.200461E-3
45.500000E+0	1.000000E+0	29.199467E+0	19.964069E+0	498.396198E-3	494.192282E-3
45.600000E+0	1.000000E+0	29.202632E+0	19.998014E+0	499.677698E-3	495.532195E-3
45.700000E+0	1.000000E+0	29.207246E+0	20.049065E+0	500.609915E-3	496.476928E-3
45.800000E+0	1.000000E+0	29.209499E+0	20.105034E+0	501.884858E-3	497.930090E-3
45.900000E+0	1.000000E+0	29.214103E+0	20.158917E+0	502.653162E-3	498.687069E-3
46.000000E+0	1.000000E+0	29.216052E+0	20.174950E+0	503.875057E-3	499.593059E-3
46.100000E+0	1.000000E+0	29.220657E+0	20.224750E+0	505.183976E-3	500.754158E-3
46.200000E+0	1.000000E+0	29.224251E+0	20.269305E+0	505.855124E-3	501.598160E-3
46.300000E+0	1.000000E+0	29.224939E+0	20.306259E+0	507.394712E-3	502.674024E-3
46.400000E+0	1.000000E+0	29.227917E+0	20.340681E+0	508.096259E-3	503.560345E-3
46.500000E+0	1.000000E+0	29.233111E+0	20.379007E+0	508.999269E-3	504.578988E-3
46.600000E+0	1.000000E+0	29.237894E+0	20.401269E+0	509.797972E-3	505.703728E-3
46.700000E+0	1.000000E+0	29.240711E+0	20.447820E+0	510.659855E-3	506.485741E-3
46.800000E+0	1.000000E+0	29.240621E+0	20.496458E+0	511.915129E-3	507.326167E-3
46.900000E+0	1.000000E+0	29.243983E+0	20.510644E+0	512.781184E-3	508.590381E-3
47.000000E+0	1.000000E+0	29.246173E+0	20.582914E+0	514.042419E-3	509.827774E-3
47.100000E+0	1.000000E+0	29.246773E+0	20.599395E+0	515.105169E-3	510.724228E-3
47.200000E+0	1.000000E+0	29.248596E+0	20.632625E+0	515.683335E-3	511.515181E-3
47.300000E+0	1.000000E+0	29.259611E+0	20.656914E+0	516.685885E-3	512.507599E-3
47.400000E+0	1.000000E+0	29.260604E+0	20.722330E+0	517.806452E-3	513.582271E-3
47.500000E+0	1.000000E+0	29.260675E+0	20.766199E+0	518.710059E-3	514.677208E-3
47.600000E+0	1.000000E+0	29.264207E+0	20.790905E+0	519.779366E-3	515.381139E-3
47.700000E+0	1.000000E+0	29.268060E+0	20.864487E+0	521.087688E-3	516.327661E-3
47.800000E+0	1.000000E+0	29.269267E+0	20.883024E+0	522.511047E-3	517.987054E-3
47.900000E+0	1.000000E+0	29.271359E+0	20.939797E+0	522.949737E-3	518.685025E-3
48.000000E+0	1.000000E+0	29.276223E+0	20.962179E+0	524.002356E-3	519.798440E-3
48.100000E+0	1.000000E+0	29.279683E+0	21.002203E+0	525.347632E-3	520.890397E-3
48.200000E+0	1.000000E+0	29.283796E+0	21.024466E+0	526.197595E-3	521.924537E-3
48.300000E+0	1.000000E+0	29.284708E+0	21.079659E+0	526.829404E-3	522.738737E-3
48.400000E+0	1.000000E+0	29.288141E+0	21.143675E+0	528.373761E-3	524.045867E-3
48.500000E+0	1.000000E+0	29.290037E+0	21.169037E+0	530.043883E-3	525.071067E-3
48.600000E+0	1.000000E+0	29.294239E+0	21.204203E+0	530.776424E-3	526.596350E-3
48.700000E+0	1.000000E+0	29.297869E+0	21.255136E+0	531.931562E-3	527.492804E-3
48.800000E+0	1.000000E+0	29.299540E+0	21.291405E+0	532.447738E-3	528.208060E-3
48.900000E+0	1.000000E+0	29.301239E+0	21.340311E+0	533.981366E-3	529.122395E-3
49.000000E+0	1.000000E+0	29.305647E+0	21.374673E+0	534.799142E-3	530.673904E-3
49.100000E+0	1.000000E+0	29.304190E+0	21.433860E+0	536.392970E-3	531.687779E-3
49.200000E+0	1.000000E+0	29.314042E+0	21.463305E+0	537.309690E-3	533.022923E-3
49.300000E+0	1.000000E+0	29.314221E+0	21.512896E+0	538.683577E-3	533.803148E-3
49.400000E+0	1.000000E+0	29.322500E+0	21.542132E+0	539.338632E-3	535.050673E-3
49.500000E+0	1.000000E+0	29.321311E+0	21.595120E+0	540.118857E-3	535.833878E-3
49.600000E+0	1.000000E+0	29.322384E+0	21.625549E+0	540.959878E-3	536.943121E-3
49.700000E+0	1.000000E+0	29.326050E+0	21.672100E+0	542.231842E-3	538.120313E-3
49.800000E+0	1.000000E+0	29.330904E+0	21.724910E+0	543.544932E-3	538.815303E-3
49.900000E+0	1.000000E+0	29.336492E+0	21.753311E+0	544.959350E-3	539.925142E-3
50.000000E+0	1.000000E+0	29.333748E+0	21.813035E+0	545.847460E-3	541.497512E-3
50.100000E+0	1.000000E+0	29.340060E+0	21.824718E+0	546.516820E-3	542.274757E-3
50.200000E+0	1.000000E+0	29.346461E+0	21.872550E+0	548.082038E-3	543.135448E-3
50.300000E+0	1.000000E+0	29.345576E+0	21.887511E+0	548.887297E-3	544.132038E-3
50.400000E+0	1.000000E+0	29.347659E+0	21.958083E+0	549.921437E-3	545.558973E-3
50.500000E+0	1.000000E+0	29.351298E+0	22.020549E+0	550.810143E-3	546.436950E-3
50.600000E+0	2.000000E+0	29.357825E+0	22.021770E+0	551.917001E-3	547.409101E-3
50.700000E+0	2.000000E+0	29.353784E+0	22.042036E+0	552.198931E-3	547.694012E-3
50.800000E+0	2.000000E+0	29.352434E+0	22.032768E+0	551.508709E-3	547.559305E-3
50.900000E+0	2.000000E+0	29.326854E+0	21.501690E+0	539.175911E-3	534.371776E-3
51.000000E+0	2.000000E+0	29.296036E+0	21.050781E+0	528.289122E-3	523.917717E-3
51.100000E+0	2.000000E+0	29.266764E+0	20.612806E+0	517.800492E-3	513.764065E-3
51.200000E+0	2.000000E+0	29.241730E+0	20.186901E+0	506.533425E-3	502.511899E-3
51.300000E+0	2.000000E+0	29.211895E+0	19.722372E+0	496.040622E-3	492.113272E-3
51.400000E+0	2.000000E+0	29.183660E+0	19.278437E+0	485.587755E-3	481.777230E-3
51.500000E+0	2.000000E+0	29.156981E+0	18.863410E+0	475.126543E-3	471.093096E-3
51.600000E+0	2.000000E+0	29.126046E+0	18.421888E+0	463.811792E-3	460.510887E-3
51.700000E+0	2.000000E+0	29.100512E+0	17.977744E+0	453.699863E-3	449.938214E-3
51.800000E+0	2.000000E+0	29.073350E+0	17.542303E+0	442.287957E-3	438.908970E-3
51.900000E+0	2.000000E+0	29.043667E+0	17.075002E+0	432.090794E-3	428.478752E-3
52.000000E+0	2.000000E+0	29.019366E+0	16.637444E+0	420.842204E-3	417.701635E-3
52.100000E+0	2.000000E+0	28.991346E+0	16.214699E+0	410.802993E-3	407.099160E-3
52.200000E+0	2.000000E+0	28.960035E+0	15.798420E+0	399.609240E-3	396.423372E-3
52.300000E+0	2.000000E+0	28.933079E+0	15.341640E+0	388.525159E-3	385.792882E-3
52.400000E+0	2.000000E+0	28.902994E+0	14.908642E+0	377.823145E-3	375.090867E-3
52.500000E+0	2.000000E+0	28.875734E+0	14.468163E+0	367.261797E-3	364.823967E-3
52.600000E+0	2.000000E+0	28.845863E+0	14.037371E+0	355.791478E-3	353.606372E-3
52.700000E+0	2.000000E+0	28.819246E+0	13.599068E+0	345.478085E-3	343.275098E-3
52.800000E+0	2.000000E+0	28.787864E+0	13.162166E+0	334.959057E-3	332.616594E-3
52.900000E+0	2.000000E+0	28.763751E+0	12.698650E+0	323.770668E-3	321.686294E-3
53.000000E+0	2.000000E+0	28.731171E+0	12.264282E+0	312.761093E-3	310.859705E-3
53.100000E+0	2.000000E+0	28.702454E+0	11.825264E+0	302.325511E-3	300.468826E-3
53.200000E+0	2.000000E+0	28.674157E+0	11.396766E+0	291.506671E-3	289.500379E-3
53.300000E+0	2.000000E+0	28.645484E+0	10.945588E+0	280.599617E-3	279.136918E-3
53.400000E+0	2.000000E+0	28.616167E+0	10.517359E+0	269.426129E-3	268.276355E-3
53.500000E+0	2.000000E+0	28.590007E+0	10.081291E+0	259.204528E-3	257.537386E-3
53.600000E+0	2.000000E+0	28.559170E+0	9.632319E+0	247.948786E-3	246.880074E-3
53.700000E+0	2.000000E+0	28.528638E+0	9.206206E+0	237.268228E-3	236.203093E-3
53.800000E+0	2.000000E+0	28.502307E+0	8.763194E+0	226.636547E-3	225.526112E-3
53.900000E+0	2.000000E+0	28.474305E+0	8.318424E+0	215.687769E-3	214.599984E-3
54.000000E+0	2.000000E+0	28.440384E+0	7.886916E+0	204.889195E-3	204.041021E-3
54.100000E+0	2.000000E+0	28.415100E+0	7.467866E+0	193.983332E-3	193.263904E-3
54.200000E+0	2.000000E+0	28.385202E+0	7.029623E+0	182.921901E-3	182.763949E-3
54.300000E+0	2.000000E+0	28.357638E+0	6.583363E+0	172.520294E-3	172.120346E-3
54.400000E+0	2.000000E+0	28.328500E+0	6.156266E+0	161.665095E-3	161.597742E-3
54.500000E+0	2.000000E+0	28.297056E+0	5.714059E+0	150.483859E-3	151.153219E-3
54.600000E+0	2.000000E+0	28.268633E+0	5.274236E+0	139.474284E-3	140.356433E-3
54.700000E+0	2.000000E+0	28.238995E+0	4.838318E+0	128.518353E-3	129.448782E-3
54.800000E+0	2.000000E+0	28.212450E+0	4.400998E+0	117.943892E-3	118.722925E-3
54.900000E+0	2.000000E+0	28.182257E+0	3.956825E+0	107.455262E-3	107.867130E-3
55.000000E+0	2.000000E+0	28.153343E+0	3.513157E+0	96.040972E-3	97.188957E-3
55.100000E+0	2.000000E+0	28.124268E+0	3.104717E+0	85.762150E-3	87.066300E-3
55.200000E+0	2.000000E+0	28.093530E+0	2.658099E+0	74.591047E-3	76.230770E-3
55.300000E+0	2.000000E+0	28.065376E+0	2.218068E+0	64.109569E-3	65.396433E-3
55.400000E+0	2.000000E+0	28.034807E+0	1.804858E+0	53.189997E-3	54.729585E-3
55.500000E+0	2.000000E+0	28.007243E+0	1.362354E+0	42.186383E-3	43.880943E-3
55.600000E+0	2.000000E+0	27.980028E+0	904.053450E-3	31.616094E-3	33.232572E-3
55.700000E+0	2.000000E+0	27.950631E+0	478.893518E-3	20.326974E-3	22.327306E-3
55.800000E+0	2.000000E+0	27.919624E+0	48.249960E-3	9.778739E-3	11.291505E-3
55.900000E+0	2.000000E+0	27.912821E+0	-34.138560E-3	7.356406E-3	9.388328E-3
56.000000E+0	2.000000E+0	27.912874E+0	-25.108457E-3	7.547141E-3	9.217859E-3
56.100000E+0	2.000000E+0	27.909468E+0	-37.327409E-3	7.470251E-3	9.282232E-3
56.200000E+0	2.000000E+0	27.912213E+0	-29.444695E-3	7.693768E-3	9.123088E-3
56.300000E+0	2.000000E+0	27.910138E+0	-15.825033E-3	7.436872E-3	9.216071E-3
56.400000E+0	2.000000E+0	27.909459E+0	-31.262636E-3	7.390380E-3	8.946658E-3
56.500000E+0	2.000000E+0	27.908502E+0	-8.612871E-3	7.367135E-3	9.077788E-3
56.600000E+0	2.000000E+0	27.910317E+0	-18.954277E-3	6.843806E-3	8.777977E-3
56.700000E+0	2.000000E+0	27.911855E+0	-19.580126E-3	7.647277E-3	8.730293E-3
56.800000E+0	2.000000E+0	27.909369E+0	-9.372830E-3	7.176400E-3	8.817912E-3
56.900000E+0	2.000000E+0	27.907242E+0	-22.053719E-3	7.146001E-3	8.825064E-3
57.000000E+0	2.000000E+0	27.911050E+0	-22.754073E-3	6.929637E-3	8.575321E-3
57.100000E+0	2.000000E+0	27.909557E+0	-17.985702E-3	7.182956E-3	9.137989E-3
57.200000E+0	2.000000E+0	27.908708E+0	-16.510487E-3	7.195473E-3	8.633137E-3
57.300000E+0	2.000000E+0	27.909110E+0	-15.228987E-3	7.168055E-3	8.578897E-3
57.400000E+0	2.000000E+0	27.910040E+0	178.813934E-6	6.912351E-3	8.507372E-3
57.500000E+0	2.000000E+0	27.907447E+0	-25.510788E-3	7.064343E-3	8.041859E-3
57.600000E+0	2.000000E+0	27.908180E+0	-15.988946E-3	6.596447E-3	8.801819E-3
57.700000E+0	2.000000E+0	27.905292E+0	-6.556511E-3	6.928444E-3	8.562804E-3
57.800000E+0	2.000000E+0	27.907447E+0	-24.884939E-3	7.117391E-3	8.658171E-3
57.900000E+0	2.000000E+0	27.906383E+0	-17.955899E-3	6.706715E-3	8.201600E-3
58.000000E+0	2.000000E+0	27.905570E+0	-5.036592E-3	6.847978E-3	8.956195E-3
58.100000E+0	2.000000E+0	27.906473E+0	-15.407801E-3	6.954074E-3	8.597375E-3
58.200000E+0	2.000000E+0	27.906374E+0	-10.624528E-3	6.793738E-3	8.219481E-3
58.300000E+0	2.000000E+0	27.904595E+0	-9.641051E-3	7.085205E-3	8.656383E-3
58.400000E+0	2.000000E+0	27.904684E+0	-4.932284E-3	7.175208E-3	8.664728E-3
58.500000E+0	2.000000E+0	27.907286E+0	119.209290E-6	6.679297E-3	8.496643E-3
58.600000E+0	2.000000E+0	27.906035E+0	2.354383E-3	6.691218E-3	8.629561E-3
58.700000E+0	2.000000E+0	27.906723E+0	1.341105E-3	6.487966E-3	8.424521E-3
58.800000E+0	2.000000E+0	27.906884E+0	6.377697E-3	6.710887E-3	8.201600E-3
58.900000E+0	2.000000E+0	27.906651E+0	-4.231930E-3	6.874204E-3	8.288623E-3
59.000000E+0	2.000000E+0	27.903916E+0	-11.056662E-3	6.546379E-3	8.410812E-3
59.100000E+0	2.000000E+0	27.905793E+0	-1.117587E-3	6.973148E-3	8.534194E-3
59.200000E+0	2.000000E+0	27.905891E+0	-7.733703E-3	6.300211E-3	8.278490E-3
59.300000E+0	2.000000E+0	27.907018E+0	-1.132488E-3	6.608964E-3	8.390547E-3
59.400000E+0	2.000000E+0	27.906169E+0	-5.707145E-3	7.011891E-3	8.386970E-3
59.500000E+0	2.000000E+0	27.905087E+0	-13.366342E-3	6.645322E-3	8.285642E-3
59.600000E+0	2.000000E+0	27.905087E+0	-476.837158E-6	6.351471E-3	8.360744E-3
59.700000E+0	2.000000E+0	27.906392E+0	-3.874302E-3	6.026626E-3	8.084179E-3
59.800000E+0	2.000000E+0	27.905462E+0	4.619360E-3	6.513596E-3	8.342863E-3
59.900000E+0	2.000000E+0	27.905838E+0	-15.974045E-3	6.449819E-3	8.089543E-3
60.000000E+0	2.000000E+0	27.904819E+0	20.891428E-3	6.427169E-3	8.254648E-3
60.100000E+0	2.000000E+0	27.905963E+0	9.179115E-3	6.312728E-3	7.892848E-3
60.200000E+0	2.000000E+0	27.905257E+0	11.116266E-3	6.554127E-3	7.916094E-3
60.300000E+0	2.000000E+0	27.905185E+0	-31.247735E-3	6.667376E-3	8.330346E-3
60.400000E+0	3.000000E+0	27.904139E+0	15.586615E-3	6.387830E-3	8.266569E-3
60.500000E+0	3.000000E+0	27.903540E+0	5.543232E-3	6.645918E-3	8.289815E-3
60.600000E+0	3.000000E+0	27.907393E+0	2.473593E-3	6.474257E-3	8.348227E-3
60.700000E+0	3.000000E+0	27.902887E+0	-1.356006E-3	6.703735E-3	8.209348E-3
60.800000E+0	3.000000E+0	27.902029E+0	4.649162E-3	6.268621E-3	8.174182E-3
60.900000E+0	3.000000E+0	27.905543E+0	22.828579E-3	7.194281E-3	8.714796E-3
61.000000E+0	3.000000E+0	27.911032E+0	52.571297E-3	8.078218E-3	9.822250E-3
61.100000E+0	3.000000E+0	27.910854E+0	138.163567E-3	9.576679E-3	10.936261E-3
61.200000E+0	3.000000E+0	27.913831E+0	193.685293E-3	10.596515E-3	12.300612E-3
61.300000E+0	3.000000E+0	27.920635E+0	221.252441E-3	11.796952E-3	13.361574E-3
61.400000E+0	3.000000E+0	27.923075E+0	307.440758E-3	13.360978E-3	15.015007E-3
61.500000E+0	3.000000E+0	27.927859E+0	337.392092E-3	14.037491E-3	16.059281E-3
61.600000E+0	3.000000E+0	27.924229E+0	398.218632E-3	15.537740E-3	16.852023E-3
61.700000E+0	3.000000E+0	27.925445E+0	445.634127E-3	16.390683E-3	18.160345E-3
61.800000E+0	3.000000E+0	27.932714E+0	483.542681E-3	18.190743E-3	19.841792E-3
61.900000E+0	3.000000E+0	27.936451E+0	537.842512E-3	19.019844E-3	20.568969E-3
62.000000E+0	3.000000E+0	27.936388E+0	578.790903E-3	20.089747E-3	22.028090E-3
62.100000E+0	3.000000E+0	27.942790E+0	642.985106E-3	21.095874E-3	23.020508E-3
62.200000E+0	3.000000E+0	27.946071E+0	685.781240E-3	22.839906E-3	24.348499E-3
62.300000E+0	3.000000E+0	27.944989E+0	723.600388E-3	23.760201E-3	25.364163E-3
62.400000E+0	3.000000E+0	27.953063E+0	783.503056E-3	24.492147E-3	26.257636E-3
62.500000E+0	3.000000E+0	27.955092E+0	828.653574E-3	26.236775E-3	27.846696E-3
62.600000E+0	3.000000E+0	27.960296E+0	873.982906E-3	27.657749E-3	29.047730E-3
62.700000E+0	3.000000E+0	27.959759E+0	929.713249E-3	28.500559E-3	30.275586E-3
62.800000E+0	3.000000E+0	27.962951E+0	1.004249E+0	29.603245E-3	31.443837E-3
62.900000E+0	3.000000E+0	27.967493E+0	1.048416E+0	31.229856E-3	32.734874E-3
63.000000E+0	3.000000E+0	27.972312E+0	1.077265E+0	31.846764E-3	33.545497E-3
63.100000E+0	3.000000E+0	27.973930E+0	1.125932E+0	33.393505E-3	34.799579E-3
63.200000E+0	3.000000E+0	27.977739E+0	1.174718E+0	34.250024E-3	35.768154E-3
63.300000E+0	3.000000E+0	27.976103E+0	1.204342E+0	35.322907E-3	36.922696E-3
63.400000E+0	3.000000E+0	27.984561E+0	1.277506E+0	37.009719E-3	38.117769E-3
63.500000E+0	3.000000E+0	27.984641E+0	1.321912E+0	38.263801E-3	39.662722E-3
63.600000E+0	3.000000E+0	27.991794E+0	1.367599E+0	39.297941E-3	40.994886E-3
63.700000E+0	3.000000E+0	27.989916E+0	1.415581E+0	40.452484E-3	41.824583E-3
63.800000E+0	3.000000E+0	27.998347E+0	1.458406E+0	41.834119E-3	42.987469E-3
63.900000E+0	3.000000E+0	27.994986E+0	1.520663E+0	42.944554E-3	44.590238E-3
64.000000E+0	3.000000E+0	28.000126E+0	1.572728E+0	43.897632E-3	45.272712E-3
64.100000E+0	3.000000E+0	28.002075E+0	1.631111E+0	45.057539E-3	46.475533E-3
64.200000E+0	3.000000E+0	28.006439E+0	1.674116E+0	46.289567E-3	47.664050E-3
64.300000E+0	3.000000E+0	28.009747E+0	1.716435E+0	47.329668E-3	48.688058E-3
64.400000E+0	3.000000E+0	28.011177E+0	1.758963E+0	48.375134E-3	49.892668E-3
64.500000E+0	3.000000E+0	28.015147E+0	1.810521E+0	49.298410E-3	50.754551E-3
64.600000E+0	3.000000E+0	28.018204E+0	1.844674E+0	50.541763E-3	51.843528E-3
64.700000E+0	3.000000E+0	28.019376E+0	1.905769E+0	51.832203E-3	53.024892E-3
64.800000E+0	3.000000E+0	28.023184E+0	1.941770E+0	53.044562E-3	54.488186E-3
64.900000E+0	3.000000E+0	28.027226E+0	2.004832E+0	54.090623E-3	55.593853E-3
65.000000E+0	3.000000E+0	28.030543E+0	2.053827E+0	55.649881E-3	56.605344E-3
65.100000E+0	3.000000E+0	28.034378E+0	2.105862E+0	56.918268E-3	57.832603E-3
65.200000E+0	3.000000E+0	28.037954E+0	2.153784E+0	57.389741E-3	58.774953E-3
65.300000E+0	3.000000E+0	28.039072E+0	2.192229E+0	58.478718E-3	60.100560E-3
65.400000E+0	3.000000E+0	28.040941E+0	2.246886E+0	59.892540E-3	61.287289E-3
65.500000E+0	3.000000E+0	28.047217E+0	2.298295E+0	61.227088E-3	62.417393E-3
65.600000E+0	3.000000E+0	28.049899E+0	2.345800E+0	62.619453E-3	63.705449E-3
65.700000E+0	3.000000E+0	28.050436E+0	2.389759E+0	63.862806E-3	64.989930E-3
65.800000E+0	3.000000E+0	28.055952E+0	2.446294E+0	65.033441E-3	65.894728E-3
65.900000E+0	3.000000E+0	28.055523E+0	2.477974E+0	66.074734E-3	67.256694E-3
66.000000E+0	3.000000E+0	28.061647E+0	2.518415E+0	66.934233E-3	68.201428E-3
66.100000E+0	3.000000E+0	28.063114E+0	2.575755E+0	68.311101E-3	69.543725E-3
66.200000E+0	3.000000E+0	28.064660E+0	2.636373E+0	69.358950E-3	70.856219E-3
66.300000E+0	3.000000E+0	28.069095E+0	2.669901E+0	70.554024E-3	71.828371E-3
66.400000E+0	3.000000E+0	28.074334E+0	2.730936E+0	71.954137E-3	73.027617E-3
66.500000E+0	3.000000E+0	28.078438E+0	2.779901E+0	72.733766E-3	74.014074E-3
66.600000E+0	3.000000E+0	28.079421E+0	2.820820E+0	73.792940E-3	75.264579E-3
66.700000E+0	3.000000E+0	28.082685E+0	2.868354E+0	74.877149E-3	76.364881E-3
66.800000E+0	3.000000E+0	28.088818E+0	2.906144E+0	75.951225E-3	77.328688E-3
66.900000E+0	3.000000E+0	28.086976E+0	2.970397E+0	77.263123E-3	78.530318E-3
67.000000E+0	3.000000E+0	28.089283E+0	3.012329E+0	78.279382E-3	79.696781E-3
67.100000E+0	3.000000E+0	28.093396E+0	3.070742E+0	79.728967E-3	81.027157E-3
67.200000E+0	3.000000E+0	28.093575E+0	3.109425E+0	80.567009E-3	81.653602E-3
67.300000E+0	3.000000E+0	28.098894E+0	3.137320E+0	81.939704E-3	83.168752E-3
67.400000E+0	3.000000E+0	28.104026E+0	3.201246E+0	83.163387E-3	84.242231E-3
67.500000E+0	3.000000E+0	28.103892E+0	3.251046E+0	84.006793E-3	85.324056E-3
67.600000E+0	3.000000E+0	28.109748E+0	3.279865E+0	85.120804E-3	86.061961E-3
67.700000E+0	3.000000E+0	28.111152E+0	3.320962E+0	86.458332E-3	87.736256E-3
67.800000E+0	3.000000E+0	28.113879E+0	3.382385E+0	87.542541E-3	88.469989E-3
67.900000E+0	3.000000E+0	28.116275E+0	3.419459E+0	88.810928E-3	89.584596E-3
68.000000E+0	3.000000E+0	28.120459E+0	3.465414E+0	89.589961E-3	90.492971E-3
68.100000E+0	3.000000E+0	28.125073E+0	3.526241E+0	90.816028E-3	92.197068E-3
68.200000E+0	3.000000E+0	28.124831E+0	3.571421E+0	92.313893E-3	93.087561E-3
68.300000E+0	3.000000E+0	28.130124E+0	3.602862E+0	93.495257E-3	94.296940E-3
68.400000E+0	3.000000E+0	28.132851E+0	3.656596E+0	94.308265E-3	95.189817E-3
68.500000E+0	3.000000E+0	28.137742E+0	3.717303E+0	95.814474E-3	96.436747E-3
68.600000E+0	3.000000E+0	28.137375E+0	3.742814E+0	96.942194E-3	97.200878E-3
68.700000E+0	3.000000E+0	28.142561E+0	3.800839E+0	98.037728E-3	98.841794E-3
68.800000E+0	3.000000E+0	28.145493E+0	3.849328E+0	99.027761E-3	100.113758E-3
68.900000E+0	3.000000E+0	28.146727E+0	3.896356E+0	100.138195E-3	100.910672E-3
69.000000E+0	3.000000E+0	28.152905E+0	3.928006E+0	101.578244E-3	102.292307E-3
69.100000E+0	3.000000E+0	28.154398E+0	3.986120E+0	102.447280E-3	103.376516E-3
69.200000E+0	3.000000E+0	28.156633E+0	4.042685E+0	103.815206E-3	104.756364E-3
69.300000E+0	3.000000E+0	28.158305E+0	4.107744E+0	105.333933E-3	106.037864E-3
69.400000E+0	3.000000E+0	28.162811E+0	4.137933E+0	106.186875E-3	107.128629E-3
69.500000E+0	3.000000E+0	28.163553E+0	4.206568E+0	107.178697E-3	107.958921E-3
69.600000E+0	3.000000E+0	28.170044E+0	4.231036E+0	108.585962E-3	109.179029E-3
69.700000E+0	3.000000E+0	28.171672E+0	4.280955E+0	109.811434E-3	110.381254E-3
69.800000E+0	3.000000E+0	28.173978E+0	4.331768E+0	110.505828E-3	111.438045E-3
69.900000E+0	3.000000E+0	28.179209E+0	4.379183E+0	111.985812E-3	112.493047E-3
70.000000E+0	3.000000E+0	28.180460E+0	4.406720E+0	112.724909E-3	113.537321E-3
70.100000E+0	3.000000E+0	28.183795E+0	4.455924E+0	114.359865E-3	114.879021E-3
70.200000E+0	3.000000E+0	28.184913E+0	4.528672E+0	115.169296E-3	115.782032E-3
70.300000E+0	3.000000E+0	28.191618E+0	4.560769E+0	116.298804E-3	117.166648E-3
70.400000E+0	3.000000E+0	28.192235E+0	4.614055E+0	117.352614E-3	117.858658E-3
70.500000E+0	3.000000E+0	28.195275E+0	4.650474E+0	118.635306E-3	119.047770E-3
70.600000E+0	3.000000E+0	28.199271E+0	4.687101E+0	119.737992E-3	120.175490E-3
70.700000E+0	3.000000E+0	28.201900E+0	4.741073E+0	120.931873E-3	121.483216E-3
70.800000E+0	3.000000E+0	28.205861E+0	4.802138E+0	121.799121E-3	122.293244E-3
70.900000E+0	3.000000E+0	28.206835E+0	4.827768E+0	123.046050E-3	124.005685E-3
71.000000E+0	3.000000E+0	28.210206E+0	4.879862E+0	124.365697E-3	125.181685E-3
71.100000E+0	3.000000E+0	28.214962E+0	4.936606E+0	125.333081E-3	125.887404E-3
71.200000E+0	3.000000E+0	28.215579E+0	4.999369E+0	126.655708E-3	127.443681E-3
71.300000E+0	3.000000E+0	28.218744E+0	5.021721E+0	127.909194E-3	128.386031E-3
71.400000E+0	3.000000E+0	28.221695E+0	5.075842E+0	129.233013E-3	129.795681E-3
71.500000E+0	3.000000E+0	28.224770E+0	5.135536E+0	130.568157E-3	130.997907E-3
71.600000E+0	3.000000E+0	28.227703E+0	5.176276E+0	131.429444E-3	132.018934E-3
71.700000E+0	3.000000E+0	28.232003E+0	5.214244E+0	132.300268E-3	133.053671E-3
71.800000E+0	3.000000E+0	28.235276E+0	5.259514E+0	133.941184E-3	134.356033E-3
71.900000E+0	3.000000E+0	28.235839E+0	5.308121E+0	134.876977E-3	135.325800E-3
72.000000E+0	3.000000E+0	28.240068E+0	5.351812E+0	136.028539E-3	136.097084E-3
72.100000E+0	3.000000E+0	28.243626E+0	5.409211E+0	137.193214E-3	137.556802E-3
72.200000E+0	3.000000E+0	28.246639E+0	5.462885E+0	138.579022E-3	138.767373E-3
72.300000E+0	3.000000E+0	28.249545E+0	5.493701E+0	139.358651E-3	139.588129E-3
72.400000E+0	3.000000E+0	28.251548E+0	5.558670E+0	140.718233E-3	141.058575E-3
72.500000E+0	3.000000E+0	28.256814E+0	5.591303E+0	141.642105E-3	142.069470E-3
72.600000E+0	3.000000E+0	28.259791E+0	5.635172E+0	142.911088E-3	142.781150E-3
72.700000E+0	3.000000E+0	28.261526E+0	5.684525E+0	144.109737E-3	144.068014E-3
72.800000E+0	3.000000E+0	28.264217E+0	5.735427E+0	145.176661E-3	145.032417E-3
72.900000E+0	3.000000E+0	28.267614E+0	5.791456E+0	146.079075E-3	146.389019E-3
73.000000E+0	3.000000E+0	28.271816E+0	5.804956E+0	147.109043E-3	147.661579E-3
73.100000E+0	3.000000E+0	28.274275E+0	5.871624E+0	148.621213E-3	148.393524E-3
73.200000E+0	3.000000E+0	28.275634E+0	5.891174E+0	149.372232E-3	149.749529E-3
73.300000E+0	3.000000E+0	28.279827E+0	5.960137E+0	150.700224E-3	150.764001E-3
73.400000E+0	3.000000E+0	28.282384E+0	6.000727E+0	151.709926E-3	152.144444E-3
73.500000E+0	3.000000E+0	28.287480E+0	6.049782E+0	152.800095E-3	153.352034E-3
73.600000E+0	3.000000E+0	28.289063E+0	6.091028E+0	154.076231E-3	154.376638E-3
73.700000E+0	3.000000E+0	28.292317E+0	6.148100E+0	155.156863E-3	155.254615E-3
73.800000E+0	3.000000E+0	28.295464E+0	6.196558E+0	156.217230E-3	156.362069E-3
73.900000E+0	3.000000E+0	28.296314E+0	6.237060E+0	157.400382E-3	157.672179E-3
74.000000E+0	3.000000E+0	28.299479E+0	6.279230E+0	158.640755E-3	158.560289E-3
74.100000E+0	3.000000E+0	28.301410E+0	6.330401E+0	159.666551E-3	159.928215E-3
74.200000E+0	3.000000E+0	28.308563E+0	6.372511E+0	160.986794E-3	161.177529E-3
74.300000E+0	3.000000E+0	28.311200E+0	6.424934E+0	162.344588E-3	162.011994E-3
74.400000E+0	3.000000E+0	28.313140E+0	6.464720E+0	163.373960E-3	163.430585E-3
74.500000E+0	3.000000E+0	28.318138E+0	6.520480E+0	164.728178E-3	164.563073E-3
74.600000E+0	3.000000E+0	28.318442E+0	6.561548E+0	165.565027E-3	165.369524E-3
74.700000E+0	3.000000E+0	28.321795E+0	6.603688E+0	166.921629E-3	166.921033E-3
74.800000E+0	3.000000E+0	28.323708E+0	6.672591E+0	167.338862E-3	167.533769E-3
74.900000E+0	3.000000E+0	28.328000E+0	6.703824E+0	168.992891E-3	168.959512E-3
75.000000E+0	3.000000E+0	28.331236E+0	6.757587E+0	170.465125E-3	170.221938E-3
75.100000E+0	3.000000E+0	28.333096E+0	6.792098E+0	171.461119E-3	171.337737E-3
75.200000E+0	3.000000E+0	28.338630E+0	6.839722E+0	172.562017E-3	172.306909E-3
75.300000E+0	3.000000E+0	28.338416E+0	6.893396E+0	173.555626E-3	173.421516E-3
75.400000E+0	3.000000E+0	28.343619E+0	6.913900E+0	174.821629E-3	174.341216E-3
75.500000E+0	3.000000E+0	28.345291E+0	6.983697E+0	175.886168E-3	175.577416E-3
75.600000E+0	3.000000E+0	28.348536E+0	7.042646E+0	176.888718E-3	176.699772E-3
75.700000E+0	3.000000E+0	28.350977E+0	7.071406E+0	178.428307E-3	178.227439E-3
75.800000E+0	3.000000E+0	28.355457E+0	7.111371E+0	179.727688E-3	179.331317E-3
75.900000E+0	3.000000E+0	28.357531E+0	7.170707E+0	180.509105E-3	180.363073E-3
76.000000E+0	3.000000E+0	28.361536E+0	7.221669E+0	181.953326E-3	181.413903E-3
76.100000E+0	3.000000E+0	28.366641E+0	7.261008E+0	183.206215E-3	182.738915E-3
76.200000E+0	3.000000E+0	28.366963E+0	7.317573E+0	184.268370E-3	183.981076E-3
76.300000E+0	3.000000E+0	28.368644E+0	7.362425E+0	185.621992E-3	185.235754E-3
76.400000E+0	3.000000E+0	28.373275E+0	7.402509E+0	186.598912E-3	186.323538E-3
76.500000E+0	3.000000E+0	28.374330E+0	7.459402E+0	187.782064E-3	187.079325E-3
76.600000E+0	3.000000E+0	28.380768E+0	7.495433E+0	188.699976E-3	188.134924E-3
76.700000E+0	3.000000E+0	28.382851E+0	7.535249E+0	189.796701E-3	189.239398E-3
76.800000E+0	3.000000E+0	28.385014E+0	7.574886E+0	191.025749E-3	190.389768E-3
76.900000E+0	3.000000E+0	28.386588E+0	7.628888E+0	192.028299E-3	191.527620E-3
77.000000E+0	3.000000E+0	28.393052E+0	7.684946E+0	193.311588E-3	192.489639E-3
77.100000E+0	3.000000E+0	28.394554E+0	7.721156E+0	194.353477E-3	193.727628E-3
77.200000E+0	3.000000E+0	28.395994E+0	7.775784E+0	195.373908E-3	194.739715E-3
77.300000E+0	3.000000E+0	28.400786E+0	7.811576E+0	196.663157E-3	196.143404E-3
77.400000E+0	3.000000E+0	28.402556E+0	7.844955E+0	197.142378E-3	196.623222E-3
77.500000E+0	3.000000E+0	28.405515E+0	7.899970E+0	198.684351E-3	198.123471E-3
77.600000E+0	3.000000E+0	28.410934E+0	7.939398E+0	199.471132E-3	199.115292E-3
77.700000E+0	3.000000E+0	28.411452E+0	7.983029E+0	200.707332E-3	200.365798E-3
77.800000E+0	3.000000E+0	28.413285E+0	8.046955E+0	202.202217E-3	201.386229E-3
77.900000E+0	3.000000E+0	28.416969E+0	8.074760E+0	203.219668E-3	202.793495E-3
78.000000E+0	3.000000E+0	28.419812E+0	8.127034E+0	204.287784E-3	203.456895E-3
78.100000E+0	3.000000E+0	28.422503E+0	8.174509E+0	205.298679E-3	204.693691E-3
78.200000E+0	3.000000E+0	28.426580E+0	8.210838E+0	206.505077E-3	205.773132E-3
78.300000E+0	3.000000E+0	28.426759E+0	8.259445E+0	207.431929E-3	206.665413E-3
78.400000E+0	3.000000E+0	28.435315E+0	8.305699E+0	208.861845E-3	207.985656E-3
78.500000E+0	3.000000E+0	28.436370E+0	8.339435E+0	210.235136E-3	208.947079E-3
78.600000E+0	3.000000E+0	28.438516E+0	8.397162E+0	211.129205E-3	210.505741E-3
78.700000E+0	3.000000E+0	28.440831E+0	8.455247E+0	212.244408E-3	211.373584E-3
78.800000E+0	3.000000E+0	28.444595E+0	8.508444E+0	213.307755E-3	212.724822E-3
78.900000E+0	3.000000E+0	28.445060E+0	8.548290E+0	214.588659E-3	213.884132E-3
79.000000E+0	3.000000E+0	28.450791E+0	8.576035E+0	215.874332E-3	214.641707E-3
79.100000E+0	3.000000E+0	28.453330E+0	8.626163E+0	216.978806E-3	216.061490E-3
79.200000E+0	3.000000E+0	28.455601E+0	8.677244E+0	218.026655E-3	217.052119E-3
79.300000E+0	3.000000E+0	28.458498E+0	8.718908E+0	219.273585E-3	218.018907E-3
79.400000E+0	3.000000E+0	28.461484E+0	8.766830E+0	220.070499E-3	219.298619E-3
79.500000E+0	3.000000E+0	28.465686E+0	8.808434E+0	221.236366E-3	220.410841E-3
79.600000E+0	3.000000E+0	28.467126E+0	8.848876E+0	222.429055E-3	221.522468E-3
79.700000E+0	3.000000E+0	28.472946E+0	8.916676E+0	223.882812E-3	223.128813E-3
79.800000E+0	3.000000E+0	28.478382E+0	8.978188E+0	225.456375E-3	224.264878E-3
79.900000E+0	3.000000E+0	28.477560E+0	9.033173E+0	226.340908E-3	225.374717E-3
80.000000E+0	3.000000E+0	28.481198E+0	9.066224E+0	227.516908E-3	226.666945E-3
80.100000E+0	3.000000E+0	28.485347E+0	9.099543E+0	228.636283E-3	227.373857E-3
80.200000E+0	3.000000E+0	28.488744E+0	9.168327E+0	230.025071E-3	228.354949E-3
80.300000E+0	3.000000E+0	28.489826E+0	9.176344E+0	230.698008E-3	229.669232E-3
80.400000E+0	3.000000E+0	28.492240E+0	9.246856E+0	231.971759E-3	230.850596E-3
80.500000E+0	3.000000E+0	28.497444E+0	9.293467E+0	233.020801E-3	232.161302E-3
80.600000E+0	3.000000E+0	28.497775E+0	9.327114E+0	234.270115E-3	233.182330E-3
80.700000E+0	3.000000E+0	28.503586E+0	9.374619E+0	235.465784E-3	234.079976E-3
80.800000E+0	3.000000E+0	28.502209E+0	9.430110E+0	236.346145E-3	235.380549E-3
80.900000E+0	3.000000E+0	28.509648E+0	9.460270E+0	237.176437E-3	236.296673E-3
81.000000E+0	3.000000E+0	28.511695E+0	9.507656E+0	238.595028E-3	237.424989E-3
81.100000E+0	3.000000E+0	28.515549E+0	9.550780E+0	240.039845E-3	238.769074E-3
81.200000E+0	3.000000E+0	28.513975E+0	9.611517E+0	240.979214E-3	239.607115E-3
81.300000E+0	3.000000E+0	28.520073E+0	9.651363E+0	242.371579E-3	240.938087E-3
81.400000E+0	3.000000E+0	28.522800E+0	9.706199E+0	243.347903E-3	242.142697E-3
81.500000E+0	3.000000E+0	28.523658E+0	9.772778E+0	244.624038E-3	243.175049E-3
81.600000E+0	3.000000E+0	28.528370E+0	9.786755E+0	245.869775E-3	244.454761E-3
81.700000E+0	3.000000E+0	28.532527E+0	9.840786E+0	247.015973E-3	245.467444E-3
81.800000E+0	3.000000E+0	28.538070E+0	9.892285E+0	248.373171E-3	247.028490E-3
81.900000E+0	3.000000E+0	28.537123E+0	9.955615E+0	249.213000E-3	248.250385E-3
82.000000E+0	3.000000E+0	28.540609E+0	9.968013E+0	249.921699E-3	248.942991E-3
82.100000E+0	3.000000E+0	28.545804E+0	10.026544E+0	250.988027E-3	249.804874E-3
82.200000E+0	3.000000E+0	28.546707E+0	10.059237E+0	252.258202E-3	250.912925E-3
82.300000E+0	3.000000E+0	28.549014E+0	10.091126E+0	253.437778E-3	251.893421E-3
82.400000E+0	3.000000E+0	28.554208E+0	10.148495E+0	254.572054E-3	253.021737E-3
82.500000E+0	3.000000E+0	28.555075E+0	10.194451E+0	256.031176E-3	254.699012E-3
82.600000E+0	3.000000E+0	28.559948E+0	10.257870E+0	257.051608E-3	255.692026E-3
82.700000E+0	3.000000E+0	28.562908E+0	10.304958E+0	258.232376E-3	256.809613E-3
82.800000E+0	3.000000E+0	28.567414E+0	10.339409E+0	259.353539E-3	257.712623E-3
82.900000E+0	3.000000E+0	28.569515E+0	10.385901E+0	260.273239E-3	258.790275E-3
83.000000E+0	3.000000E+0	28.572376E+0	10.425717E+0	261.213800E-3	259.794018E-3
83.100000E+0	3.000000E+0	28.573806E+0	10.465264E+0	262.562058E-3	260.822198E-3
83.200000E+0	3.000000E+0	28.576623E+0	10.503381E+0	263.726136E-3	262.426755E-3
83.300000E+0	3.000000E+0	28.577785E+0	10.559112E+0	264.977834E-3	263.249895E-3
83.400000E+0	3.000000E+0	28.581352E+0	10.616302E+0	265.821240E-3	264.384768E-3
83.500000E+0	3.000000E+0	28.584750E+0	10.656953E+0	266.914985E-3	265.149495E-3
83.600000E+0	3.000000E+0	28.588719E+0	10.690331E+0	267.837665E-3	266.487620E-3
83.700000E+0	3.000000E+0	28.593932E+0	10.747075E+0	269.073269E-3	267.658851E-3
83.800000E+0	3.000000E+0	28.594888E+0	10.786533E+0	270.033500E-3	268.586895E-3
83.900000E+0	3.000000E+0	28.600655E+0	10.816127E+0	271.368644E-3	269.939921E-3
84.000000E+0	3.000000E+0	28.601585E+0	10.861546E+0	272.616170E-3	270.668290E-3
84.100000E+0	3.000000E+0	28.603239E+0	10.919392E+0	273.662231E-3	271.860979E-3
84.200000E+0	3.000000E+0	28.605197E+0	10.963351E+0	274.534247E-3	273.242615E-3
84.300000E+0	3.000000E+0	28.607531E+0	11.005133E+0	275.659583E-3	273.923300E-3
84.400000E+0	3.000000E+0	28.613789E+0	11.059076E+0	276.925586E-3	275.228046E-3
84.500000E+0	3.000000E+0	28.614665E+0	11.093885E+0	277.955554E-3	276.693724E-3
84.600000E+0	3.000000E+0	28.620074E+0	11.136353E+0	279.381894E-3	277.555607E-3
84.700000E+0	3.000000E+0	28.621871E+0	11.189133E+0	279.886745E-3	278.433584E-3
84.800000E+0	3.000000E+0	28.624572E+0	11.220872E+0	281.178378E-3	279.622696E-3
84.900000E+0	3.000000E+0	28.627960E+0	11.286110E+0	282.219671E-3	280.915521E-3
85.000000E+0	4.000000E+0	28.632877E+0	11.304051E+0	283.278846E-3	281.486534E-3
85.100000E+0	4.000000E+0	28.629417E+0	11.327535E+0	283.802770E-3	282.244705E-3
85.200000E+0	4.000000E+0	28.628166E+0	11.278808E+0	282.719158E-3	281.037711E-3
85.300000E+0	4.000000E+0	28.614495E+0	11.019826E+0	276.951812E-3	275.096319E-3
85.400000E+0	4.000000E+0	28.600771E+0	10.820597E+0	271.249435E-3	269.980452E-3
85.500000E+0	4.000000E+0	28.585572E+0	10.593176E+0	265.713355E-3	264.654777E-3
85.600000E+0	4.000000E+0	28.571187E+0	10.347277E+0	260.512850E-3	259.165189E-3
85.700000E+0	4.000000E+0	28.556953E+0	10.128707E+0	255.063793E-3	253.649970E-3
85.800000E+0	4.000000E+0	28.541709E+0	9.902269E+0	249.308964E-3	248.380919E-3
85.900000E+0	4.000000E+0	28.527887E+0	9.673178E+0	243.811031E-3	242.840071E-3
86.000000E+0	4.000000E+0	28.516255E+0	9.439290E+0	238.440056E-3	237.129946E-3
86.100000E+0	4.000000E+0	28.501324E+0	9.203315E+0	233.100075E-3	231.762547E-3
86.200000E+0	4.000000E+0	28.485383E+0	8.986533E+0	227.578301E-3	226.226467E-3
86.300000E+0	4.000000E+0	28.475226E+0	8.747488E+0	221.704858E-3	220.955032E-3
86.400000E+0	4.000000E+0	28.462191E+0	8.528262E+0	216.217058E-3	215.457695E-3
86.500000E+0	4.000000E+0	28.444819E+0	8.309126E+0	211.058872E-3	209.995525E-3
86.600000E+0	4.000000E+0	28.428886E+0	8.076876E+0	205.131190E-3	204.868333E-3
86.700000E+0	4.000000E+0	28.414903E+0	7.837832E+0	199.389474E-3	199.341790E-3
86.800000E+0	4.000000E+0	28.402753E+0	7.617861E+0	194.699780E-3	193.865315E-3
86.900000E+0	4.000000E+0	28.385363E+0	7.387310E+0	188.730374E-3	188.481227E-3
87.000000E+0	4.000000E+0	28.373892E+0	7.178754E+0	182.966605E-3	183.283701E-3
87.100000E+0	4.000000E+0	28.357575E+0	6.943822E+0	177.876964E-3	177.646890E-3
87.200000E+0	4.000000E+0	28.345666E+0	6.707281E+0	172.202601E-3	172.469034E-3
87.300000E+0	4.000000E+0	28.329117E+0	6.489098E+0	166.527642E-3	166.964544E-3
87.400000E+0	4.000000E+0	28.313623E+0	6.259024E+0	161.147727E-3	161.353363E-3
87.500000E+0	4.000000E+0	28.300650E+0	6.048024E+0	155.730856E-3	156.040800E-3
87.600000E+0	4.000000E+0	28.285522E+0	5.806059E+0	150.198948E-3	150.381339E-3
87.700000E+0	4.000000E+0	28.270833E+0	5.588651E+0	144.457233E-3	145.096790E-3
87.800000E+0	4.000000E+0	28.257547E+0	5.373776E+0	138.901483E-3	139.669191E-3
87.900000E+0	4.000000E+0	28.244771E+0	5.128115E+0	133.572231E-3	134.174238E-3
88.000000E+0	4.000000E+0	28.227310E+0	4.906356E+0	128.214966E-3	129.013072E-3
88.100000E+0	4.000000E+0	28.214471E+0	4.676193E+0	122.576366E-3	123.438249E-3
88.200000E+0	4.000000E+0	28.202034E+0	4.460573E+0	116.701731E-3	118.039856E-3
88.300000E+0	4.000000E+0	28.184314E+0	4.233688E+0	111.359963E-3	112.462053E-3
88.400000E+0	4.000000E+0	28.169660E+0	4.002184E+0	105.863818E-3	107.204923E-3
88.500000E+0	4.000000E+0	28.157045E+0	3.773689E+0	100.056537E-3	101.540693E-3
88.600000E+0	4.000000E+0	28.141980E+0	3.544003E+0	94.788678E-3	95.621951E-3
88.700000E+0	4.000000E+0	28.125904E+0	3.317416E+0	89.316375E-3	90.796955E-3
88.800000E+0	4.000000E+0	28.110392E+0	3.100634E+0	83.649761E-3	85.051663E-3
88.900000E+0	4.000000E+0	28.097812E+0	2.871215E+0	78.495151E-3	79.758770E-3
89.000000E+0	4.000000E+0	28.083919E+0	2.656370E+0	73.030001E-3	74.373490E-3
89.100000E+0	4.000000E+0	28.068156E+0	2.416432E+0	67.161923E-3	68.900591E-3
89.200000E+0	4.000000E+0	28.052269E+0	2.203196E+0	61.424976E-3	63.801413E-3
89.300000E+0	4.000000E+0	28.038464E+0	1.972795E+0	56.441431E-3	57.750349E-3
89.400000E+0	4.000000E+0	28.025992E+0	1.748711E+0	50.837402E-3	52.335863E-3
89.500000E+0	4.000000E+0	28.008522E+0	1.540184E+0	44.950846E-3	46.724681E-3
89.600000E+0	4.000000E+0	27.993725E+0	1.286060E+0	39.228800E-3	41.248802E-3
89.700000E+0	4.000000E+0	27.980689E+0	1.067013E+0	33.935311E-3	35.947564E-3
89.800000E+0	4.000000E+0	27.965526E+0	858.962536E-3	28.355720E-3	30.412080E-3
89.900000E+0	4.000000E+0	27.948780E+0	615.686178E-3	22.740962E-3	24.853947E-3
90.000000E+0	4.000000E+0	27.934841E+0	376.731157E-3	17.528535E-3	19.093157E-3
90.100000E+0	4.000000E+0	27.919857E+0	166.267157E-3	12.106896E-3	13.794304E-3
90.200000E+0	4.000000E+0	27.908672E+0	-17.642975E-3	7.306338E-3	9.315015E-3
90.300000E+0	4.000000E+0	27.907206E+0	-17.225742E-3	7.296205E-3	9.168983E-3
90.400000E+0	4.000000E+0	27.908690E+0	-5.617738E-3	7.340313E-3	9.264351E-3
90.500000E+0	4.000000E+0	27.907116E+0	-491.738319E-6	7.048846E-3	9.043813E-3
90.600000E+0	4.000000E+0	27.907206E+0	-10.326505E-3	6.915927E-3	9.006263E-3
90.700000E+0	4.000000E+0	27.906276E+0	-17.911196E-3	7.016659E-3	8.944274E-3
90.800000E+0	4.000000E+0	27.908305E+0	-16.212463E-3	7.345081E-3	9.133816E-3
90.900000E+0	4.000000E+0	27.903844E+0	-18.194318E-3	7.237793E-3	9.036661E-3
91.000000E+0	4.000000E+0	27.907957E+0	-11.578202E-3	7.325411E-3	9.061099E-3
91.100000E+0	4.000000E+0	27.906383E+0	-685.453415E-6	7.335544E-3	8.975268E-3
91.200000E+0	4.000000E+0	27.906213E+0	-15.169382E-3	6.983877E-3	8.990169E-3
91.300000E+0	4.000000E+0	27.905900E+0	-22.381544E-3	7.220507E-3	8.774400E-3
91.400000E+0	4.000000E+0	27.907322E+0	-8.195639E-3	7.164479E-3	8.825064E-3
91.500000E+0	4.000000E+0	27.904175E+0	6.258488E-3	6.962419E-3	8.975268E-3
91.600000E+0	4.000000E+0	27.904801E+0	-8.121133E-3	6.832481E-3	8.739234E-3
91.700000E+0	4.000000E+0	27.904059E+0	4.798174E-3	7.106066E-3	8.614660E-3
91.800000E+0	4.000000E+0	27.904953E+0	-119.209290E-6	6.921292E-3	8.590818E-3
91.900000E+0	4.000000E+0	27.902950E+0	-7.435679E-3	6.871224E-3	8.598567E-3
92.000000E+0	4.000000E+0	27.902431E+0	-14.469028E-3	7.101894E-3	8.736850E-3
92.100000E+0	4.000000E+0	27.903925E+0	-6.005168E-3	7.065535E-3	8.576513E-3
92.200000E+0	4.000000E+0	27.904908E+0	-7.808208E-3	6.835461E-3	8.792282E-3
92.300000E+0	4.000000E+0	27.904729E+0	1.847744E-3	6.880761E-3	8.511544E-3
92.400000E+0	4.000000E+0	27.906088E+0	5.334616E-3	6.476045E-3	8.621813E-3
92.500000E+0	4.000000E+0	27.905480E+0	5.394220E-3	6.554723E-3	8.544923E-3
92.600000E+0	4.000000E+0	27.903701E+0	357.627869E-6	6.660224E-3	8.365513E-3
92.700000E+0	4.000000E+0	27.905257E+0	-4.351139E-3	7.102490E-3	8.634926E-3
92.800000E+0	4.000000E+0	27.903165E+0	8.255243E-3	6.673337E-3	8.366705E-3
92.900000E+0	4.000000E+0	27.904121E+0	9.655952E-3	6.868840E-3	8.642674E-3
93.000000E+0	4.000000E+0	27.904774E+0	-9.655952E-3	7.069111E-3	8.544923E-3
93.100000E+0	4.000000E+0	27.904819E+0	-1.415610E-3	7.058979E-3	8.586050E-3
93.200000E+0	4.000000E+0	27.904631E+0	-11.548400E-3	6.660224E-3	8.659960E-3
93.300000E+0	4.000000E+0	27.905096E+0	6.228685E-3	6.799102E-3	8.651019E-3
93.400000E+0	4.000000E+0	27.905149E+0	4.559755E-3	6.415248E-3	8.519293E-3
93.500000E+0	4.000000E+0	27.905266E+0	-7.659197E-3	6.795526E-3	8.710623E-3
93.600000E+0	4.000000E+0	27.904318E+0	-5.856156E-3	6.929041E-3	8.649827E-3
93.700000E+0	4.000000E+0	27.904863E+0	6.139278E-3	6.915331E-3	8.673669E-3
93.800000E+0	4.000000E+0	27.903245E+0	16.570091E-3	6.767512E-3	8.294583E-3
93.900000E+0	4.000000E+0	27.903665E+0	7.927418E-3	6.884337E-3	8.543134E-3
94.000000E+0	4.000000E+0	27.904184E+0	1.877546E-3	6.844998E-3	8.724929E-3
94.100000E+0	4.000000E+0	27.903710E+0	13.053417E-3	7.011891E-3	8.428693E-3
94.200000E+0	4.000000E+0	27.902753E+0	-1.490116E-3	6.635190E-3	8.212329E-3
94.300000E+0	4.000000E+0	27.905650E+0	11.771917E-3	6.607175E-3	8.643270E-3
94.400000E+0	4.000000E+0	27.904461E+0	7.987022E-3	6.409288E-3	8.316041E-3
94.500000E+0	4.000000E+0	27.905650E+0	2.831221E-3	6.873012E-3	8.118153E-3
94.600000E+0	4.000000E+0	27.903343E+0	4.500151E-3	6.679893E-3	8.294583E-3
94.700000E+0	4.000000E+0	27.903093E+0	9.626150E-3	6.840230E-3	8.116365E-3
