Program version:	Fatigue ver. 4.0
Date and time:	03-08-2015 15:30:45
Operator:	sras
Project ID:	44055 I-1
Sample ID:	EQA02-09
Comments:	
	
Mode of operation:	Ten-ten
Low load setpoint [kN]:	0.000000
Sample width [mm]:	25.250000
Sample thickness [mm]:	4.270000
Strain sensor:	Extensometer
Number of strain sensors:	2
Channel configuration:	0 6 1,1,0,0,0,0 1,4,1,2,3,4
Digital I/O:	0,1,None
	
Machine SN:	88R1342
Load cell SN:	UK 054
Load cell [kN]:	100.000000
Extensometer 1 SN:	2026
Gauge length 1 [mm]:	50.000000
Full scale 1 [%]:	2.000000
Extensometer 2 SN:	2084
Gauge length 2 [mm]:	50.000000
Full scale 2 [%]:	2.000000
	
Modulus [GPa]:	38.360015
	
E-max [%]:	0.700000
R:	0.100000
Waveform frequency [Hz]:	5.000000
Samples pr cycle:	125
	
Max change stiffness [%]:	0.500000
Max cycles between log:	1000
Number of initial cycles:	20
Run out cycle:	2000000
	
	
Timestamp [yyyymmddHHMMSS.frac]	Time [s]	Cycle	Position max [mm]	Position min [mm]	Stress max [MPa]	Stress min [MPa]	Strain1 max [%]	Strain1 min [%]	Strain2 max [%]	Strain2 min [%]	StiffnessAvg [GPa]	Stiffness1 [GPa]	Stiffness2 [GPa]	StiffnessPosition [MPa/mm]	DampingAvg	Damping1	Damping2	DampingPosition
20150803153513.390600	0.000000	1.000000	-32.594005	-33.351264	182.274147	66.233894	0.475090	0.177552	0.475997	0.180171	38.827700	38.737612	38.918164	152.105307	0.036332	0.039028	0.033620	0.079535
20150803153513.570300	0.200000	2.000000	-31.949991	-33.523030	274.633414	39.511134	0.723083	0.108594	0.723125	0.112497	38.327384	38.201256	38.454218	149.117062	0.072732	0.074467	0.070987	0.151365
20150803153513.769500	0.400000	3.000000	-31.955833	-33.530725	272.911020	37.992291	0.719816	0.105094	0.720104	0.109954	38.299967	38.142446	38.458630	148.868093	0.066336	0.070688	0.061951	0.130049
20150803153513.980500	0.600000	4.000000	-31.969941	-33.547408	270.553204	35.001154	0.714639	0.098394	0.715632	0.103594	38.299808	38.138607	38.462196	148.929527	0.063077	0.068530	0.057586	0.124567
20150803153514.191400	0.800000	5.000000	-31.976450	-33.552531	269.484033	34.232059	0.712464	0.096105	0.713945	0.102707	38.308827	38.135269	38.483715	148.975367	0.062123	0.068440	0.055753	0.123594
20150803153514.371100	1.000000	6.000000	-31.985155	-33.564020	268.059724	32.335855	0.708773	0.091570	0.710886	0.098843	38.323978	38.139414	38.510044	149.014932	0.060470	0.067431	0.053450	0.120799
20150803153514.570300	1.200000	7.000000	-31.989947	-33.568559	267.159940	31.657423	0.706589	0.089865	0.709089	0.097495	38.317623	38.134977	38.501736	149.048791	0.060293	0.068145	0.052376	0.118498
20150803153514.769500	1.400000	8.000000	-31.996176	-33.575067	266.624912	30.441089	0.704802	0.087086	0.707495	0.094953	38.318375	38.133943	38.504317	149.147763	0.058966	0.067067	0.050796	0.117357
20150803153514.980500	1.600000	9.000000	-32.000825	-33.580029	265.798101	29.794832	0.703705	0.085611	0.706642	0.093751	38.317410	38.136506	38.499749	149.160733	0.058945	0.067410	0.050409	0.118302
20150803153515.191400	1.800000	10.000000	-32.003382	-33.581970	265.134706	28.993782	0.701680	0.083982	0.704672	0.092337	38.316538	38.133723	38.500824	149.200199	0.058542	0.067147	0.049862	0.116659
20150803153515.390600	2.000000	11.000000	-32.007170	-33.585257	264.650206	28.475560	0.700669	0.082902	0.704150	0.091377	38.318120	38.134978	38.502729	149.240221	0.058319	0.067166	0.049401	0.116003
20150803153515.601600	2.200000	12.000000	-32.007501	-33.587564	264.522503	28.341333	0.700512	0.082161	0.703933	0.090971	38.318711	38.134148	38.504762	149.222624	0.057997	0.067233	0.048679	0.114644
20150803153515.800800	2.400000	13.000000	-32.006717	-33.588800	264.653523	28.113347	0.700721	0.081536	0.704247	0.090439	38.317276	38.129733	38.506358	149.229404	0.057473	0.066774	0.048091	0.115348
20150803153515.980500	2.600000	14.000000	-32.007155	-33.590824	264.916449	27.714204	0.700478	0.081011	0.704131	0.089979	38.317346	38.129441	38.506799	149.233574	0.057910	0.066996	0.048745	0.115280
20150803153516.171900	2.800000	15.000000	-32.010907	-33.591611	263.800066	27.335848	0.699152	0.080234	0.702769	0.089386	38.321601	38.131481	38.513302	149.279456	0.057341	0.067128	0.047465	0.113880
20150803153516.378900	3.000000	16.000000	-32.003415	-33.592794	264.967199	27.283219	0.701793	0.080011	0.705382	0.089242	38.318893	38.124819	38.514631	149.263372	0.057404	0.067247	0.047471	0.115835
20150803153516.570300	3.200000	17.000000	-32.012248	-33.591646	263.670814	27.038868	0.698850	0.079952	0.702468	0.089222	38.320073	38.125272	38.516546	149.226651	0.057542	0.067594	0.047396	0.114678
20150803153516.789100	3.400000	18.000000	-32.007897	-33.591494	263.858555	27.008905	0.699446	0.080071	0.703078	0.089417	38.324525	38.127157	38.523622	149.260786	0.057521	0.067695	0.047253	0.114480
20150803153516.960900	3.600000	19.000000	-32.010586	-33.592728	264.070510	27.101338	0.699425	0.079625	0.703094	0.089028	38.323766	38.124620	38.524674	149.315142	0.056999	0.067189	0.046714	0.113598
20150803153517.171900	3.800000	20.000000	-32.007149	-33.591193	264.302477	26.907958	0.700231	0.079749	0.703867	0.089159	38.322675	38.123134	38.523978	149.315939	0.057235	0.067571	0.046803	0.113650
20150803153837.140600	203.800000	1020.000000	-31.956947	-33.568785	267.821897	27.165024	0.719887	0.087005	0.725408	0.098580	38.170374	37.975074	38.367391	148.923360	0.059943	0.069086	0.050711	0.106627
20150803154157.148400	403.800000	2020.000000	-31.952230	-33.571119	268.381471	27.432704	0.724036	0.088301	0.729357	0.099723	38.154235	37.940470	38.370186	148.760029	0.060184	0.069029	0.051252	0.106921
20150803154517.140600	603.800000	3020.000000	-31.953794	-33.569572	268.072660	27.363158	0.723295	0.088589	0.727674	0.098886	38.131870	37.931858	38.333804	148.677390	0.060080	0.068140	0.051944	0.102211
20150803154837.160200	803.800000	4020.000000	-31.953547	-33.569488	267.878617	27.107308	0.723245	0.089226	0.727921	0.099849	38.125849	37.922156	38.331520	148.538665	0.059788	0.068258	0.051239	0.099639
20150803155157.171900	1003.800000	5020.000000	-31.949339	-33.567560	267.868445	27.472618	0.724113	0.089735	0.729089	0.100550	38.107914	37.906704	38.311070	148.553434	0.059693	0.067717	0.051593	0.100986
20150803155517.210900	1203.800000	6020.000000	-31.949085	-33.562404	267.168122	27.674953	0.723027	0.090171	0.728077	0.100944	38.093676	37.904472	38.284595	148.523664	0.060021	0.068080	0.051889	0.102745
20150803155837.160200	1403.800000	7020.000000	-31.941978	-33.560560	267.221746	27.371782	0.724331	0.090247	0.729821	0.100136	38.041580	37.893501	38.190739	148.463852	0.061647	0.066301	0.056961	0.097160
20150803160157.160200	1603.800000	8020.000000	-31.939996	-33.559415	267.729464	27.154741	0.724700	0.089847	0.728867	0.099203	38.053818	37.881302	38.227771	148.350588	0.061343	0.067959	0.054672	0.100132
20150803160517.148400	1803.800000	9020.000000	-31.935057	-33.556107	267.705471	27.508883	0.725358	0.089860	0.729568	0.098937	38.037303	37.873620	38.202277	148.344659	0.061107	0.067387	0.054777	0.097160
20150803160837.179700	2003.800000	10020.000000	-31.932465	-33.551395	267.536527	27.245405	0.724675	0.090445	0.729355	0.100343	38.051558	37.866573	38.238174	148.284078	0.059286	0.066884	0.051624	0.098457
20150803161157.160200	2203.800000	11020.000000	-31.929282	-33.550564	267.608284	27.564719	0.725039	0.090446	0.730117	0.100360	38.025732	37.857291	38.195542	148.220927	0.060776	0.067000	0.054504	0.096036
20150803161517.160200	2403.800000	12020.000000	-31.930882	-33.547402	267.165468	27.481463	0.724563	0.091301	0.731277	0.102355	38.003104	37.851809	38.155501	148.199035	0.060736	0.066535	0.054896	0.096885
20150803161837.171900	2603.800000	13020.000000	-31.924615	-33.545244	267.627522	27.081326	0.726041	0.091205	0.732878	0.102401	38.006492	37.849799	38.164350	148.164929	0.059436	0.065906	0.052921	0.097127
20150803162157.191400	2803.800000	14020.000000	-31.921033	-33.544502	268.086923	27.299361	0.727284	0.090910	0.734131	0.102754	38.003843	37.835053	38.173990	148.129058	0.059662	0.066391	0.052879	0.097770
20150803162517.179700	3003.800000	15020.000000	-31.922311	-33.541921	267.855730	27.353539	0.727204	0.091476	0.733569	0.103489	38.014513	37.832685	38.197917	148.171546	0.057801	0.065533	0.050000	0.097332
20150803162837.199200	3203.800000	16020.000000	-31.912253	-33.542762	268.496017	27.373551	0.729819	0.091373	0.737140	0.103442	37.986948	37.821455	38.153769	148.055780	0.060074	0.065962	0.054142	0.096286
20150803163157.210900	3403.800000	17020.000000	-31.915966	-33.541972	268.146187	27.329877	0.728737	0.091259	0.736378	0.103448	37.966122	37.816148	38.117191	148.077719	0.060520	0.065466	0.055540	0.094932
20150803163517.218700	3603.800000	18020.000000	-31.907914	-33.540261	268.766461	27.437458	0.730430	0.091392	0.738050	0.103431	37.947736	37.804229	38.092237	147.965067	0.061275	0.066204	0.056312	0.097066
20150803163837.218700	3803.800000	19020.000000	-31.917349	-33.540422	267.586171	27.282002	0.727487	0.090992	0.734956	0.103278	37.948504	37.794489	38.103671	147.979350	0.060015	0.064996	0.054996	0.095730
20150803164157.230500	4003.800000	20020.000000	-31.914899	-33.540065	267.555102	27.109520	0.727833	0.090721	0.734920	0.102819	37.950986	37.788277	38.114983	147.939834	0.059202	0.064818	0.053541	0.096066
20150803164517.238300	4203.800000	21020.000000	-31.914130	-33.537540	267.580090	27.081436	0.728358	0.091643	0.735633	0.103618	37.937792	37.782833	38.093928	147.892690	0.059128	0.064296	0.053922	0.094487
20150803164837.281200	4403.800000	22020.000000	-31.912044	-33.537901	268.119540	27.416672	0.729066	0.092445	0.736453	0.104312	37.928875	37.774876	38.084032	147.882362	0.058980	0.064333	0.053589	0.094191
20150803165157.250000	4603.800000	23020.000000	-31.911904	-33.537412	267.808076	27.118697	0.729151	0.091670	0.736950	0.103866	37.920924	37.767702	38.075293	147.853778	0.059453	0.064499	0.054372	0.093526
20150803165517.230500	4803.800000	24020.000000	-31.909261	-33.537949	267.614144	27.189017	0.728867	0.091971	0.736475	0.104119	37.921347	37.765301	38.078580	147.833667	0.059097	0.064033	0.054126	0.092283
20150803165837.250000	5003.800000	25020.000000	-31.911812	-33.535016	267.303012	27.210909	0.728024	0.092340	0.735837	0.104723	37.911366	37.753535	38.070413	147.753425	0.059060	0.064424	0.053656	0.096637
20150803170157.261700	5203.800000	26020.000000	-31.908358	-33.536628	267.302570	26.922553	0.728946	0.091619	0.736647	0.104069	37.902192	37.739439	38.066245	147.722171	0.058209	0.063845	0.052531	0.095106
20150803170517.269500	5403.800000	27020.000000	-31.908054	-33.534751	267.440666	27.205601	0.729192	0.092017	0.737018	0.104397	37.887546	37.735721	38.040510	147.745908	0.059368	0.064316	0.054383	0.094775
20150803170837.269500	5603.800000	28020.000000	-31.905142	-33.534006	267.511207	27.190343	0.729506	0.092440	0.736406	0.104485	37.895574	37.729114	38.063390	147.682820	0.057549	0.063807	0.051241	0.094608
20150803171157.281200	5803.800000	29020.000000	-31.909165	-33.535135	266.858095	26.539111	0.727892	0.091982	0.735269	0.103720	37.877320	37.723517	38.032288	147.672138	0.058272	0.063466	0.053043	0.093736
20150803171517.300800	6003.800000	30020.000000	-31.906990	-33.533848	267.958335	26.846484	0.730081	0.092778	0.737109	0.104344	37.866716	37.714332	38.020251	147.654520	0.057096	0.062004	0.052152	0.091543
20150803171837.351600	6203.800000	31020.000000	-31.907306	-33.533574	268.153042	27.107530	0.729528	0.092183	0.737281	0.104328	37.852710	37.705356	38.001133	147.596870	0.058588	0.063398	0.053744	0.092802
20150803172157.328100	6403.800000	32020.000000	-31.906254	-33.535037	267.912893	27.027922	0.729563	0.092294	0.737184	0.104262	37.848621	37.700436	37.997897	147.536784	0.058224	0.063024	0.053391	0.092264
20150803172517.289100	6603.800000	33020.000000	-31.907836	-33.533100	267.839256	26.675107	0.729509	0.092600	0.736979	0.103771	37.825123	37.695242	37.955844	147.550785	0.059398	0.063101	0.055674	0.092350
20150803172837.300800	6803.800000	34020.000000	-31.905783	-33.532373	268.029871	27.035551	0.730434	0.092628	0.737882	0.103642	37.808635	37.683907	37.934134	147.479777	0.059303	0.062640	0.055947	0.090798
20150803173157.308600	7003.800000	35020.000000	-31.910691	-33.532149	266.956499	27.134839	0.728299	0.092425	0.735824	0.103621	37.797667	37.669738	37.926411	147.463784	0.059512	0.063058	0.055945	0.093967
20150803173517.308600	7203.800000	36020.000000	-31.907443	-33.531803	268.018373	26.809444	0.730093	0.092363	0.737931	0.103595	37.794288	37.669663	37.919689	147.525484	0.058762	0.061969	0.055538	0.093638
20150803173837.339800	7403.800000	37020.000000	-31.900093	-33.530534	268.489162	26.646249	0.732122	0.091697	0.739741	0.102765	37.772474	37.653381	37.892268	147.657111	0.059044	0.062132	0.055940	0.097443
20150803174157.308600	7603.800000	38020.000000	-31.905440	-33.529196	267.163367	26.860636	0.729414	0.092125	0.736330	0.103274	37.786992	37.648016	37.926930	147.548596	0.057824	0.062042	0.053578	0.094178
20150803174517.320300	7803.800000	39020.000000	-31.897715	-33.528516	268.418842	26.979163	0.732399	0.092284	0.739569	0.103489	37.772058	37.636508	37.908518	147.580034	0.058148	0.062330	0.053939	0.094796
20150803174837.308600	8003.800000	40020.000000	-31.899250	-33.530915	267.905927	27.023057	0.731966	0.092008	0.739399	0.102970	37.753513	37.636712	37.870988	147.542075	0.058633	0.061447	0.055803	0.094368
20150803175157.320300	8203.800000	41020.000000	-31.898475	-33.531315	268.107046	26.906189	0.732174	0.092048	0.739135	0.102847	37.753535	37.627921	37.879938	147.514851	0.058334	0.061688	0.054960	0.094082
20150803175517.339800	8403.800000	42020.000000	-31.899333	-33.528737	268.578388	27.105208	0.732242	0.093265	0.739216	0.103939	37.753654	37.621215	37.886963	147.480431	0.058046	0.061798	0.054273	0.093176
20150803175837.359400	8603.800000	43020.000000	-31.898112	-33.528069	268.614433	27.224619	0.733498	0.093391	0.740540	0.104260	37.750549	37.619316	37.882641	147.470435	0.057776	0.061344	0.054187	0.092707
20150803180157.339800	8803.800000	44020.000000	-31.897608	-33.528293	268.071002	27.050920	0.733079	0.093275	0.740007	0.103978	37.740708	37.610619	37.871645	147.417837	0.057945	0.061449	0.054421	0.093840
20150803180517.359400	9003.800000	45020.000000	-31.895996	-33.528778	268.176592	27.134729	0.732613	0.093122	0.739141	0.103700	37.734005	37.599829	37.869084	147.428600	0.057557	0.061450	0.053640	0.091677
20150803180837.378900	9203.800000	46020.000000	-31.899330	-33.531663	268.415414	26.887283	0.732910	0.091749	0.739753	0.102773	37.732574	37.594748	37.871352	147.403580	0.057033	0.060925	0.053116	0.092477
20150803181157.390600	9403.800000	47020.000000	-31.898284	-33.527712	268.048999	27.305885	0.732850	0.092721	0.739435	0.104004	37.746371	37.591898	37.902033	147.388148	0.056492	0.061697	0.051248	0.091783
20150803181517.371100	9603.800000	48020.000000	-31.897572	-33.531854	267.782425	27.215774	0.731772	0.092396	0.738565	0.103780	37.723823	37.577273	37.871452	147.299618	0.057235	0.061773	0.052664	0.093424
20150803181837.359400	9803.800000	49020.000000	-31.897229	-33.528916	268.011407	26.913818	0.732318	0.092322	0.739246	0.103522	37.708870	37.570542	37.848164	147.286821	0.057621	0.061608	0.053608	0.091051
20150803182157.378900	10003.800000	50020.000000	-31.899664	-33.530546	268.145302	26.966890	0.731772	0.092165	0.738413	0.103113	37.712025	37.563735	37.861412	147.282374	0.055947	0.060834	0.051027	0.092050
20150803182517.398400	10203.800000	51020.000000	-31.895742	-33.529968	268.704102	27.099901	0.733527	0.092037	0.741132	0.103312	37.683835	37.552222	37.816330	147.214342	0.057927	0.060995	0.054842	0.091298
20150803182837.378900	10403.800000	52020.000000	-31.898928	-33.527121	268.818095	26.769751	0.733392	0.092537	0.740896	0.103970	37.676584	37.548254	37.805748	147.209595	0.057326	0.060543	0.054090	0.090478
20150803183157.398400	10603.800000	53020.000000	-31.892977	-33.529696	269.133539	27.118033	0.734307	0.092623	0.741981	0.104107	37.666211	37.542112	37.791093	147.113068	0.057391	0.060330	0.054435	0.091371
20150803183517.449200	10803.800000	54020.000000	-31.895084	-33.530358	268.229996	27.024716	0.732937	0.092530	0.740276	0.104180	37.678027	37.539088	37.817938	147.148691	0.057038	0.061012	0.053038	0.091666
20150803183837.449200	11003.800000	55020.000000	-31.894398	-33.527703	268.278755	27.155515	0.734150	0.092803	0.741464	0.104136	37.665320	37.528733	37.802850	147.114713	0.057350	0.061198	0.053478	0.090301
20150803184157.421900	11203.800000	56020.000000	-31.898436	-33.527706	268.478437	27.170110	0.732620	0.092787	0.739780	0.104244	37.663801	37.523969	37.804617	147.070395	0.055860	0.060151	0.051540	0.089028
20150803184517.441400	11403.800000	57020.000000	-31.895364	-33.531911	268.404358	27.189348	0.733676	0.092289	0.741220	0.103405	37.645381	37.521679	37.769859	147.081900	0.057033	0.059994	0.054056	0.090130
20150803184837.449200	11603.800000	58020.000000	-31.893501	-33.531747	268.434432	27.054126	0.734251	0.091849	0.741899	0.103211	37.630031	37.510234	37.750547	147.028352	0.057381	0.060106	0.054640	0.089934
20150803185157.429700	11803.800000	59020.000000	-31.893701	-33.530060	268.212526	27.608061	0.734529	0.093121	0.741638	0.103758	37.631306	37.507724	37.755668	146.985115	0.057238	0.059982	0.054478	0.088850
20150803185517.398400	12003.800000	60020.000000	-31.894458	-33.532191	267.618235	27.058881	0.733075	0.092027	0.739651	0.102897	37.644057	37.505619	37.783450	147.016480	0.056149	0.060358	0.051911	0.088995
20150803185837.410200	12203.800000	61020.000000	-31.892872	-33.531312	268.098091	27.128537	0.734796	0.092462	0.741595	0.103256	37.631987	37.495495	37.769411	146.996427	0.057170	0.061062	0.053253	0.091298
20150803190157.421900	12403.800000	62020.000000	-31.898931	-33.529610	267.922844	27.238550	0.732986	0.092707	0.739804	0.103812	37.638335	37.495024	37.782678	146.956246	0.055874	0.060411	0.051306	0.090883
20150803190517.429700	12603.800000	63020.000000	-31.896064	-33.528615	268.089245	27.204164	0.734050	0.093431	0.740391	0.104397	37.642939	37.485547	37.801551	146.959585	0.055065	0.060864	0.049223	0.090839
20150803190837.449200	12803.800000	64020.000000	-31.896413	-33.531815	268.159676	26.882307	0.733841	0.092486	0.740207	0.103426	37.635503	37.481506	37.790672	146.881009	0.054461	0.059897	0.048987	0.088969
20150803191157.441400	13003.800000	65020.000000	-31.891224	-33.530528	268.537368	27.154741	0.735700	0.092755	0.741796	0.103873	37.638127	37.473012	37.804593	146.876906	0.054084	0.060161	0.047959	0.090165
20150803191517.449200	13203.800000	66020.000000	-31.896964	-33.530471	267.652179	27.320258	0.733501	0.093162	0.739531	0.103739	37.616206	37.462535	37.771037	146.862340	0.054887	0.060770	0.048961	0.089724
20150803191837.468700	13403.800000	67020.000000	-31.889484	-33.531830	268.468044	26.977836	0.735898	0.092200	0.742152	0.103510	37.619538	37.454024	37.786401	146.836953	0.053110	0.059412	0.046757	0.087696
20150803192157.468700	13603.800000	68020.000000	-31.893722	-33.530453	268.116555	27.098021	0.734580	0.092970	0.740900	0.103778	37.601874	37.450708	37.754169	146.843353	0.055102	0.060659	0.049506	0.088815
20150803192517.468700	13803.800000	69020.000000	-31.890277	-33.530868	268.372183	27.392458	0.736065	0.092579	0.742643	0.103892	37.590851	37.441432	37.741387	146.780795	0.054761	0.059864	0.049621	0.087691
20150803192837.488300	14003.800000	70020.000000	-31.896013	-33.529154	267.678272	26.967443	0.733872	0.092677	0.740669	0.103777	37.582243	37.441312	37.724165	146.782969	0.055716	0.060423	0.050977	0.090962
20150803193157.531200	14203.800000	71020.000000	-31.889058	-33.528609	268.628917	27.258231	0.736737	0.093259	0.743479	0.104599	37.580118	37.430252	37.731096	146.738085	0.054630	0.060078	0.049143	0.088172
20150803193517.511700	14403.800000	72020.000000	-31.887180	-33.529860	268.745896	27.057664	0.737352	0.092641	0.744490	0.104449	37.578667	37.423683	37.734857	146.716854	0.054900	0.060079	0.049683	0.089618
20150803193837.511700	14603.800000	73020.000000	-31.892875	-33.529211	268.055523	26.973082	0.735031	0.092941	0.742189	0.104707	37.574074	37.421122	37.728199	146.726816	0.054326	0.059583	0.049031	0.088021
20150803194157.519500	14803.800000	74020.000000	-31.890762	-33.527658	268.097759	27.328661	0.735358	0.093817	0.742407	0.105170	37.558205	37.413628	37.703832	146.703955	0.055043	0.059917	0.050137	0.088997
20150803194517.550800	15003.800000	75020.000000	-31.895677	-33.528033	267.402189	27.256130	0.733893	0.093333	0.741013	0.104465	37.544947	37.408646	37.682179	146.686677	0.056023	0.060250	0.051769	0.089656
20150803194837.550800	15203.800000	76020.000000	-31.892103	-33.526317	268.011517	27.660248	0.734982	0.094428	0.741901	0.105491	37.542154	37.402902	37.682378	146.653774	0.055060	0.059605	0.050485	0.088997
20150803195157.539100	15403.800000	77020.000000	-31.887177	-33.527098	268.181899	27.382949	0.736913	0.093668	0.743821	0.105462	37.554636	37.399108	37.711374	146.732896	0.054637	0.060128	0.049105	0.088007
20150803195517.558600	15603.800000	78020.000000	-31.893561	-33.525989	267.575557	27.392568	0.735564	0.093527	0.742380	0.104788	37.538623	37.389862	37.688478	146.685774	0.054610	0.060122	0.049060	0.089068
20150803195837.550800	15803.800000	79020.000000	-31.889025	-33.525968	267.492964	27.168230	0.736471	0.093971	0.743244	0.105716	37.543728	37.379351	37.709454	146.608995	0.054256	0.060178	0.048287	0.089043
20150803200157.531200	16003.800000	80020.000000	-31.884689	-33.528722	268.486508	27.192665	0.739243	0.093560	0.745567	0.105408	37.550018	37.372293	37.729316	146.555276	0.053298	0.059890	0.046649	0.088636
20150803200517.519500	16203.800000	81020.000000	-31.890548	-33.528376	267.977353	27.556316	0.736750	0.093631	0.743305	0.105223	37.534903	37.370405	37.700757	146.581062	0.054411	0.060100	0.048677	0.089004
20150803200837.511700	16403.800000	82020.000000	-31.894386	-33.529902	267.248724	27.094704	0.735224	0.093601	0.742160	0.105385	37.514906	37.360739	37.670283	146.501075	0.055203	0.059883	0.050487	0.089041
20150803201157.519500	16603.800000	83020.000000	-31.888783	-33.527256	267.880608	27.599547	0.738051	0.093945	0.744890	0.105649	37.503227	37.354563	37.653010	146.508927	0.055356	0.060306	0.050369	0.088803
20150803201517.558600	16803.800000	84020.000000	-31.887496	-33.529503	268.352281	27.476156	0.738533	0.093710	0.745199	0.105404	37.513536	37.352458	37.675916	146.493826	0.053874	0.059405	0.048299	0.086117
20150803201837.519500	17003.800000	85020.000000	-31.887916	-33.531434	268.256089	27.118365	0.738107	0.093059	0.744336	0.104345	37.512319	37.343315	37.682754	146.494756	0.053994	0.059880	0.048062	0.089003
20150803202157.539100	17203.800000	86020.000000	-31.885067	-33.531783	268.323755	27.203169	0.739801	0.093474	0.746356	0.105014	37.502774	37.339754	37.667136	146.449638	0.054949	0.059939	0.049920	0.087901
20150803202517.550800	17403.800000	87020.000000	-31.890810	-33.530108	267.429499	27.338612	0.736024	0.093798	0.743033	0.105860	37.500140	37.334064	37.667600	146.426097	0.054700	0.060500	0.048854	0.090699
20150803202837.550800	17603.800000	88020.000000	-31.885812	-33.530537	267.963642	27.225172	0.738995	0.093392	0.746139	0.105329	37.488653	37.332343	37.646209	146.433955	0.054422	0.059211	0.049596	0.087032
20150803203157.578100	17803.800000	89020.000000	-31.887484	-33.531741	267.514082	27.037873	0.737737	0.092955	0.744637	0.104988	37.483317	37.318903	37.649108	146.378955	0.054768	0.059686	0.049810	0.089501
20150803203517.570300	18003.800000	90020.000000	-31.889040	-33.526707	267.327668	27.712546	0.738617	0.094422	0.745604	0.106415	37.477101	37.319847	37.635622	146.481097	0.055788	0.060278	0.051262	0.089935
20150803203837.578100	18203.800000	91020.000000	-31.887210	-33.528036	267.866897	27.451721	0.738690	0.094156	0.745619	0.106099	37.478725	37.313387	37.645450	146.425202	0.054713	0.059948	0.049438	0.088450
20150803204157.621100	18403.800000	92020.000000	-31.890288	-33.530245	267.358074	27.497716	0.737689	0.093765	0.744619	0.105749	37.469840	37.308983	37.632011	146.349288	0.054992	0.059972	0.049973	0.089027
20150803204517.621100	18603.800000	93020.000000	-31.890381	-33.530978	267.286095	27.465099	0.738111	0.094200	0.744723	0.105790	37.466263	37.305401	37.628447	146.350308	0.054968	0.059989	0.049908	0.088577
20150803204837.601600	18803.800000	94020.000000	-31.886393	-33.526469	267.892659	27.642005	0.739260	0.094560	0.746210	0.106429	37.450136	37.297440	37.604031	146.331263	0.055557	0.059788	0.051293	0.088762
20150803205157.621100	19003.800000	95020.000000	-31.889290	-33.526570	267.292619	27.335074	0.738281	0.094749	0.745194	0.106337	37.444094	37.296249	37.593061	146.312562	0.055910	0.060189	0.051600	0.089776
20150803205517.621100	19203.800000	96020.000000	-31.889883	-33.529965	267.453050	27.425849	0.738204	0.094800	0.744286	0.105949	37.442253	37.284191	37.601585	146.281552	0.055371	0.060491	0.050211	0.089041
20150803205837.621100	19403.800000	97020.000000	-31.885028	-33.529222	268.512712	27.682472	0.741107	0.094961	0.747295	0.106318	37.442847	37.278704	37.608365	146.261710	0.055402	0.060592	0.050170	0.087433
20150803210157.640600	19603.800000	98020.000000	-31.885365	-33.529833	268.474346	27.185257	0.740794	0.094592	0.746695	0.105939	37.442805	37.270619	37.616503	146.226906	0.054264	0.059763	0.048718	0.088032
20150803210517.648400	19803.800000	99020.000000	-31.888634	-33.530063	267.991173	26.922774	0.740155	0.094738	0.746751	0.106510	37.425070	37.262613	37.588880	146.211582	0.055238	0.060044	0.050394	0.087436
20150803210837.671900	20003.800000	100020.000000	-31.890125	-33.529369	267.713985	27.281450	0.739356	0.094996	0.745852	0.106595	37.429518	37.259265	37.601235	146.221171	0.055123	0.060953	0.049246	0.088055
20150803211157.671900	20203.800000	101020.000000	-31.881565	-33.531067	268.116334	26.814420	0.741936	0.094551	0.748195	0.106063	37.421105	37.253626	37.590005	146.175974	0.054759	0.060267	0.049206	0.088026
20150803211517.671900	20403.800000	102020.000000	-31.884689	-33.529073	268.434321	26.904089	0.742059	0.095352	0.748888	0.106985	37.398028	37.244571	37.552703	146.165206	0.056242	0.060380	0.052073	0.086241
20150803211837.691400	20603.800000	103020.000000	-31.888855	-33.531502	267.499156	27.420652	0.739577	0.094739	0.746417	0.106599	37.400863	37.243910	37.559094	146.191806	0.056079	0.060199	0.051928	0.086450
20150803212157.679700	20803.800000	104020.000000	-31.881935	-33.530429	267.765509	26.998180	0.741937	0.095058	0.748559	0.106511	37.398945	37.237630	37.561600	146.163030	0.056195	0.060754	0.051601	0.087425
20150803212517.691400	21003.800000	105020.000000	-31.884101	-33.532522	267.965080	27.226609	0.741834	0.095026	0.748476	0.106647	37.400561	37.234171	37.568375	146.094185	0.055515	0.060208	0.050785	0.087925
20150803212837.710900	21203.800000	106020.000000	-31.886456	-33.531389	267.659255	26.578141	0.741643	0.094493	0.748127	0.105993	37.386840	37.225142	37.549889	146.066115	0.056042	0.060313	0.051737	0.089787
20150803213157.730500	21403.800000	107020.000000	-31.886462	-33.530838	267.491305	27.338502	0.740786	0.095438	0.747258	0.106805	37.390893	37.222640	37.560599	146.119315	0.055399	0.060381	0.050379	0.089198
20150803213517.730500	21603.800000	108020.000000	-31.888462	-33.530462	267.161156	27.166351	0.740100	0.095459	0.746217	0.106949	37.389248	37.213683	37.566387	146.033600	0.055587	0.061052	0.050077	0.087343
20150803213837.730500	21803.800000	109020.000000	-31.888044	-33.529574	267.181721	27.063635	0.740456	0.095252	0.746686	0.106458	37.368856	37.209531	37.529492	146.118545	0.056449	0.060626	0.052241	0.088039
20150803214157.691400	22003.800000	110020.000000	-31.887061	-33.530906	267.445199	27.076571	0.740798	0.095391	0.747346	0.107143	37.369852	37.204780	37.536330	146.044905	0.055592	0.060087	0.051061	0.088332
20150803214517.679700	22203.800000	111020.000000	-31.879211	-33.533359	268.456213	26.755488	0.743057	0.094794	0.749513	0.106453	37.363018	37.195561	37.531924	146.001956	0.055481	0.060123	0.050801	0.085810
20150803214837.671900	22403.800000	112020.000000	-31.885019	-33.530960	267.331759	27.094041	0.741692	0.095465	0.747910	0.106864	37.360046	37.193922	37.527604	146.040354	0.056407	0.060549	0.052232	0.088055
20150803215157.648400	22603.800000	113020.000000	-31.884382	-33.529991	267.799010	26.765218	0.741515	0.095247	0.747671	0.106867	37.352202	37.187135	37.518687	145.985281	0.056274	0.060534	0.051977	0.086722
20150803215517.660200	22803.800000	114020.000000	-31.882892	-33.530292	268.063262	26.545192	0.742433	0.094831	0.748316	0.106277	37.356844	37.180942	37.534336	145.992977	0.055253	0.060414	0.050047	0.086467
20150803215837.691400	23003.800000	115020.000000	-31.883502	-33.528638	268.221593	27.241978	0.742122	0.095448	0.748435	0.107041	37.343222	37.172982	37.514962	145.960373	0.055694	0.060422	0.050927	0.084716
20150803220157.679700	23203.800000	116020.000000	-31.878752	-33.527437	268.688622	27.265528	0.743703	0.095750	0.750136	0.107560	37.334352	37.164103	37.506092	145.910555	0.056757	0.061398	0.052076	0.088626
20150803220517.679700	23403.800000	117020.000000	-31.882298	-33.527613	268.051432	27.162039	0.742699	0.096407	0.749116	0.108085	37.332679	37.165929	37.500857	146.012657	0.056011	0.060441	0.051545	0.088280
20150803220837.699200	23603.800000	118020.000000	-31.882161	-33.526513	268.049773	27.016755	0.742702	0.096157	0.749026	0.108099	37.334818	37.156537	37.514735	145.937734	0.055321	0.060434	0.050164	0.086901
20150803221157.699200	23803.800000	119020.000000	-31.887019	-33.526710	267.436575	26.959814	0.741286	0.096366	0.747710	0.108062	37.315512	37.148727	37.483745	145.869156	0.056988	0.061359	0.052581	0.087861
20150803221517.718700	24003.800000	120020.000000	-31.878105	-33.528543	268.061272	26.751508	0.743729	0.095689	0.750830	0.107992	37.302856	37.141762	37.465306	145.895470	0.057349	0.060975	0.053695	0.087029
20150803221837.718700	24203.800000	121020.000000	-31.878099	-33.526642	267.797020	27.232801	0.744264	0.095853	0.750711	0.107716	37.306314	37.136607	37.477503	145.897505	0.056616	0.061521	0.051669	0.089093
20150803222157.718700	24403.800000	122020.000000	-31.877041	-33.525187	268.236298	27.114053	0.744859	0.096179	0.751222	0.107884	37.296552	37.131583	37.462938	145.854778	0.057321	0.061182	0.053428	0.087018
20150803222517.738300	24603.800000	123020.000000	-31.876097	-33.525092	268.460415	27.290074	0.744689	0.096514	0.751642	0.108547	37.280125	37.121904	37.439648	145.834388	0.058590	0.061957	0.055196	0.085589
20150803222837.750000	24803.800000	124020.000000	-31.874061	-33.525619	268.551521	26.963020	0.745439	0.096407	0.752215	0.108298	37.281973	37.118990	37.446337	145.850961	0.057663	0.061480	0.053815	0.087376
20150803223157.750000	25003.800000	125020.000000	-31.878764	-33.526412	267.864354	26.962578	0.743988	0.096318	0.750463	0.108408	37.286250	37.113317	37.460744	145.801646	0.057968	0.062164	0.053735	0.087279
20150803223517.761700	25203.800000	126020.000000	-31.879855	-33.524296	267.958888	27.291290	0.744075	0.097029	0.749818	0.108933	37.288924	37.102660	37.476974	145.796515	0.056861	0.062449	0.051219	0.088673
20150803223837.769500	25403.800000	127020.000000	-31.880066	-33.527130	267.426182	26.889936	0.743994	0.096308	0.749828	0.107840	37.280967	37.099806	37.463835	145.774051	0.056644	0.061569	0.051676	0.088803
20150803224157.789100	25603.800000	128020.000000	-31.879962	-33.527631	267.771700	27.071706	0.743616	0.096047	0.749368	0.107893	37.275281	37.092460	37.459858	145.740272	0.057437	0.061877	0.052954	0.088274
20150803224517.781200	25803.800000	129020.000000	-31.873483	-33.524961	268.479543	27.146228	0.744894	0.096598	0.750587	0.108153	37.275377	37.085280	37.467362	145.702970	0.056698	0.061822	0.051527	0.084186
20150803224837.800800	26003.800000	130020.000000	-31.877763	-33.522016	267.588935	27.247064	0.743912	0.097028	0.749960	0.108870	37.256184	37.074968	37.439130	145.720864	0.058577	0.062639	0.054478	0.088148
20150803225157.769500	26203.800000	131020.000000	-31.876260	-33.527205	268.053532	26.860968	0.744931	0.096159	0.750758	0.108045	37.260335	37.073750	37.448741	145.733062	0.057005	0.061995	0.051968	0.087938
20150803225517.761700	26403.800000	132020.000000	-31.875098	-33.522982	268.273669	27.062640	0.745040	0.096816	0.751104	0.108749	37.237936	37.058048	37.419527	145.690789	0.058405	0.062579	0.054194	0.088890
20150803225837.761700	26603.800000	133020.000000	-31.873069	-33.523137	268.771657	27.159717	0.746193	0.096557	0.752110	0.108210	37.226514	37.053922	37.400684	145.642189	0.059118	0.062505	0.055700	0.088673
20150803230157.769500	26803.800000	134020.000000	-31.874791	-33.524368	268.579052	26.867602	0.745623	0.096027	0.751519	0.108042	37.235493	37.044710	37.428178	145.708624	0.058131	0.062811	0.053406	0.085492
20150803230517.781200	27003.800000	135020.000000	-31.876743	-33.522317	268.071223	26.978610	0.744263	0.096802	0.749914	0.108900	37.241216	37.040248	37.444295	145.641131	0.057039	0.062334	0.051690	0.087487
20150803230837.800800	27203.800000	136020.000000	-31.874055	-33.521259	268.232649	27.171437	0.745970	0.097555	0.751498	0.109272	37.221405	37.029645	37.415088	145.569702	0.058724	0.063558	0.053844	0.088554
20150803231157.808600	27403.800000	137020.000000	-31.874907	-33.525229	268.483855	27.042185	0.746355	0.096765	0.751975	0.108724	37.221088	37.024115	37.420080	145.618228	0.057718	0.063065	0.052317	0.090003
20150803231517.800800	27603.800000	138020.000000	-31.865728	-33.524448	268.463289	27.216437	0.748544	0.096930	0.754032	0.108972	37.216919	37.013348	37.422642	145.556573	0.057355	0.062988	0.051665	0.088359
20150803231837.820300	27803.800000	139020.000000	-31.873090	-33.521760	268.103508	27.252150	0.747042	0.097273	0.752829	0.109807	37.218017	37.006315	37.432051	145.588505	0.057525	0.063443	0.051544	0.087339
20150803232157.828100	28003.800000	140020.000000	-31.875009	-33.521170	268.191408	27.457913	0.746389	0.097692	0.751956	0.109622	37.188184	36.994250	37.384098	145.524712	0.059206	0.063704	0.054664	0.087757
20150803232517.851600	28203.800000	141020.000000	-31.869516	-33.520571	267.940534	27.505345	0.748335	0.098010	0.753620	0.109913	37.193962	36.989322	37.400795	145.528413	0.058753	0.064170	0.053280	0.090618
20150803232837.839800	28403.800000	142020.000000	-31.874592	-33.521995	267.986308	27.173980	0.747199	0.097236	0.752492	0.109093	37.177946	36.981460	37.376467	145.565393	0.058600	0.063249	0.053902	0.086495
20150803233157.859400	28603.800000	143020.000000	-31.869823	-33.520777	267.971161	27.277690	0.748695	0.097790	0.753840	0.109451	37.168286	36.973638	37.364931	145.473214	0.059818	0.064669	0.054918	0.088480
20150803233517.890600	28803.800000	144020.000000	-31.864214	-33.520830	269.374131	27.270725	0.750936	0.097576	0.756064	0.109145	37.153244	36.963274	37.345126	145.470588	0.059790	0.063665	0.055876	0.087861
20150803233837.878900	29003.800000	145020.000000	-31.867871	-33.521787	267.963642	27.091940	0.748441	0.097318	0.753992	0.109246	37.147986	36.952582	37.345407	145.443962	0.060997	0.065359	0.056592	0.089987
20150803234157.871100	29203.800000	146020.000000	-31.868729	-33.523065	268.348190	27.606624	0.749054	0.098126	0.754683	0.110336	37.147196	36.946595	37.349921	145.403339	0.059950	0.064769	0.055082	0.087364
20150803234517.890600	29403.800000	147020.000000	-31.871662	-33.519888	267.551785	27.280123	0.748226	0.098383	0.754445	0.110655	37.130745	36.943391	37.319946	145.402778	0.060690	0.064390	0.056955	0.088045
20150803234837.898400	29603.800000	148020.000000	-31.871438	-33.520040	267.833507	27.464989	0.748231	0.098168	0.754260	0.110828	37.130445	36.929077	37.333957	145.474288	0.060563	0.065014	0.056066	0.087895
20150803235157.921900	29803.800000	149020.000000	-31.871096	-33.519820	267.743506	27.000612	0.747969	0.097674	0.753657	0.110120	37.128063	36.926243	37.332049	145.434210	0.060678	0.064949	0.056361	0.087854
20150803235517.910200	30003.800000	150020.000000	-31.865687	-33.521161	268.585243	27.211019	0.750417	0.097885	0.756479	0.110330	37.099675	36.904744	37.296619	145.338343	0.062171	0.066161	0.058141	0.090709
20150803235837.921900	30203.800000	151020.000000	-31.870360	-33.520896	267.974589	27.285872	0.748920	0.097942	0.755386	0.110579	37.092017	36.902327	37.283628	145.349960	0.062881	0.066081	0.059650	0.089449
20150804000157.890600	30403.800000	152020.000000	-31.869758	-33.520148	268.115781	27.166129	0.749583	0.097563	0.755879	0.110218	37.078219	36.888881	37.269472	145.359972	0.062820	0.066118	0.059489	0.086990
20150804000517.878900	30603.800000	153020.000000	-31.868247	-33.520085	268.057181	27.396659	0.750162	0.098464	0.757066	0.111152	37.058083	36.882116	37.235719	145.362028	0.063917	0.066031	0.061784	0.088076
20150804000837.878900	30803.800000	154020.000000	-31.874097	-33.518917	267.260223	27.407163	0.748271	0.098660	0.754783	0.111480	37.057357	36.868301	37.248334	145.307922	0.064016	0.066765	0.061240	0.089993
20150804001157.859400	31003.800000	155020.000000	-31.867978	-33.518082	268.061714	27.300356	0.750484	0.099015	0.756560	0.111730	37.067314	36.865625	37.271178	145.339564	0.062928	0.066493	0.059327	0.090461
20150804001517.878900	31203.800000	156020.000000	-31.870226	-33.518342	267.643776	27.275368	0.749198	0.098669	0.755852	0.111698	37.045043	36.851140	37.240961	145.291214	0.064220	0.067410	0.060999	0.090436
20150804001837.898400	31403.800000	157020.000000	-31.865865	-33.518067	268.009527	27.634597	0.750580	0.099336	0.757921	0.112680	37.029625	36.839915	37.221263	145.241486	0.064373	0.066990	0.061731	0.087938
20150804002157.878900	31603.800000	158020.000000	-31.863952	-33.519719	267.784526	27.356634	0.751468	0.098434	0.759057	0.112402	37.024053	36.830943	37.219172	145.219643	0.064584	0.067182	0.061961	0.090485
20150804002517.921900	31803.800000	159020.000000	-31.864164	-33.520699	268.105720	26.980489	0.751878	0.098572	0.759668	0.112529	37.005497	36.822254	37.190553	145.126773	0.065797	0.067549	0.064028	0.088456
20150804002837.910200	32003.800000	160020.000000	-31.862352	-33.520043	267.966959	27.171547	0.752796	0.098169	0.760554	0.112006	36.991430	36.811447	37.173160	145.200546	0.066196	0.067844	0.064532	0.090260
20150804003157.921900	32203.800000	161020.000000	-31.862778	-33.516676	268.028323	27.312187	0.752449	0.099748	0.759889	0.113146	36.984022	36.806290	37.163463	145.170848	0.066302	0.068081	0.064507	0.089381
20150804003517.921900	32403.800000	162020.000000	-31.862572	-33.520714	267.702044	27.346462	0.752241	0.099295	0.759705	0.112603	36.964789	36.792191	37.138999	145.104016	0.067034	0.068360	0.065696	0.090491
20150804003837.929700	32603.800000	163020.000000	-31.865341	-33.518747	267.376649	27.396327	0.751332	0.098987	0.758243	0.111964	36.962638	36.783936	37.143069	145.118744	0.066686	0.068469	0.064888	0.087864
20150804004157.968700	32803.800000	164020.000000	-31.863925	-33.517182	268.091125	27.351106	0.753462	0.099489	0.760604	0.112844	36.958121	36.772888	37.145210	145.150144	0.067121	0.069337	0.064884	0.090413
20150804004517.980500	33003.800000	165020.000000	-31.857056	-33.519271	268.649372	27.084532	0.755416	0.099249	0.762517	0.112759	36.948209	36.756939	37.141457	145.063361	0.066130	0.068594	0.063643	0.088637
20150804004837.949200	33203.800000	166020.000000	-31.864235	-33.518309	267.797462	27.365811	0.753274	0.099228	0.760141	0.112620	36.946362	36.753796	37.140928	145.013486	0.066270	0.068930	0.063583	0.089572
20150804005157.968700	33403.800000	167020.000000	-31.860739	-33.514864	268.323424	27.693971	0.754894	0.099874	0.761773	0.113243	36.933780	36.741437	37.128101	145.178252	0.066051	0.068998	0.063074	0.095134
20150804005517.980500	33603.800000	168020.000000	-31.859205	-33.516756	268.202907	27.391241	0.755131	0.099211	0.761973	0.112932	36.937219	36.725340	37.151492	145.109792	0.065127	0.068952	0.061260	0.092527
20150804005837.988300	33803.800000	169020.000000	-31.859947	-33.516863	267.804981	27.498159	0.755065	0.099474	0.761932	0.112992	36.917787	36.717155	37.120575	145.138407	0.066432	0.069720	0.063111	0.092987
20150804010157.988300	34003.800000	170020.000000	-31.861151	-33.516664	268.305291	27.537631	0.756082	0.100300	0.763288	0.114169	36.912332	36.707668	37.119240	145.113184	0.066784	0.070040	0.063495	0.093668
20150804010517.980500	34203.800000	171020.000000	-31.863508	-33.516521	267.369683	27.422753	0.754259	0.100006	0.761714	0.114446	36.904871	36.698745	37.113286	145.087488	0.067093	0.070361	0.063790	0.092604
20150804010837.980500	34403.800000	172020.000000	-31.860492	-33.518187	267.464217	27.281118	0.755381	0.099447	0.763187	0.113851	36.883501	36.692830	37.076146	145.071063	0.068381	0.070182	0.066560	0.093262
20150804011157.960900	34603.800000	173020.000000	-31.863142	-33.515776	267.916984	27.516734	0.755905	0.100425	0.763726	0.114641	36.865296	36.674440	37.058132	145.021929	0.068997	0.070917	0.067057	0.093707
20150804011517.960900	34803.800000	174020.000000	-31.860039	-33.518625	267.766504	27.214889	0.755826	0.099692	0.763696	0.114028	36.853903	36.664869	37.044886	144.987418	0.068963	0.070522	0.067389	0.092343
20150804011837.968700	35003.800000	175020.000000	-31.863404	-33.516929	267.011560	27.275811	0.754920	0.100107	0.763005	0.114525	36.837695	36.655055	37.022157	145.029132	0.070180	0.071526	0.068821	0.094127
20150804012158.011700	35203.800000	176020.000000	-31.860301	-33.516345	267.324904	27.412691	0.755726	0.100290	0.764206	0.114979	36.823056	36.641246	37.006673	144.978602	0.070693	0.071556	0.069822	0.091144
20150804012518.000000	35403.800000	177020.000000	-31.860653	-33.514396	267.279793	27.800888	0.755909	0.101171	0.764469	0.115933	36.809041	36.626844	36.993052	144.975648	0.071621	0.072390	0.070844	0.095546
20150804012837.988300	35603.800000	178020.000000	-31.863651	-33.518389	267.136500	27.145011	0.754844	0.099715	0.763284	0.114525	36.807595	36.623742	36.993292	144.997739	0.070938	0.071923	0.069944	0.091973
20150804013158.011700	35803.800000	179020.000000	-31.862629	-33.514885	266.953182	27.492851	0.755575	0.100644	0.763915	0.115343	36.794375	36.609881	36.980729	144.915990	0.071438	0.072497	0.070369	0.094833
20150804013518.019500	36003.800000	180020.000000	-31.856731	-33.515722	268.183890	27.174311	0.758304	0.099832	0.767071	0.114752	36.768191	36.597155	36.940829	144.891818	0.071819	0.072175	0.071459	0.091867
20150804013838.019500	36203.800000	181020.000000	-31.857783	-33.514068	267.658260	26.740893	0.757902	0.100481	0.766474	0.115128	36.762116	36.588389	36.937497	144.925525	0.071727	0.072040	0.071411	0.091927
20150804014158.031200	36403.800000	182020.000000	-31.857419	-33.515129	267.907143	27.469633	0.758718	0.101606	0.767209	0.116293	36.753859	36.573019	36.936489	144.857989	0.072584	0.073456	0.071703	0.095412
20150804014518.050800	36603.800000	183020.000000	-31.855378	-33.514333	267.975141	26.911607	0.758967	0.101184	0.767277	0.115743	36.744696	36.561594	36.929634	144.784331	0.071651	0.072693	0.070599	0.093266
20150804014838.058600	36803.800000	184020.000000	-31.855268	-33.514730	267.745386	27.173648	0.758888	0.101644	0.767160	0.116195	36.734328	36.551985	36.918491	144.764690	0.072312	0.073048	0.071569	0.095228
20150804015158.070300	37003.800000	185020.000000	-31.852541	-33.515776	268.304406	27.297703	0.760142	0.100993	0.768712	0.115990	36.728551	36.541952	36.917058	144.755046	0.072506	0.073400	0.071603	0.092880
20150804015518.058600	37203.800000	186020.000000	-31.851963	-33.515364	268.145081	26.919236	0.761081	0.100914	0.769929	0.116208	36.709911	36.529040	36.892574	144.751065	0.072856	0.073722	0.071982	0.091560
20150804015838.078100	37403.800000	187020.000000	-31.854067	-33.514095	268.337134	27.210024	0.760875	0.101632	0.769465	0.116826	36.717549	36.525744	36.911362	144.754508	0.072672	0.074064	0.071266	0.093106
20150804020158.089800	37603.800000	188020.000000	-31.855593	-33.514649	267.942524	26.972971	0.760094	0.101528	0.768702	0.116430	36.690748	36.510094	36.873192	144.714888	0.073238	0.073712	0.072759	0.094003
20150804020518.089800	37803.800000	189020.000000	-31.853080	-33.515248	267.360506	27.037541	0.760939	0.101036	0.769380	0.115981	36.685916	36.499693	36.874037	144.701060	0.074202	0.075225	0.073169	0.093322
20150804020838.140600	38003.800000	190020.000000	-31.854561	-33.514685	267.597227	26.915256	0.760686	0.101685	0.769125	0.116621	36.676655	36.489256	36.865981	144.652945	0.073896	0.074957	0.072824	0.094348
20150804021158.101600	38203.800000	191020.000000	-31.853518	-33.514330	267.408602	27.430603	0.760270	0.102281	0.769425	0.117522	36.647373	36.476326	36.820029	144.625376	0.075965	0.075660	0.076273	0.095130
20150804021518.101600	38403.800000	192020.000000	-31.854952	-33.515236	267.794477	27.332863	0.761018	0.102157	0.770036	0.117393	36.639768	36.464054	36.817178	144.613882	0.075689	0.075676	0.075702	0.093738
20150804021838.101600	38603.800000	193020.000000	-31.852752	-33.513493	267.990178	27.246179	0.761847	0.102139	0.771034	0.117567	36.629205	36.455684	36.804380	144.550956	0.075844	0.075298	0.076397	0.094178
20150804022158.089800	38803.800000	194020.000000	-31.856311	-33.512387	267.731123	27.313071	0.761001	0.102825	0.770214	0.118403	36.619199	36.441461	36.798677	144.531796	0.076271	0.076333	0.076208	0.095210
20150804022518.070300	39003.800000	195020.000000	-31.855128	-33.515537	267.907254	26.953954	0.761710	0.101809	0.770917	0.117510	36.609761	36.429232	36.792084	144.607471	0.076161	0.076101	0.076221	0.093785
20150804022838.070300	39203.800000	196020.000000	-31.852082	-33.513663	268.232207	26.764886	0.763028	0.102674	0.772197	0.118002	36.588172	36.418386	36.759543	144.471319	0.076960	0.076128	0.077799	0.094132
20150804023158.070300	39403.800000	197020.000000	-31.854338	-33.510623	267.633825	27.651513	0.761804	0.103813	0.771019	0.119008	36.569134	36.403595	36.736179	144.475746	0.078155	0.077038	0.079283	0.093077
20150804023518.101600	39603.800000	198020.000000	-31.854102	-33.516163	267.264867	26.500634	0.761639	0.101998	0.771084	0.117321	36.562584	36.394399	36.732325	144.445793	0.077714	0.076753	0.078683	0.094394
20150804023838.089800	39803.800000	199020.000000	-31.851837	-33.513624	267.955792	26.908843	0.763273	0.102566	0.772125	0.118158	36.566550	36.382901	36.752058	144.440373	0.076365	0.076733	0.075995	0.093251
20150804024158.101600	40003.800000	200020.000000	-31.854579	-33.513484	267.569475	27.299251	0.762223	0.103377	0.771217	0.118984	36.551556	36.365443	36.739579	144.414617	0.077571	0.077621	0.077520	0.093790
20150804024518.121100	40203.800000	201020.000000	-31.849102	-33.513025	268.458756	27.010785	0.764981	0.103297	0.773781	0.119073	36.551519	36.356660	36.748468	144.377933	0.076425	0.077196	0.075646	0.092717
20150804024838.128900	40403.800000	202020.000000	-31.848684	-33.513600	268.634556	26.845931	0.765006	0.103084	0.773952	0.118813	36.539131	36.345544	36.734783	144.289918	0.077487	0.078139	0.076828	0.093967
20150804025158.121100	40603.800000	203020.000000	-31.846720	-33.513946	268.884435	26.851127	0.766298	0.103208	0.774845	0.119075	36.529860	36.326574	36.735423	144.281514	0.076615	0.077963	0.075252	0.095395
20150804025518.140600	40803.800000	204020.000000	-31.848202	-33.513657	268.616091	26.628337	0.766337	0.102904	0.774755	0.118810	36.520773	36.314088	36.729813	144.222996	0.077222	0.078518	0.075912	0.094479
20150804025838.160200	41003.800000	205020.000000	-31.852603	-33.513853	267.553001	27.027701	0.764532	0.103559	0.773097	0.119509	36.514100	36.302958	36.727701	144.261932	0.077257	0.078455	0.076045	0.095431
20150804030158.179700	41203.800000	206020.000000	-31.848607	-33.512494	267.551011	27.056338	0.765761	0.103954	0.774593	0.119967	36.495561	36.289877	36.703579	144.246175	0.079131	0.079854	0.078399	0.094127
20150804030518.160200	41403.800000	207020.000000	-31.846220	-33.514145	268.137010	26.822159	0.767216	0.103446	0.776120	0.119673	36.479785	36.273101	36.688823	144.163060	0.078210	0.079057	0.077353	0.094343
20150804030838.171900	41603.800000	208020.000000	-31.847558	-33.512071	267.836824	26.855882	0.766370	0.104045	0.775359	0.120390	36.463291	36.258122	36.670782	144.129241	0.079210	0.080261	0.078148	0.095577
20150804031158.191400	41803.800000	209020.000000	-31.846416	-33.512891	268.443830	26.863953	0.767569	0.103695	0.776779	0.120007	36.440691	36.240644	36.642949	144.114890	0.080168	0.080689	0.079642	0.095391
20150804031518.210900	42003.800000	210020.000000	-31.845051	-33.509148	268.065474	27.284435	0.767673	0.105028	0.777088	0.121577	36.425545	36.225987	36.627307	144.076976	0.080849	0.081280	0.080413	0.096206
20150804031838.191400	42203.800000	211020.000000	-31.845177	-33.510718	268.378264	27.314730	0.768065	0.105043	0.777473	0.121365	36.400406	36.206438	36.596456	144.056207	0.081283	0.081422	0.081141	0.097476
20150804032158.191400	42403.800000	212020.000000	-31.844444	-33.512924	268.843746	26.981374	0.769628	0.104564	0.778739	0.121083	36.396349	36.192056	36.602953	144.020265	0.080235	0.080622	0.079843	0.097410
20150804032518.179700	42603.800000	213020.000000	-31.840590	-33.512658	268.663303	26.919236	0.770103	0.104162	0.779436	0.120691	36.370579	36.173477	36.569834	143.944237	0.081176	0.081128	0.081224	0.095404
20150804032838.179700	42803.800000	214020.000000	-31.844548	-33.510620	268.436754	26.931841	0.769319	0.104767	0.778774	0.121051	36.347722	36.159770	36.537631	143.981361	0.082565	0.081983	0.083153	0.097218
20150804033158.171900	43003.800000	215020.000000	-31.844694	-33.509738	268.188976	27.199410	0.769554	0.104941	0.779059	0.121648	36.342493	36.145335	36.541805	143.951088	0.082329	0.081974	0.082687	0.097057
20150804033518.191400	43203.800000	216020.000000	-31.841863	-33.511335	268.638757	27.009568	0.771128	0.104801	0.780685	0.121480	36.321584	36.128123	36.517120	143.897828	0.082579	0.082220	0.082943	0.094923
20150804033838.199200	43403.800000	217020.000000	-31.842599	-33.512095	268.386004	27.185810	0.770573	0.105325	0.780383	0.122211	36.305614	36.111293	36.502032	143.842327	0.083434	0.083032	0.083840	0.095489
20150804034158.218700	43603.800000	218020.000000	-31.842128	-33.510593	268.172059	26.826471	0.771096	0.105069	0.781010	0.122187	36.290829	36.092686	36.491153	143.775588	0.083489	0.083337	0.083642	0.096873
20150804034518.199200	43803.800000	219020.000000	-31.836981	-33.509550	268.190524	27.251597	0.772259	0.105821	0.782254	0.122952	36.271216	36.077673	36.466838	143.778498	0.084935	0.084587	0.085286	0.098958
20150804034838.218700	44003.800000	220020.000000	-31.839893	-33.509666	268.100855	27.129974	0.772401	0.105443	0.782245	0.122366	36.250629	36.060601	36.442660	143.762574	0.085400	0.084405	0.086405	0.096848
20150804035158.230500	44203.800000	221020.000000	-31.837640	-33.508704	267.879944	26.957381	0.773192	0.106141	0.782940	0.123008	36.236332	36.043985	36.430734	143.665773	0.085829	0.085788	0.085870	0.099176
20150804035518.238300	44403.800000	222020.000000	-31.836388	-33.509151	267.941972	26.937811	0.773299	0.106579	0.782392	0.123108	36.223452	36.025538	36.423544	143.567557	0.086583	0.086882	0.086281	0.099290
20150804035838.238300	44603.800000	223020.000000	-31.833926	-33.507842	268.114123	27.124446	0.774873	0.106604	0.783976	0.123276	36.198758	35.995489	36.404326	143.454337	0.087013	0.087670	0.086348	0.100819
20150804040158.250000	44803.800000	224020.000000	-31.830058	-33.508310	268.297441	26.756925	0.775741	0.106432	0.784356	0.122558	36.177377	35.971245	36.385875	143.337357	0.087296	0.087845	0.086740	0.099016
20150804040518.261700	45003.800000	225020.000000	-31.829218	-33.507342	268.201580	27.044728	0.776531	0.107064	0.785182	0.123184	36.150325	35.947065	36.355888	143.270916	0.088421	0.088352	0.088492	0.100895
20150804040838.281200	45203.800000	226020.000000	-31.830022	-33.507985	268.113238	27.113500	0.777042	0.107177	0.785207	0.123321	36.133088	35.920655	36.348038	143.156770	0.088761	0.089101	0.088416	0.099781
20150804041158.269500	45403.800000	227020.000000	-31.827447	-33.508614	268.414751	27.179066	0.777967	0.107579	0.786335	0.123898	36.103162	35.888100	36.320809	143.052912	0.090122	0.090476	0.089763	0.100223
20150804041518.281200	45603.800000	228020.000000	-31.828687	-33.504770	267.851308	27.528564	0.777251	0.108700	0.785275	0.124867	36.087349	35.865112	36.312343	143.007503	0.090368	0.091275	0.089449	0.100280
20150804041838.300800	45803.800000	229020.000000	-31.823194	-33.507306	268.452122	27.029470	0.779569	0.107645	0.787361	0.124023	36.068917	35.839470	36.301302	142.933559	0.089886	0.091151	0.088604	0.101239
20150804042158.308600	46003.800000	230020.000000	-31.822649	-33.506418	268.612553	27.197420	0.780772	0.108494	0.788376	0.124767	36.041983	35.809618	36.277368	142.800743	0.090731	0.091776	0.089672	0.101987
20150804042518.300800	46203.800000	231020.000000	-31.817544	-33.504707	269.206070	27.035772	0.782116	0.109141	0.789518	0.125348	36.015648	35.779919	36.254485	142.738614	0.091204	0.091889	0.090510	0.101320
20150804042838.320300	46403.800000	232020.000000	-31.819866	-33.504302	267.971050	27.108856	0.781017	0.108813	0.788249	0.125290	36.003534	35.758427	36.252001	142.668195	0.091975	0.092916	0.091020	0.104890
20150804043158.328100	46603.800000	233020.000000	-31.818080	-33.503113	268.424149	27.287862	0.782380	0.109056	0.789495	0.125580	35.972954	35.723157	36.226237	142.478228	0.093107	0.093838	0.092365	0.104955
20150804043518.371100	46803.800000	234020.000000	-31.816617	-33.501465	268.104172	27.324570	0.782618	0.110034	0.789026	0.126233	35.947122	35.682265	36.215899	142.274239	0.093861	0.095014	0.092691	0.107188
20150804043838.339800	47003.800000	235020.000000	-31.813232	-33.502821	267.894871	26.919568	0.783487	0.109613	0.789523	0.126166	35.921383	35.644296	36.202764	142.060513	0.094852	0.095639	0.094052	0.105094
20150804044158.351600	47203.800000	236020.000000	-31.801227	-33.497590	268.499997	27.376647	0.786072	0.110708	0.792075	0.127481	35.882311	35.596757	36.172437	141.596217	0.096465	0.096352	0.096579	0.108574
20150804044518.390600	47403.800000	237020.000000	-31.799153	-33.498657	268.048336	27.634707	0.785923	0.111028	0.791491	0.127873	35.858562	35.563984	36.158018	141.294901	0.096665	0.096494	0.096840	0.110442
20150804044838.390600	47603.800000	238020.000000	-31.794426	-33.497397	268.294787	27.384386	0.787967	0.111334	0.793200	0.128465	35.832969	35.522622	36.148738	141.120469	0.097520	0.097416	0.097627	0.109352
20150804045158.390600	47803.800000	239020.000000	-31.786639	-33.496917	268.731633	27.155847	0.790064	0.110830	0.795071	0.127854	35.801969	35.480448	36.129306	140.888729	0.098487	0.097681	0.099307	0.108641
20150804045518.390600	48003.800000	240020.000000	-31.785909	-33.495847	268.743574	26.833216	0.791457	0.110945	0.795673	0.128211	35.767305	35.430747	36.110252	140.691299	0.099669	0.098854	0.100500	0.110150
20150804045838.429700	48203.800000	241020.000000	-31.790364	-33.493314	267.629181	27.654941	0.789985	0.112187	0.793636	0.129378	35.725298	35.365680	36.092228	140.414568	0.099953	0.099798	0.100112	0.111646
20150804050158.421900	48403.800000	242020.000000	-31.779945	-33.494920	268.347859	27.235233	0.793285	0.111555	0.797181	0.129771	35.686638	35.313712	36.067447	140.072187	0.100955	0.100106	0.101822	0.112559
20150804050425.011700	48550.400000	242753.000000	-31.764564	-33.494276	268.558155	27.112173	0.795510	0.110956	0.800871	0.130760	35.619249	35.248244	35.998065	139.371606	0.102052	0.099399	0.104761	0.112550
20150804050745.031200	48750.400000	243753.000000	-31.765038	-33.490283	268.065695	27.482569	0.794658	0.112281	0.799831	0.132912	35.589374	35.194084	35.993552	139.047970	0.102568	0.099868	0.105329	0.114247
20150804050948.429700	48873.800000	244370.000000	-31.757886	-33.488650	267.451502	27.398649	0.795016	0.112094	0.800710	0.133721	35.517021	35.111648	35.931771	138.352371	0.104819	0.101392	0.108328	0.115787
20150804051308.441400	49073.800000	245370.000000	-31.750295	-33.485085	267.590483	27.377089	0.797051	0.112545	0.802863	0.135020	35.452974	35.036572	35.879285	137.983713	0.105396	0.101386	0.109505	0.114365
20150804051628.449200	49273.800000	246370.000000	-31.748274	-33.483714	267.312742	27.353096	0.797100	0.113193	0.803416	0.136277	35.403636	34.979311	35.838260	137.681376	0.106450	0.102312	0.110693	0.114977
20150804051948.468700	49473.800000	247370.000000	-31.737292	-33.486110	267.608726	27.429387	0.800296	0.112543	0.806682	0.136315	35.360871	34.926826	35.805719	137.318889	0.107257	0.103347	0.111268	0.116582
20150804052308.460900	49673.800000	248370.000000	-31.736106	-33.483530	267.307545	27.606734	0.801305	0.113109	0.807464	0.137141	35.328275	34.885225	35.782607	137.020051	0.107868	0.104001	0.111839	0.116348
20150804052628.468700	49873.800000	249370.000000	-31.731642	-33.480976	266.798721	26.895796	0.800968	0.113333	0.806140	0.137120	35.269059	34.805789	35.744716	136.639548	0.108779	0.105531	0.112119	0.116924
20150804052948.488300	50073.800000	250370.000000	-31.721154	-33.479867	267.883925	27.371892	0.806285	0.114398	0.810711	0.138168	35.206114	34.728442	35.696987	136.249413	0.109980	0.106724	0.113329	0.120743
20150804053236.898400	50242.200000	251212.000000	-31.707204	-33.478261	267.970608	27.488097	0.807663	0.115012	0.811690	0.139146	35.175944	34.678822	35.687424	135.546701	0.111483	0.108864	0.114181	0.120981
20150804053340.691400	50306.000000	251531.000000	-31.693024	-33.473081	268.181125	27.171216	0.811119	0.115830	0.813696	0.139487	35.133996	34.614082	35.669681	134.861261	0.113143	0.111028	0.115325	0.124011
20150804053540.500000	50425.800000	252130.000000	-31.685195	-33.471984	267.798236	27.254472	0.812958	0.116049	0.816445	0.140519	35.037463	34.522538	35.567894	134.181346	0.116611	0.113743	0.119567	0.124456
20150804053842.050800	50607.400000	253038.000000	-31.668997	-33.467338	267.969060	26.832110	0.817290	0.118033	0.820636	0.142350	34.917613	34.407680	35.442814	133.498482	0.120257	0.117647	0.122948	0.127654
20150804053929.839800	50655.200000	253277.000000	-31.652195	-33.459762	268.073987	27.510763	0.820341	0.120677	0.822787	0.144739	34.832563	34.303670	35.377942	132.654265	0.125642	0.123337	0.128021	0.142497
20150804054022.421900	50707.800000	253540.000000	-31.647522	-33.461348	267.900399	27.514965	0.823983	0.121767	0.825679	0.145183	34.669870	34.144808	35.211287	131.979783	0.127606	0.126045	0.129216	0.131239
20150804054129.628900	50775.000000	253876.000000	-31.630865	-33.457864	268.537368	27.669204	0.833891	0.124264	0.833785	0.146304	34.394500	33.859596	34.946530	131.317566	0.131650	0.130931	0.132391	0.133406
20150804054340.398400	50905.800000	254530.000000	-31.627819	-33.453304	267.078563	27.019409	0.836711	0.125985	0.835397	0.147661	34.182558	33.632024	34.751351	130.634696	0.133696	0.133910	0.133475	0.135653
20150804054441.410200	50966.800000	254835.000000	-31.610594	-33.447868	267.639353	27.394116	0.845026	0.128205	0.834957	0.146639	34.052951	33.370850	34.763326	129.977362	0.134853	0.140509	0.128962	0.139630
20150804054518.808600	51004.200000	255022.000000	-31.603611	-33.446092	267.214006	27.240651	0.850726	0.130167	0.831079	0.144953	33.947454	33.116754	34.820360	129.316742	0.136150	0.148564	0.123114	0.145436
20150804054523.441400	51008.800000	255045.000000	-31.586668	-33.443219	267.152974	27.235012	0.855834	0.132110	0.830616	0.144802	33.888108	32.977137	34.850095	128.655583	0.137289	0.152579	0.121153	0.148926
20150804054531.398400	51016.800000	255085.000000	-31.572670	-33.440462	267.932463	27.234901	0.864051	0.133353	0.829730	0.142798	33.794294	32.746982	34.909665	127.998731	0.138366	0.157834	0.117658	0.150483
20150804054532.828100	51018.200000	255092.000000	-31.566531	-33.434844	267.143244	27.523368	0.866667	0.136127	0.825979	0.142807	33.718165	32.576813	34.940776	127.352057	0.138007	0.161508	0.112876	0.159985
20150804054537.808600	51023.200000	255117.000000	-31.545267	-33.433232	268.349959	27.591144	0.873561	0.135694	0.824835	0.139409	33.695919	32.446976	35.043093	126.693411	0.132014	0.156067	0.106120	0.158075
20150804054544.398400	51029.800000	255150.000000	-31.541431	-33.430061	267.201844	27.287752	0.872410	0.136265	0.815675	0.136789	33.764468	32.397985	35.249164	126.059430	0.126342	0.152919	0.097523	0.158523
20150804054554.210900	51039.600000	255199.000000	-31.528375	-33.426920	267.759980	27.245958	0.875099	0.137434	0.807974	0.134477	33.865215	32.328610	35.552285	125.400292	0.123809	0.155550	0.089045	0.158805
20150804054603.621100	51049.000000	255246.000000	-31.509337	-33.424888	268.306065	27.180392	0.880731	0.138052	0.801791	0.131514	33.925679	32.206637	35.835386	124.772904	0.119294	0.152007	0.083047	0.159314
20150804054609.609400	51055.000000	255276.000000	-31.505236	-33.421147	267.530556	27.319153	0.878427	0.138030	0.792815	0.129323	33.990208	32.150282	36.049855	124.134405	0.113386	0.148722	0.073954	0.163225
20150804054615.000000	51060.400000	255303.000000	-31.488821	-33.415166	267.660582	27.329325	0.879085	0.137476	0.784723	0.127097	34.170567	32.158012	36.447367	123.511815	0.107456	0.146171	0.063796	0.169177
20150804054618.808600	51064.200000	255322.000000	-31.471709	-33.412743	268.332048	27.559301	0.879487	0.136832	0.776210	0.123860	34.333161	32.160900	36.814185	122.843062	0.097728	0.142018	0.047307	0.171776
20150804054622.589800	51068.000000	255341.000000	-31.461254	-33.409176	267.702818	27.530554	0.876785	0.135391	0.764793	0.119695	34.509837	32.170099	37.209419	122.206114	0.088829	0.136682	0.033832	0.174099
20150804054625.988300	51071.400000	255358.000000	-31.445438	-33.405737	267.639021	27.636919	0.874791	0.134485	0.755688	0.116820	34.738174	32.250725	37.633568	121.570686	0.078290	0.127635	0.021111	0.180936
20150804054628.019500	51073.400000	255368.000000	-31.436211	-33.402217	267.721172	27.648639	0.871305	0.134402	0.747782	0.115906	34.892666	32.299856	37.930014	120.934136	0.076500	0.125481	0.019376	0.188457
20150804054629.000000	51074.400000	255373.000000	-31.422109	-33.396233	267.017531	27.476488	0.872566	0.134347	0.739691	0.114497	34.981981	32.189518	38.284492	120.140219	0.063719	0.144414	-0.031564	0.207595
20150804054629.210900	51074.600000	255374.000000	-31.409747	-33.394000	265.737732	27.723492	0.877885	0.135342	0.725331	0.113957	35.066399	31.982814	38.772388	119.317059	0.056685	0.162993	-0.072432	0.240918
20150804054629.601600	51075.000000	255376.000000	-31.380433	-33.381501	267.458910	28.678780	0.881090	0.138478	0.724267	0.114107	35.218099	31.966758	39.192940	118.388635	0.060594	0.121243	-0.013221	0.218270
20150804054630.000000	51075.400000	255378.000000	-31.372461	-33.375252	266.560452	28.348962	0.877772	0.138519	0.717503	0.113673	35.363185	31.997459	39.508425	117.768916	0.058676	0.115292	-0.010638	0.221544
20150804054630.601600	51076.000000	255381.000000	-31.353182	-33.369774	267.399978	28.830034	0.875560	0.137621	0.712163	0.112473	35.555988	32.104831	39.830560	116.953197	0.061859	0.105892	0.007676	0.226693
20150804054631.000000	51076.400000	255383.000000	-31.327275	-33.362550	265.433676	28.925342	0.884581	0.139178	0.719290	0.114298	35.117365	31.714759	39.331200	115.404603	0.113026	0.153027	0.063741	0.254669
20150804054631.398400	51076.800000	255385.000000	-31.305713	-33.353824	265.620421	29.467336	0.884018	0.142771	0.720444	0.117548	35.083694	31.711758	39.249540	114.421984	0.067422	0.116000	0.007697	0.253498
20150804054631.609400	51077.000000	255386.000000	-31.289578	-33.345145	263.536477	29.511673	0.877521	0.144654	0.714330	0.118504	35.221093	31.774640	39.438211	112.188735	0.119231	0.258110	-0.051592	0.517671
20150804054631.941400	51077.200000	255387.000000	-28.798986	-33.289427	249.503796	-38.854483	1.069662	-2.961241	0.851822	-1.023638	16.270432	12.075140	11.430387	-25.469590	-1.548872	-1.692127	-1.240974	2.531027
20150804054632.011700	51077.400000	255387.000000	-25.763947	-28.782586	9.485551	-1.067015	0.134372	0.130937	-0.937272	-0.941333	23.206263	18.122466	19.952430	-0.293408	0.931631	-0.805787	2.400828	-1.068391
